27, 125, pa2-debug-e-output1.txt
  190.92,   197.50,   192.10
  396.36,   401.28,   192.67
   97.07,    99.74,   101.10
   95.11,   102.58,   225.64
   94.12,   105.03,   350.47
   97.56,   224.69,    98.76
   96.01,   227.03,   223.53
   94.38,   229.86,   348.04
   98.97,   349.38,    96.19
   96.86,   351.46,   220.85
   95.50,   354.99,   345.90
  221.88,    99.51,   103.07
  220.83,   101.65,   228.03
  219.18,   104.63,   352.30
  222.26,   224.82,   101.14
  220.98,   226.50,   225.77
  219.40,   229.77,   349.80
  223.93,   348.85,    99.06
  221.57,   351.78,   223.98
  220.21,   355.56,   348.11
  348.50,    98.76,   105.83
  347.17,    99.97,   230.91
  344.57,   103.80,   354.90
  348.69,   224.64,   103.24
  347.04,   226.50,   227.96
  344.76,   229.66,   351.47
  348.21,   349.37,   101.17
  345.35,   352.79,   225.70
  344.68,   354.92,   349.17
  100.65,   100.77,   224.44
  103.12,   100.22,   349.29
  104.93,    99.64,   474.25
   98.95,   225.21,   225.37
  100.74,   225.07,   349.89
  102.57,   224.96,   475.13
   97.31,   349.67,   225.72
   99.36,   350.24,   350.83
  101.05,   350.11,   476.16
  226.39,   102.26,   223.51
  228.15,   102.28,   347.80
  229.68,   102.83,   473.11
  223.98,   227.20,   224.23
  225.83,   227.44,   348.25
  227.52,   228.09,   473.27
  222.00,   352.50,   225.43
  224.04,   353.25,   349.56
  225.97,   353.07,   474.06
  352.78,   103.06,   222.98
  353.61,   103.85,   347.03
  354.56,   104.82,   471.46
  349.98,   229.78,   223.02
  351.17,   229.85,   346.55
  352.38,   230.03,   470.82
  345.70,   356.03,   223.75
  348.48,   355.13,   347.22
  350.80,   354.40,   471.46
   99.09,    99.82,   349.34
  101.56,    97.71,   474.23
  103.27,    96.37,   600.12
   97.78,   224.66,   351.41
  100.25,   223.01,   476.61
  102.53,   221.73,   602.50
   97.46,   349.84,   353.82
   99.78,   348.18,   479.15
  101.21,   345.08,   604.57
  224.13,   100.86,   347.18
  226.34,    99.89,   472.49
  228.60,    98.45,   598.48
  222.85,   226.00,   349.12
  225.20,   225.16,   474.14
  227.26,   223.42,   600.25
  222.15,   351.84,   351.90
  224.71,   350.14,   476.40
  226.13,   346.94,   601.73
  349.57,   101.40,   345.78
  351.21,   100.85,   470.25
  353.66,    99.16,   595.41
  348.21,   227.36,   346.79
  350.06,   226.09,   471.04
  352.38,   223.92,   596.48
  346.62,   352.67,   348.93
  349.54,   350.48,   473.15
  351.38,   348.93,   598.78
  101.94,   100.02,   473.76
   98.04,   101.45,   599.54
   94.02,   102.92,   725.65
  104.61,   225.40,   473.40
  101.30,   226.75,   599.22
   97.65,   228.54,   724.97
  108.15,   350.66,   473.16
  103.98,   350.19,   598.54
   99.46,   349.22,   723.66
  226.69,    98.25,   477.67
  223.33,    99.61,   603.65
  219.93,   100.20,   729.52
  229.48,   223.49,   476.48
  225.96,   224.52,   602.65
  222.27,   224.42,   728.93
  232.96,   348.40,   475.94
  228.82,   348.06,   601.30
  223.78,   347.20,   726.99
  351.51,    95.24,   481.06
  348.39,    96.31,   606.23
  345.38,    96.22,   731.59
  354.28,   220.43,   478.99
  351.05,   221.02,   604.51
  348.04,   220.91,   730.65
  357.75,   344.77,   478.28
  353.98,   346.09,   604.00
  349.65,   347.96,   730.45
   98.09,   100.08,   599.49
   96.19,   101.37,   725.67
   93.80,   100.80,   849.60
  100.30,   225.42,   599.29
   98.74,   227.03,   725.13
   97.71,   228.27,   849.55
  101.92,   348.89,   598.77
   99.50,   347.76,   723.94
   97.88,   348.79,   848.11
  223.44,    99.29,   601.47
  222.15,    99.67,   727.36
  220.89,   100.68,   852.15
  225.02,   224.25,   600.60
  223.44,   223.95,   726.92
  222.61,   224.43,   851.02
  226.83,   347.81,   599.41
  223.90,   346.76,   725.14
  222.15,   347.33,   849.51
  348.54,    97.06,   601.92
  347.66,    96.77,   727.31
  346.45,    97.40,   852.46
  350.15,   221.81,   600.34
  349.24,   221.50,   726.49
  348.04,   221.69,   851.72
  352.05,   346.83,   599.97
  349.83,   348.52,   726.45
  348.30,   349.18,   851.89
   98.59,   224.40,   101.36
   98.04,   223.92,   226.14
   97.44,   223.90,   350.68
   98.60,   349.05,   101.61
   97.56,   348.38,   226.32
   97.21,   349.07,   351.41
   97.91,   473.70,   101.80
   96.81,   473.70,   226.83
   96.49,   474.57,   351.82
  223.34,   225.86,   102.71
  223.09,   224.72,   227.35
  222.53,   225.12,   351.40
  223.56,   349.91,   103.50
  222.26,   350.07,   228.38
  221.93,   350.95,   352.52
  223.03,   474.05,   103.85
  221.59,   474.87,   228.99
  221.05,   476.07,   353.16
  349.75,   227.06,   103.78
  349.15,   226.06,   228.52
  347.89,   226.35,   352.07
  347.79,   351.87,   104.58
  346.08,   352.38,   229.06
  346.45,   351.63,   352.56
  346.12,   476.54,   105.10
  344.00,   477.43,   229.27
  344.98,   476.42,   352.77
  100.72,   224.16,   225.03
  103.49,   222.30,   349.51
  106.32,   220.52,   474.72
   98.02,   348.58,   227.16
  101.04,   347.45,   352.23
  103.71,   345.61,   477.52
   95.02,   473.89,   229.57
   98.10,   472.86,   354.58
  100.56,   470.83,   479.69
  225.75,   227.27,   222.98
  228.57,   225.76,   346.95
  231.22,   224.69,   471.90
  222.67,   352.54,   225.93
  225.69,   351.55,   350.00
  228.59,   349.63,   474.46
  219.78,   477.26,   228.44
  222.57,   476.62,   352.56
  225.20,   474.35,   476.72
  351.69,   230.99,   220.84
  353.88,   229.30,   344.34
  356.06,   227.76,   468.55
  346.31,   357.19,   223.33
  350.09,   354.55,   346.75
  353.39,   352.09,   470.93
  342.09,   482.12,   225.45
  346.37,   479.28,   348.88
  350.07,   476.64,   473.25
   99.45,   224.25,   347.90
   99.60,   226.26,   473.11
   99.56,   228.53,   598.97
   97.08,   349.33,   346.60
   97.12,   351.37,   471.94
   96.27,   352.01,   597.38
   94.21,   474.75,   344.94
   94.06,   476.73,   470.10
   93.24,   476.66,   595.31
  224.52,   227.59,   347.89
  224.55,   230.42,   472.93
  224.25,   232.27,   599.05
  221.77,   353.36,   347.01
  222.03,   355.39,   471.53
  221.14,   355.79,   596.80
  218.77,   478.41,   345.62
  218.72,   480.18,   469.80
  218.04,   480.31,   594.57
  349.85,   230.98,   347.81
  349.41,   233.33,   472.09
  349.36,   234.85,   597.60
  346.20,   356.23,   346.31
  346.85,   357.68,   470.55
  346.34,   359.79,   596.20
  342.53,   481.01,   344.51
  343.56,   482.27,   468.87
  342.98,   484.80,   594.86
  101.48,   224.07,   474.58
  104.20,   222.37,   600.47
  106.54,   220.92,   726.38
  101.54,   349.25,   477.52
  103.41,   345.71,   602.91
  104.84,   341.59,   728.03
  101.02,   474.56,   479.79
  102.89,   470.07,   604.84
  104.68,   464.47,   729.64
  226.42,   225.67,   471.63
  228.94,   223.54,   597.70
  231.39,   220.25,   723.98
  226.45,   350.66,   474.30
  228.35,   347.10,   599.59
  229.43,   343.20,   725.32
  225.71,   475.41,   476.66
  227.77,   471.55,   601.48
  229.25,   467.85,   726.97
  351.28,   226.10,   468.09
  354.05,   223.55,   593.48
  357.14,   220.21,   719.51
  351.28,   350.48,   470.58
  353.59,   348.53,   596.17
  355.35,   347.29,   722.60
  350.63,   475.04,   473.01
  352.80,   473.68,   599.04
  353.95,   473.57,   725.89
   98.97,   227.08,   601.53
   96.35,   224.35,   727.26
   94.25,   221.15,   851.64
  101.18,   350.40,   605.54
   97.74,   344.99,   730.62
   95.18,   342.03,   854.72
  103.71,   474.69,   608.92
  100.51,   467.74,   733.77
   97.71,   464.36,   858.27
  223.65,   225.19,   603.91
  221.01,   220.49,   730.16
  219.25,   216.69,   854.13
  226.03,   348.57,   607.22
  222.01,   343.08,   732.88
  219.37,   339.38,   856.97
  228.51,   472.98,   610.57
  224.94,   467.71,   736.00
  222.14,   464.36,   860.97
  348.77,   222.01,   604.65
  346.79,   217.18,   730.74
  344.54,   212.89,   855.79
  351.26,   347.04,   608.83
  347.96,   344.14,   735.21
  345.51,   340.00,   860.37
  353.45,   472.29,   613.26
  349.56,   470.54,   739.97
  346.94,   466.58,   864.57
   99.58,   351.37,   101.64
   96.82,   352.07,   226.31
   94.78,   354.09,   351.38
   97.06,   476.02,   100.42
   94.22,   477.40,   225.38
   92.19,   479.55,   350.30
   93.56,   601.09,    99.44
   91.04,   602.70,   224.38
   88.67,   604.79,   348.89
  224.48,   354.04,   105.24
  221.49,   355.60,   230.09
  219.47,   357.87,   354.22
  222.12,   478.17,   104.14
  219.02,   480.33,   229.25
  216.74,   482.92,   353.41
  218.54,   603.45,   102.32
  215.85,   605.08,   227.13
  212.85,   607.34,   351.45
  348.52,   357.94,   108.01
  345.15,   359.75,   232.41
  343.91,   360.33,   355.90
  345.10,   482.55,   107.09
  341.39,   484.71,   231.20
  340.61,   485.11,   354.70
  342.36,   607.41,   105.54
  339.16,   609.04,   229.56
  337.18,   609.90,   352.87
  102.19,   350.99,   224.52
  101.77,   352.97,   349.57
  100.99,   354.16,   474.88
  100.14,   476.26,   223.81
   99.69,   478.40,   348.76
   98.69,   479.50,   473.85
   97.44,   601.56,   222.91
   96.60,   603.56,   347.50
   95.93,   604.82,   472.17
  226.87,   354.10,   226.62
  226.46,   356.15,   350.74
  225.90,   357.28,   475.25
  224.82,   478.84,   225.97
  224.18,   481.21,   350.13
  223.34,   482.06,   474.33
  222.15,   603.59,   224.07
  220.78,   605.66,   348.36
  219.76,   606.90,   472.84
  350.56,   357.81,   227.34
  350.91,   358.17,   350.82
  350.74,   358.79,   475.11
  347.16,   482.80,   226.33
  348.05,   482.94,   349.80
  348.25,   483.40,   474.26
  345.44,   607.14,   224.93
  345.18,   607.76,   348.18
  344.70,   608.63,   472.84
  102.08,   349.48,   350.76
  104.85,   348.71,   476.06
  106.67,   346.32,   601.46
  101.51,   474.96,   352.06
  104.05,   474.01,   477.12
  105.87,   470.73,   602.15
   99.89,   600.13,   352.85
  102.70,   599.31,   477.52
  105.35,   596.77,   602.19
  226.75,   351.18,   348.39
  229.75,   350.31,   472.86
  231.64,   348.00,   598.16
  225.96,   476.29,   349.87
  228.71,   475.09,   474.02
  230.75,   472.50,   598.87
  224.05,   600.79,   350.17
  226.61,   599.94,   474.61
  229.56,   598.21,   599.83
  351.19,   351.82,   345.00
  354.58,   350.39,   469.18
  356.87,   349.68,   594.79
  349.80,   476.59,   346.04
  353.64,   474.96,   470.40
  355.78,   474.84,   596.45
  348.44,   601.41,   346.48
  351.64,   600.18,   471.07
  354.10,   599.82,   597.77
  101.87,   349.79,   473.82
  101.70,   348.83,   599.26
  101.10,   347.22,   724.42
  102.01,   475.16,   473.49
  101.83,   473.37,   598.60
  101.59,   470.38,   723.48
  101.58,   600.48,   472.52
  102.22,   599.40,   597.21
  102.41,   598.00,   722.14
  226.80,   350.51,   472.67
  226.64,   349.50,   598.01
  225.59,   348.06,   723.74
  226.70,   475.30,   472.45
  226.71,   474.04,   597.30
  226.16,   472.79,   722.79
  225.52,   600.15,   471.64
  226.44,   599.79,   596.86
  227.19,   598.86,   722.64
  351.66,   349.64,   471.02
  351.89,   350.26,   596.69
  351.51,   351.58,   723.18
  351.65,   474.21,   470.85
  351.74,   475.40,   596.92
  350.82,   477.75,   723.81
  350.58,   599.42,   470.13
  351.00,   600.40,   596.83
  350.77,   601.62,   724.19
   98.82,   350.74,   600.11
   99.12,   350.43,   725.25
  100.14,   352.24,   849.35
   96.33,   475.33,   598.22
   97.00,   473.74,   723.09
   98.02,   475.12,   847.66
   94.09,   601.32,   595.48
   95.02,   601.43,   720.40
   96.02,   602.91,   845.60
  223.72,   354.01,   597.96
  223.51,   353.83,   723.62
  224.46,   355.34,   848.07
  221.16,   478.54,   595.95
  221.55,   478.51,   721.36
  222.46,   480.33,   846.63
  218.26,   604.31,   594.18
  219.96,   604.65,   719.86
  221.11,   605.72,   845.00
  348.94,   357.44,   595.76
  349.36,   360.18,   722.25
  350.48,   361.97,   847.78
  346.12,   482.48,   594.65
  346.11,   486.02,   721.51
  346.85,   488.21,   846.68
  342.71,   607.45,   593.19
  343.51,   609.75,   720.50
  344.42,   612.03,   845.20
   99.26,   475.99,   102.32
   95.28,   475.73,   227.25
   92.11,   476.20,   352.13
   97.42,   601.11,   103.03
   93.76,   601.04,   227.94
   90.25,   601.49,   352.44
   95.08,   727.07,   103.51
   91.01,   726.71,   228.60
   87.75,   726.51,   353.10
  224.24,   476.54,   107.23
  220.05,   477.05,   232.27
  216.67,   477.93,   356.40
  222.33,   601.80,   107.13
  218.50,   601.84,   231.87
  214.41,   602.41,   356.16
  220.07,   727.93,   106.58
  216.83,   726.64,   231.39
  212.23,   726.26,   355.91
  347.11,   479.38,   111.32
  342.46,   479.71,   235.34
  340.60,   478.39,   358.85
  346.02,   604.22,   111.53
  341.78,   604.12,   235.38
  338.78,   603.23,   358.71
  345.32,   729.18,   111.08
  341.66,   728.17,   235.57
  337.03,   727.95,   358.63
  102.00,   475.27,   227.20
  104.48,   476.54,   352.18
  106.36,   476.69,   477.20
   98.92,   600.57,   227.25
  100.99,   601.65,   351.86
  103.16,   601.93,   476.53
   94.60,   726.27,   227.33
   96.95,   726.48,   351.91
   99.95,   726.26,   475.87
  226.61,   478.25,   226.43
  228.87,   479.66,   350.54
  230.98,   479.53,   474.72
  223.58,   602.99,   225.52
  225.11,   604.12,   349.77
  227.02,   604.38,   474.24
  220.45,   727.80,   224.51
  221.46,   727.97,   348.99
  223.09,   728.93,   473.84
  348.91,   482.59,   223.90
  352.71,   481.76,   347.32
  355.91,   481.23,   471.73
  346.83,   606.91,   223.50
  349.51,   606.57,   346.71
  352.02,   606.46,   471.33
  345.34,   730.89,   223.19
  346.42,   731.26,   346.21
  347.82,   731.93,   470.76
  102.64,   476.71,   351.33
  102.16,   474.70,   476.39
  100.97,   470.44,   601.50
   99.63,   601.84,   353.11
   99.46,   599.98,   477.79
   99.08,   596.40,   602.51
   96.08,   726.67,   355.24
   96.75,   724.33,   479.14
   96.42,   722.67,   603.45
  227.09,   479.39,   352.14
  226.82,   477.13,   476.35
  225.83,   473.42,   601.21
  223.78,   603.85,   353.44
  223.35,   601.97,   477.95
  223.32,   599.14,   603.17
  220.55,   727.70,   354.74
  219.90,   726.56,   479.64
  220.37,   725.37,   605.39
  351.01,   480.98,   351.33
  351.76,   478.38,   475.80
  350.81,   477.23,   601.92
  348.23,   605.79,   352.77
  348.34,   603.59,   477.51
  347.78,   602.16,   604.28
  345.50,   730.52,   354.30
  344.59,   729.04,   479.05
  344.60,   726.82,   606.30
  102.84,   475.04,   476.38
  100.13,   469.68,   601.48
   97.37,   463.27,   726.38
  105.43,   600.25,   478.95
  103.57,   595.56,   603.62
  101.22,   590.55,   728.54
  107.95,   724.53,   481.56
  106.26,   721.94,   605.90
  104.26,   719.63,   730.62
  227.49,   472.05,   477.74
  224.95,   467.22,   602.59
  221.79,   462.33,   728.00
  229.39,   596.83,   480.48
  227.81,   592.88,   605.72
  225.95,   588.35,   731.40
  231.19,   721.48,   483.27
  230.18,   719.03,   609.14
  229.62,   715.25,   734.69
  352.43,   467.92,   478.61
  349.93,   465.68,   604.68
  346.50,   464.39,   731.39
  354.48,   593.03,   481.50
  352.29,   590.64,   608.29
  349.42,   588.52,   735.44
  356.10,   718.49,   484.18
  354.50,   715.13,   611.54
  353.19,   711.12,   738.92
   99.99,   472.95,   601.57
   99.78,   466.24,   726.43
   99.93,   462.72,   850.93
   98.86,   598.89,   603.91
   99.02,   593.72,   728.86
   99.28,   590.17,   854.12
   96.95,   725.19,   606.24
   97.37,   722.82,   731.06
   97.64,   717.77,   855.41
  224.86,   475.18,   600.24
  224.33,   470.15,   725.68
  224.41,   466.95,   850.82
  223.11,   600.88,   603.57
  223.89,   596.10,   729.26
  224.12,   592.31,   854.30
  220.94,   727.10,   607.16
  222.99,   723.25,   732.61
  224.29,   718.99,   856.81
  349.86,   478.19,   599.89
  349.00,   476.74,   726.69
  349.07,   473.66,   851.71
  347.57,   603.13,   603.63
  347.42,   600.56,   730.85
  347.53,   597.81,   855.11
  345.18,   727.77,   607.04
  346.69,   723.32,   734.41
  347.66,   721.48,   858.56
  101.84,   598.65,   102.38
   98.85,   596.51,   227.31
   95.92,   594.97,   351.84
  103.95,   724.60,   104.87
  100.65,   722.08,   230.00
   97.95,   719.73,   354.58
  107.52,   849.99,   106.09
  105.03,   846.96,   231.77
  101.73,   843.42,   357.32
  226.70,   594.83,   105.85
  223.46,   592.86,   230.61
  220.10,   591.40,   354.85
  229.01,   720.81,   107.51
  226.35,   717.57,   232.25
  222.34,   715.26,   356.65
  231.83,   846.31,   109.08
  229.76,   842.40,   234.29
  225.88,   839.32,   359.46
  350.29,   592.75,   109.53
  346.55,   590.69,   233.38
  344.44,   587.61,   356.69
  354.12,   717.64,   111.37
  351.03,   714.67,   235.76
  347.25,   712.32,   358.73
  357.51,   842.94,   113.02
  354.63,   839.94,   237.90
  350.28,   837.68,   361.09
  101.46,   600.08,   225.15
   98.22,   601.36,   349.71
   95.18,   601.82,   474.33
   99.93,   725.80,   224.94
   96.92,   726.23,   349.58
   94.72,   726.20,   473.45
  101.17,   850.79,   223.81
   97.66,   850.05,   349.35
   93.93,   849.83,   474.42
  226.07,   599.85,   228.71
  222.39,   601.13,   352.94
  219.04,   601.53,   477.41
  225.72,   724.62,   227.49
  221.44,   725.01,   351.94
  217.87,   726.11,   476.81
  225.84,   849.63,   226.62
  221.82,   849.22,   351.99
  217.84,   850.32,   477.32
  349.30,   601.02,   231.85
  346.82,   600.77,   355.12
  343.99,   600.87,   479.87
  350.53,   725.05,   231.40
  346.36,   725.54,   354.36
  342.53,   726.33,   479.10
  350.68,   850.56,   230.59
  346.17,   851.01,   353.94
  342.11,   851.63,   478.99
  102.54,   599.79,   350.67
  101.58,   603.27,   475.27
  100.50,   605.13,   599.88
  102.16,   724.51,   347.50
  101.99,   727.55,   471.47
  101.01,   731.31,   595.71
  103.78,   848.32,   344.26
  102.24,   851.11,   469.46
  101.13,   856.76,   593.61
  226.73,   598.65,   351.73
  225.51,   602.05,   476.16
  224.71,   604.61,   601.37
  226.74,   722.50,   347.69
  225.23,   726.58,   472.51
  224.88,   730.76,   598.27
  228.05,   846.70,   344.64
  226.17,   850.75,   469.95
  225.48,   856.06,   595.05
  351.19,   597.38,   351.78
  350.57,   600.45,   476.45
  349.20,   604.35,   603.19
  351.77,   722.10,   348.07
  350.08,   725.89,   472.63
  349.23,   729.02,   599.79
  352.52,   847.56,   344.63
  350.57,   851.23,   469.43
  349.96,   853.94,   596.43
   99.35,   599.25,   476.41
  101.19,   598.65,   601.10
  102.61,   597.81,   726.02
   96.83,   723.63,   474.90
   98.75,   724.90,   599.22
  100.43,   726.98,   724.03
   93.99,   847.26,   475.18
   95.87,   850.56,   599.33
   99.42,   855.47,   722.03
  223.23,   601.02,   474.29
  225.40,   601.17,   599.50
  227.39,   600.79,   725.28
  219.99,   725.56,   473.06
  222.60,   727.35,   598.79
  225.85,   727.94,   724.37
  217.91,   849.72,   472.97
  220.19,   852.81,   597.98
  224.48,   856.18,   721.76
  348.21,   602.39,   471.53
  349.89,   603.88,   598.23
  350.93,   605.58,   725.58
  344.69,   727.83,   470.13
  346.86,   728.63,   597.26
  349.57,   728.36,   724.79
  342.21,   853.12,   469.42
  344.57,   853.59,   596.34
  348.36,   853.41,   723.12
  100.73,   598.20,   599.37
   98.87,   595.00,   724.32
   97.01,   593.41,   849.58
  101.51,   724.46,   599.84
   99.95,   724.09,   724.62
   98.15,   721.20,   848.90
  101.91,   850.28,   602.19
  102.29,   852.81,   724.84
  101.93,   850.20,   847.97
  224.97,   597.40,   601.00
  223.71,   594.59,   726.71
  221.93,   592.68,   851.80
  225.42,   723.60,   602.64
  225.42,   721.73,   728.20
  224.78,   719.49,   852.41
  226.24,   849.19,   604.09
  227.42,   850.04,   728.00
  228.87,   849.18,   852.41
  349.49,   596.95,   603.05
  347.24,   596.38,   730.29
  345.31,   595.47,   854.59
  349.75,   721.63,   604.48
  349.12,   719.18,   731.94
  348.07,   719.19,   856.19
  350.71,   846.48,   605.86
  351.30,   843.85,   732.73
  351.45,   844.59,   857.64
  222.93,    98.57,    99.24
  225.44,    98.12,   224.30
  227.28,    98.60,   348.63
  222.63,   223.89,    99.83
  224.89,   223.02,   224.52
  226.80,   223.73,   348.54
  223.61,   347.92,   100.29
  224.74,   348.37,   225.22
  226.86,   349.57,   349.33
  349.48,    98.65,    98.44
  351.77,    97.09,   223.69
  352.71,    98.29,   347.80
  349.04,   224.39,    98.39
  350.99,   223.62,   223.24
  352.18,   224.24,   346.78
  347.97,   349.03,    98.87
  348.56,   350.01,   223.45
  351.36,   349.59,   346.91
  475.44,    98.34,    96.67
  477.61,    97.34,   222.36
  478.02,    98.60,   346.61
  474.80,   224.37,    96.25
  476.28,   224.38,   221.33
  477.00,   224.85,   345.43
  472.77,   350.00,    96.79
  473.30,   351.35,   221.38
  476.07,   349.78,   344.74
  225.68,    98.70,   226.43
  228.29,    96.91,   350.74
  230.69,    95.59,   476.08
  224.07,   223.58,   228.95
  226.74,   222.01,   352.95
  229.23,   220.84,   477.98
  222.86,   348.95,   231.97
  225.76,   347.84,   356.04
  228.48,   345.76,   480.56
  351.99,    98.77,   225.09
  353.68,    97.70,   349.17
  355.54,    96.77,   473.66
  350.11,   225.33,   226.93
  352.08,   223.63,   350.45
  354.09,   222.02,   474.71
  346.66,   351.63,   229.46
  350.27,   348.90,   352.88
  353.33,   346.39,   477.13
  477.84,   100.09,   223.01
  478.98,    99.11,   347.23
  480.36,    98.23,   471.28
  475.34,   227.24,   224.29
  476.87,   225.34,   348.36
  478.89,   223.29,   472.66
  471.32,   354.07,   226.64
  474.95,   350.16,   349.97
  478.30,   347.18,   474.35
  222.98,    97.92,   350.98
  221.94,    97.46,   476.36
  220.89,    96.54,   602.38
  222.49,   223.03,   352.32
  221.56,   222.76,   477.42
  220.35,   221.57,   603.64
  222.61,   348.88,   354.51
  221.89,   347.73,   479.09
  220.00,   345.01,   604.49
  348.36,    97.65,   352.82
  346.79,    97.60,   477.38
  346.00,    96.43,   602.63
  347.87,   223.54,   353.21
  346.44,   222.83,   477.57
  345.50,   221.18,   603.13
  347.17,   348.82,   354.76
  346.75,   347.24,   479.09
  345.26,   346.20,   604.81
  473.66,    97.92,   354.32
  471.67,    97.87,   478.41
  470.87,    96.52,   603.20
  472.68,   224.11,   354.54
  471.28,   222.94,   478.83
  470.66,   221.09,   603.70
  471.91,   348.90,   355.23
  471.76,   346.90,   479.70
  470.51,   346.96,   605.67
  225.86,    99.38,   473.21
  225.10,   100.01,   599.24
  224.31,    99.80,   725.14
  227.97,   224.65,   472.77
  227.03,   224.95,   598.93
  225.95,   224.08,   725.26
  230.74,   349.62,   472.96
  229.21,   348.53,   598.32
  226.78,   346.97,   724.07
  350.74,    97.05,   474.01
  350.19,    97.41,   599.21
  349.80,    96.56,   724.60
  352.82,   222.29,   472.69
  352.16,   222.15,   598.18
  351.75,   221.28,   724.32
  355.57,   346.66,   472.69
  354.43,   347.18,   598.39
  352.70,   348.34,   724.88
  475.60,    94.91,   474.81
  475.03,    95.12,   599.58
  475.28,    94.09,   724.74
  477.62,   220.01,   473.79
  477.27,   219.65,   598.60
  477.28,   218.82,   723.88
  480.53,   343.91,   473.11
  479.64,   345.36,   599.00
  478.08,   347.97,   725.69
  225.74,   100.67,   599.64
  229.52,    98.88,   725.42
  233.27,    97.75,   850.21
  228.83,   225.55,   600.73
  232.34,   223.14,   726.95
  236.59,   221.48,   851.08
  232.13,   349.09,   601.52
  234.31,   346.23,   727.23
  237.72,   344.89,   851.67
  350.74,    96.96,   595.01
  354.91,    94.62,   720.30
  358.70,    93.00,   845.38
  353.87,   221.67,   595.35
  358.06,   219.24,   721.35
  361.92,   217.23,   846.60
  357.32,   346.66,   596.97
  360.19,   346.42,   723.40
  363.72,   345.17,   848.90
  475.45,    93.62,   590.83
  480.22,    91.23,   715.98
  484.09,    89.23,   840.68
  478.85,   218.09,   591.23
  483.48,   215.68,   716.38
  486.97,   213.75,   841.44
  482.46,   343.60,   592.96
  485.50,   344.62,   719.53
  488.99,   343.82,   845.18
  222.15,   227.31,    99.23
  222.98,   222.56,   223.86
  223.51,   219.37,   347.82
  226.75,   351.21,   103.59
  226.51,   347.87,   228.40
  227.26,   345.15,   352.43
  230.45,   475.30,   107.52
  230.11,   472.68,   232.52
  230.73,   470.21,   356.57
  348.50,   224.14,    99.07
  349.12,   219.43,   223.87
  348.90,   216.20,   347.38
  350.98,   348.81,   103.44
  350.38,   345.79,   227.87
  351.79,   341.50,   351.28
  353.47,   473.55,   107.52
  352.49,   470.83,   231.57
  354.71,   466.11,   354.99
  474.29,   220.43,    98.22
  474.45,   216.40,   223.27
  473.74,   213.11,   347.37
  475.79,   346.20,   102.61
  475.21,   343.39,   227.05
  476.48,   338.05,   350.43
  477.41,   471.65,   106.86
  476.67,   468.47,   230.80
  479.77,   462.14,   353.76
  225.65,   226.11,   226.33
  224.23,   223.21,   350.29
  222.66,   220.74,   475.32
  222.30,   351.38,   230.56
  221.12,   348.98,   354.62
  219.77,   345.65,   479.16
  219.15,   476.11,   234.37
  217.77,   474.04,   358.49
  216.16,   470.32,   482.69
  351.59,   229.99,   228.41
  349.53,   226.93,   351.90
  347.50,   224.01,   476.19
  346.01,   356.14,   232.15
  345.61,   352.11,   355.60
  344.58,   348.35,   479.88
  341.55,   481.04,   235.54
  341.69,   476.79,   359.04
  341.00,   472.87,   483.54
  476.69,   234.06,   229.87
  474.25,   230.72,   353.89
  472.29,   227.30,   478.16
  470.59,   360.59,   233.44
  470.30,   355.31,   356.73
  469.56,   351.17,   481.17
  465.46,   485.49,   236.77
  466.73,   479.50,   359.78
  466.47,   475.49,   484.47
  224.60,   223.89,   347.81
  221.36,   222.34,   472.81
  217.86,   219.95,   598.96
  221.72,   349.69,   351.20
  218.71,   347.31,   475.71
  214.54,   343.31,   601.05
  218.61,   474.77,   354.13
  215.34,   472.03,   478.31
  211.31,   467.56,   603.06
  349.88,   227.37,   351.06
  346.16,   225.35,   475.34
  342.90,   222.46,   600.86
  346.18,   352.58,   353.82
  343.49,   349.72,   478.09
  339.68,   347.35,   603.73
  342.49,   477.29,   356.32
  340.14,   474.27,   480.79
  336.19,   472.40,   606.75
  474.56,   230.89,   354.69
  470.93,   228.36,   478.94
  467.99,   225.29,   603.78
  470.86,   355.51,   356.59
  468.45,   352.26,   481.02
  464.84,   351.13,   606.99
  467.52,   479.74,   358.70
  465.59,   476.62,   483.37
  461.33,   476.78,   610.41
  224.85,   225.82,   474.76
  225.23,   226.92,   600.92
  225.44,   226.84,   727.21
  223.86,   350.81,   474.13
  223.62,   350.46,   599.46
  222.49,   349.66,   725.15
  222.10,   475.60,   473.21
  222.05,   474.97,   598.03
  221.48,   474.32,   723.46
  349.73,   227.20,   473.30
  350.37,   227.92,   598.80
  351.23,   227.96,   724.96
  348.70,   351.60,   472.52
  348.87,   352.92,   598.19
  348.40,   354.94,   724.67
  347.01,   476.18,   471.66
  347.05,   478.01,   597.69
  346.09,   480.94,   724.54
  474.55,   228.64,   472.98
  475.50,   229.22,   597.86
  476.74,   229.47,   723.25
  473.71,   352.54,   471.48
  474.11,   354.92,   597.44
  473.75,   358.63,   724.26
  472.55,   476.86,   470.20
  472.38,   480.37,   597.14
  470.92,   485.82,   725.10
  224.38,   225.66,   600.09
  225.69,   224.51,   726.38
  227.76,   224.13,   850.52
  226.85,   349.20,   599.68
  226.83,   347.41,   725.41
  228.01,   347.23,   849.84
  229.36,   473.73,   599.33
  229.81,   472.22,   724.86
  230.88,   472.40,   850.08
  349.48,   222.57,   596.91
  351.48,   221.43,   723.02
  353.18,   220.73,   848.30
  352.08,   347.55,   597.32
  352.76,   348.47,   723.79
  354.11,   348.42,   849.30
  354.37,   472.70,   597.92
  354.46,   474.77,   724.83
  355.45,   475.18,   849.96
  474.56,   219.76,   594.89
  476.99,   218.67,   720.17
  478.28,   218.06,   845.40
  477.29,   345.38,   595.48
  478.14,   347.72,   722.16
  479.49,   348.13,   847.85
  479.71,   470.87,   596.24
  479.36,   475.26,   724.17
  480.38,   476.42,   849.69
  224.38,   350.89,   101.28
  221.93,   353.39,   226.18
  220.46,   356.68,   350.31
  222.77,   474.99,    99.20
  220.14,   478.10,   224.36
  218.43,   481.72,   348.53
  219.85,   600.28,    96.41
  217.69,   602.85,   221.27
  215.26,   606.15,   345.56
  348.56,   353.98,   103.47
  345.63,   356.90,   227.95
  344.91,   358.51,   351.43
  345.89,   478.53,   101.57
  342.49,   481.88,   225.77
  342.27,   483.30,   349.24
  343.75,   603.48,    99.02
  340.95,   606.22,   223.17
  339.59,   608.08,   346.43
  473.17,   357.04,   105.00
  470.25,   360.08,   229.40
  469.63,   360.42,   352.69
  469.63,   482.25,   103.26
  466.36,   485.16,   227.20
  467.30,   484.80,   350.17
  467.79,   607.12,   101.09
  465.12,   609.46,   224.89
  465.29,   609.96,   347.65
  225.12,   351.62,   226.18
  227.98,   352.79,   350.27
  230.70,   353.03,   474.75
  225.20,   476.42,   226.46
  227.83,   477.89,   350.57
  230.31,   477.81,   474.74
  224.65,   601.21,   225.47
  226.58,   602.39,   349.71
  228.86,   602.68,   474.16
  348.87,   353.17,   223.67
  352.43,   352.70,   347.12
  355.55,   352.41,   471.33
  347.53,   478.24,   223.58
  351.70,   477.48,   347.00
  355.27,   476.99,   471.38
  347.89,   602.64,   223.08
  351.01,   602.32,   346.28
  353.94,   602.23,   470.88
  473.59,   354.43,   220.88
  477.13,   352.81,   344.21
  480.52,   351.99,   468.54
  471.47,   479.64,   220.82
  476.70,   477.17,   343.77
  480.81,   476.29,   468.14
  472.05,   603.97,   220.55
  476.72,   602.27,   343.32
  480.23,   601.80,   467.88
  225.99,   351.59,   351.58
  224.10,   348.33,   476.06
  221.06,   343.54,   601.40
  224.03,   476.66,   355.37
  221.89,   473.03,   479.55
  219.00,   467.84,   604.35
  220.89,   601.12,   358.00
  218.66,   597.85,   482.47
  216.77,   593.53,   607.59
  350.49,   353.27,   353.05
  348.93,   349.54,   477.31
  346.27,   346.40,   602.96
  347.98,   477.97,   356.41
  346.80,   474.08,   480.90
  343.95,   471.52,   606.94
  345.34,   602.76,   359.15
  343.58,   599.25,   483.96
  341.16,   596.45,   610.68
  475.23,   355.05,   354.74
  473.93,   350.92,   479.16
  471.47,   348.91,   605.09
  473.10,   479.27,   357.73
  472.31,   475.25,   482.37
  469.18,   474.59,   609.41
  471.19,   604.38,   360.72
  469.73,   600.69,   485.66
  466.39,   599.16,   613.35
  224.87,   349.94,   474.51
  227.78,   344.88,   599.74
  229.88,   339.52,   725.42
  223.53,   474.64,   478.39
  226.58,   469.23,   603.15
  229.03,   464.04,   728.58
  221.16,   599.45,   481.71
  225.18,   594.88,   606.85
  228.88,   589.85,   732.54
  349.66,   350.43,   469.81
  353.00,   346.96,   595.31
  355.80,   344.17,   721.65
  348.41,   474.96,   473.77
  351.59,   472.08,   599.72
  353.75,   470.46,   726.49
  346.09,   600.12,   477.20
  349.62,   597.03,   603.85
  352.40,   594.34,   731.06
  474.60,   351.08,   465.69
  478.19,   348.52,   591.44
  481.12,   347.14,   717.99
  473.89,   475.33,   469.23
  476.90,   474.02,   596.01
  478.64,   474.71,   723.80
  472.27,   600.78,   472.88
  475.04,   598.74,   600.31
  476.69,   598.05,   728.51
  223.35,   347.63,   601.71
  221.79,   342.34,   727.40
  221.51,   338.75,   851.66
  221.29,   471.98,   604.80
  220.18,   466.77,   730.20
  219.75,   463.59,   855.27
  219.04,   597.68,   608.18
  219.24,   592.75,   733.81
  218.89,   588.97,   858.86
  348.60,   350.58,   600.96
  347.73,   347.95,   727.36
  347.62,   344.27,   852.72
  346.27,   475.70,   605.07
  344.86,   474.06,   731.80
  344.49,   470.70,   856.69
  343.45,   600.62,   608.91
  342.74,   597.91,   736.02
  342.35,   594.97,   860.07
  473.83,   353.10,   600.75
  473.09,   352.07,   727.42
  473.00,   348.71,   852.92
  471.56,   478.70,   605.13
  469.67,   479.57,   732.93
  469.43,   476.70,   857.96
  468.77,   603.27,   609.16
  466.89,   602.62,   737.30
  466.50,   600.26,   861.40
  224.61,   472.18,   102.18
  224.74,   471.04,   227.33
  225.86,   470.25,   351.45
  220.73,   597.36,   103.81
  221.33,   595.77,   228.66
  221.75,   594.74,   352.94
  216.46,   723.45,   104.97
  217.73,   720.54,   229.83
  217.59,   718.59,   354.32
  347.76,   476.72,   101.84
  347.08,   475.77,   226.03
  349.72,   472.74,   349.48
  344.53,   601.68,   103.73
  344.52,   600.11,   227.78
  346.10,   597.53,   351.07
  341.66,   726.78,   104.95
  342.56,   724.06,   229.63
  342.49,   722.19,   352.70
  471.63,   481.30,   100.82
  471.03,   480.04,   224.85
  474.72,   475.30,   347.82
  468.60,   606.29,   103.08
  468.72,   604.29,   226.82
  471.79,   600.34,   349.63
  466.74,   730.73,   104.98
  467.83,   727.99,   229.51
  468.86,   725.87,   351.89
  224.30,   476.47,   224.84
  225.94,   474.36,   348.94
  227.44,   470.71,   473.08
  225.04,   601.26,   227.43
  226.00,   598.84,   351.67
  227.34,   595.49,   476.10
  225.72,   726.00,   229.92
  226.09,   722.70,   354.32
  227.17,   720.11,   479.16
  346.64,   477.05,   222.94
  349.80,   472.71,   346.35
  352.38,   468.61,   470.69
  348.28,   601.42,   225.98
  350.44,   597.47,   349.19
  352.42,   593.75,   473.83
  350.59,   725.39,   229.19
  351.13,   722.18,   352.13
  352.05,   719.20,   476.77
  470.59,   477.18,   221.14
  474.80,   471.12,   344.08
  477.89,   466.64,   468.43
  472.48,   601.45,   224.40
  476.16,   596.09,   347.16
  478.67,   592.02,   471.78
  475.87,   725.14,   228.36
  477.60,   721.61,   350.73
  478.82,   718.19,   475.27
  225.99,   477.74,   352.32
  222.86,   475.41,   476.50
  219.00,   471.51,   601.30
  222.67,   602.21,   353.67
  219.40,   600.25,   478.14
  216.52,   597.25,   603.25
  219.41,   726.06,   355.00
  215.94,   724.82,   479.87
  213.58,   723.54,   605.49
  349.90,   479.28,   354.35
  347.74,   476.64,   478.83
  343.90,   475.32,   604.88
  347.08,   604.10,   355.82
  344.30,   601.84,   480.59
  340.88,   600.28,   607.29
  344.28,   728.84,   357.37
  340.52,   727.27,   482.17
  337.72,   724.99,   609.38
  475.03,   480.80,   356.66
  473.24,   478.02,   481.29
  469.09,   478.60,   608.36
  472.91,   605.95,   358.41
  470.45,   603.50,   483.30
  466.11,   603.13,   610.96
  470.69,   731.64,   360.57
  467.06,   729.61,   485.32
  463.20,   726.74,   613.04
  226.86,   476.15,   475.43
  230.04,   477.76,   600.20
  232.71,   479.62,   725.68
  226.08,   600.99,   471.77
  230.15,   603.52,   596.92
  234.08,   605.58,   722.73
  225.27,   725.48,   468.15
  229.75,   729.58,   593.85
  234.97,   732.50,   719.52
  351.76,   474.60,   470.68
  355.03,   478.66,   596.66
  357.26,   484.05,   723.56
  351.09,   599.76,   467.08
  354.68,   603.58,   593.65
  357.62,   607.68,   721.04
  350.09,   725.19,   463.29
  354.09,   728.33,   590.26
  358.65,   730.29,   717.87
  477.24,   473.13,   466.02
  480.38,   478.68,   592.79
  482.13,   486.34,   720.74
  477.32,   598.55,   462.64
  480.26,   603.28,   589.89
  482.00,   609.20,   718.21
  476.84,   724.80,   459.37
  480.02,   727.53,   586.60
  482.89,   729.60,   714.64
  224.82,   474.95,   599.16
  222.32,   470.06,   724.57
  220.40,   466.99,   849.70
  226.58,   600.66,   602.29
  225.38,   596.13,   727.98
  223.65,   592.50,   853.01
  227.89,   726.81,   605.68
  227.98,   723.17,   731.21
  227.35,   719.23,   855.38
  349.81,   474.36,   600.70
  346.96,   473.07,   727.47
  345.08,   470.10,   852.46
  351.08,   599.33,   604.25
  348.89,   597.06,   731.47
  347.03,   594.45,   855.68
  352.22,   723.90,   607.45
  351.64,   719.73,   734.88
  350.58,   718.15,   858.95
  475.10,   473.11,   602.04
  471.81,   474.31,   729.84
  470.06,   471.90,   855.01
  476.50,   597.78,   605.78
  473.10,   597.62,   733.98
  471.19,   595.64,   858.32
  477.93,   721.52,   609.05
  475.55,   717.74,   736.96
  473.31,   716.28,   860.17
  223.82,   600.10,   100.16
  226.55,   604.30,   224.90
  229.06,   609.02,   349.02
  221.35,   726.32,    95.44
  225.01,   729.06,   220.26
  227.01,   732.82,   344.61
  219.37,   851.87,    90.73
  223.89,   854.11,   215.87
  226.27,   857.14,   341.25
  347.75,   602.30,    97.78
  349.81,   606.63,   221.87
  353.52,   609.89,   344.95
  346.59,   727.77,    93.07
  349.90,   730.57,   217.99
  352.04,   734.57,   340.89
  344.94,   853.28,    88.55
  348.77,   856.12,   213.66
  350.65,   860.10,   337.05
  471.97,   604.74,    94.81
  474.01,   608.86,   218.71
  479.27,   610.81,   341.38
  471.75,   729.56,    90.72
  475.11,   732.51,   215.66
  478.41,   736.29,   337.99
  470.88,   854.44,    86.44
  473.78,   858.13,   211.72
  475.96,   862.68,   333.93
  224.38,   598.96,   227.78
  223.14,   601.43,   352.03
  222.24,   603.01,   476.51
  220.49,   723.71,   225.36
  218.71,   725.25,   349.85
  217.58,   727.52,   474.72
  217.10,   848.67,   223.24
  215.62,   849.37,   348.73
  214.10,   851.61,   474.09
  347.61,   603.64,   228.44
  347.53,   604.60,   351.70
  347.17,   605.88,   476.41
  345.33,   727.58,   226.75
  343.60,   729.28,   349.79
  342.20,   731.29,   474.44
  341.95,   853.03,   224.68
  339.95,   854.64,   348.21
  338.34,   856.47,   473.20
  471.90,   608.12,   229.00
  473.31,   607.79,   351.81
  473.38,   608.80,   476.60
  470.61,   731.87,   228.16
  469.96,   733.37,   350.54
  468.80,   734.98,   475.06
  466.88,   857.61,   226.41
  465.28,   859.72,   348.72
  464.41,   861.03,   473.47
  224.13,   601.77,   349.49
  224.08,   605.61,   473.90
  224.51,   608.62,   599.10
  220.21,   725.56,   345.09
  219.90,   730.04,   469.88
  220.72,   734.71,   595.56
  217.61,   849.68,   341.72
  216.95,   854.07,   467.06
  217.40,   859.90,   591.98
  348.52,   604.48,   348.23
  349.06,   607.98,   472.83
  348.95,   612.22,   599.54
  345.14,   729.10,   344.15
  344.59,   733.35,   468.62
  344.97,   736.92,   595.69
  341.99,   854.46,   340.36
  341.23,   858.53,   465.15
  341.78,   861.86,   591.96
  474.27,   607.21,   347.43
  475.31,   610.40,   472.06
  474.40,   615.56,   599.57
  471.49,   732.71,   344.01
  471.25,   736.59,   468.31
  470.76,   739.51,   595.75
  467.32,   859.01,   340.01
  467.30,   862.66,   464.45
  467.81,   864.51,   592.17
  225.85,   598.82,   475.99
  229.48,   601.23,   601.17
  232.95,   603.19,   726.97
  225.32,   723.37,   472.44
  229.40,   727.34,   598.18
  234.17,   730.13,   723.82
  225.96,   847.55,   469.95
  229.73,   852.68,   595.07
  235.46,   858.01,   719.02
  350.87,   597.33,   471.77
  354.00,   601.11,   598.42
  356.47,   605.16,   725.77
  350.14,   722.76,   468.05
  353.73,   725.80,   595.11
  357.83,   727.73,   722.69
  350.35,   848.13,   464.92
  354.17,   850.72,   591.86
  359.34,   852.44,   718.86
  477.10,   595.85,   467.78
  479.53,   600.62,   595.15
  480.81,   606.54,   723.44
  476.89,   722.06,   464.58
  479.61,   724.72,   591.92
  482.00,   726.83,   719.94
  476.63,   848.35,   461.27
  480.31,   849.67,   588.80
  483.95,   849.56,   716.96
  224.55,   600.39,   601.29
  226.70,   601.52,   727.04
  228.34,   603.50,   852.07
  226.97,   726.52,   599.01
  230.40,   728.59,   724.63
  233.41,   730.43,   848.90
  229.77,   851.86,   596.60
  234.21,   856.47,   720.58
  239.15,   859.81,   845.00
  349.04,   597.84,   599.95
  350.19,   601.10,   727.25
  351.64,   604.16,   851.68
  351.28,   722.52,   597.38
  354.04,   723.80,   724.94
  356.45,   727.47,   849.53
  354.21,   847.38,   594.82
  358.07,   848.37,   721.86
  361.72,   852.58,   847.10
  474.50,   595.00,   598.12
  474.45,   600.31,   726.42
  475.64,   604.02,   851.15
  477.09,   718.99,   595.61
  478.10,   720.56,   723.67
  479.08,   724.16,   847.65
  480.31,   843.78,   593.18
  482.57,   842.97,   721.30
  483.56,   845.93,   845.50
  351.86,   100.16,    99.03
  356.09,   101.38,   224.23
  358.90,   105.49,   348.20
  353.76,   225.90,    96.02
  357.58,   228.06,   220.85
  360.68,   231.49,   344.31
  355.15,   350.38,    93.57
  357.36,   354.42,   218.16
  362.10,   356.72,   341.51
  477.70,    97.45,    95.38
  481.84,    99.26,   221.00
  484.14,   103.41,   345.18
  479.42,   223.39,    91.99
  482.83,   226.31,   217.05
  485.43,   229.65,   341.13
  479.97,   348.73,    89.58
  482.20,   353.28,   214.26
  486.81,   354.54,   337.55
  602.31,    95.58,    91.13
  606.42,    98.88,   216.54
  608.31,   102.75,   341.44
  603.96,   220.47,    87.79
  607.69,   223.79,   212.81
  610.18,   227.85,   338.46
  604.86,   346.90,    85.54
  608.48,   350.67,   210.56
  612.27,   352.41,   334.56
  350.52,    99.35,   227.24
  352.14,   100.19,   351.31
  353.91,   101.17,   475.79
  349.76,   225.94,   227.19
  351.66,   226.14,   350.72
  353.63,   226.39,   475.01
  347.42,   352.27,   227.82
  350.95,   351.42,   351.27
  353.98,   350.77,   475.53
  476.37,    99.52,   225.23
  477.44,   100.44,   349.44
  478.76,   101.46,   473.50
  475.01,   226.67,   224.60
  476.46,   226.69,   348.68
  478.43,   226.50,   472.98
  472.11,   353.56,   225.06
  475.65,   351.54,   348.39
  478.96,   350.40,   472.78
  601.02,   101.45,   221.96
  601.68,   102.14,   346.89
  602.93,   102.72,   471.90
  599.92,   226.69,   221.64
  601.19,   227.36,   347.24
  602.91,   227.31,   472.56
  598.32,   353.52,   222.58
  601.01,   351.79,   346.54
  603.75,   350.63,   471.22
  348.36,    98.20,   349.69
  348.05,    96.07,   474.24
  348.50,    92.88,   599.45
  349.19,   224.08,   352.16
  349.02,   221.29,   476.47
  349.35,   217.55,   601.96
  349.84,   349.31,   355.76
  350.67,   345.64,   480.05
  350.46,   342.57,   605.73
  473.68,    97.13,   349.92
  472.93,    95.02,   474.00
  473.34,    91.73,   598.78
  474.02,   223.32,   352.21
  473.85,   220.09,   476.49
  474.49,   216.14,   601.28
  474.58,   348.08,   354.96
  475.67,   344.00,   479.41
  475.71,   341.93,   605.30
  597.94,    97.51,   349.41
  597.14,    94.93,   474.24
  597.92,    91.38,   599.38
  598.72,   222.74,   352.92
  598.32,   219.61,   478.16
  599.22,   215.45,   602.68
  599.90,   347.02,   355.25
  600.44,   342.93,   480.01
  600.46,   340.43,   605.69
  348.54,   101.45,   475.49
  347.54,    98.01,   600.72
  346.63,    93.46,   726.10
  352.38,   226.55,   478.02
  351.24,   222.63,   603.52
  350.37,   217.94,   729.61
  356.86,   350.80,   481.83
  355.16,   347.65,   607.56
  352.97,   345.00,   733.97
  473.38,    97.53,   476.70
  472.35,    93.97,   601.47
  472.04,    89.37,   726.70
  477.13,   222.50,   479.47
  476.32,   218.36,   604.26
  475.89,   213.64,   729.46
  481.80,   346.33,   482.62
  480.33,   344.17,   608.55
  478.34,   342.84,   735.10
  597.53,    94.57,   478.37
  596.89,    90.79,   603.50
  597.34,    86.58,   728.53
  601.53,   219.19,   482.59
  601.00,   214.80,   607.03
  600.90,   210.12,   730.66
  606.46,   342.47,   484.69
  604.99,   339.77,   610.34
  603.29,   337.64,   736.24
  349.88,   102.24,   598.00
  351.46,    97.70,   723.39
  352.60,    94.07,   848.51
  352.07,   226.93,   600.71
  353.58,   222.38,   726.77
  354.82,   218.25,   851.94
  354.48,   351.96,   604.62
  354.67,   349.52,   731.05
  355.68,   345.82,   856.36
  474.72,    99.76,   596.37
  476.91,    95.10,   721.53
  477.96,    91.08,   846.28
  477.17,   224.30,   599.12
  479.10,   219.81,   724.35
  479.86,   215.73,   849.46
  479.71,   350.05,   603.23
  480.06,   348.99,   729.86
  481.04,   345.58,   855.30
  599.26,    98.19,   596.16
  602.17,    93.88,   720.95
  603.59,    89.83,   844.75
  601.85,   222.33,   599.58
  604.10,   217.86,   723.34
  604.61,   214.42,   846.76
  604.41,   347.21,   602.60
  605.02,   345.30,   728.68
  606.08,   342.54,   853.67
  349.04,   224.24,   100.12
  348.49,   226.94,   224.89
  347.27,   230.95,   348.39
  345.28,   348.77,    97.16
  343.36,   353.15,   221.75
  343.72,   356.17,   345.22
  341.86,   473.10,    93.94
  339.27,   478.09,   218.29
  340.13,   480.94,   341.73
  474.76,   227.02,   100.36
  473.67,   230.57,   225.31
  472.01,   234.34,   349.28
  469.93,   352.58,    97.47
  467.93,   357.30,   222.00
  468.39,   359.06,   345.27
  465.69,   477.55,    94.41
  463.00,   482.41,   218.52
  465.03,   483.44,   341.45
  599.39,   229.36,   100.27
  598.54,   233.44,   225.43
  596.73,   237.76,   350.88
  594.97,   355.98,    97.65
  594.10,   360.14,   222.56
  593.79,   362.04,   346.32
  590.86,   481.58,    94.69
  589.63,   485.65,   219.44
  591.08,   486.37,   342.13
  350.43,   225.36,   223.78
  352.08,   224.45,   347.31
  353.76,   223.65,   471.56
  348.18,   351.71,   225.48
  351.45,   349.77,   348.92
  354.23,   348.04,   473.15
  346.93,   476.77,   226.85
  350.83,   474.53,   350.29
  354.08,   472.59,   474.70
  475.71,   225.98,   221.43
  476.89,   224.91,   345.52
  478.57,   223.67,   469.81
  472.90,   352.89,   222.97
  476.15,   349.81,   346.31
  479.20,   347.57,   470.67
  470.89,   478.06,   224.36
  475.85,   474.11,   347.32
  479.61,   471.84,   471.76
  600.60,   225.87,   218.69
  601.62,   225.48,   344.30
  603.04,   224.40,   469.65
  599.12,   352.73,   220.73
  601.53,   349.95,   344.72
  603.99,   347.71,   469.40
  597.67,   478.34,   222.56
  601.84,   474.23,   345.33
  604.98,   471.65,   469.48
  349.86,   223.87,   350.40
  350.89,   222.34,   474.70
  352.43,   219.88,   600.17
  350.89,   349.15,   352.72
  352.97,   346.71,   476.99
  354.00,   344.93,   602.68
  351.92,   473.86,   354.78
  354.45,   471.24,   479.26
  355.27,   470.16,   605.41
  474.69,   222.69,   349.26
  475.70,   220.75,   473.55
  477.53,   218.09,   598.36
  475.61,   347.54,   350.74
  477.94,   344.66,   475.15
  479.22,   343.82,   601.04
  476.99,   471.78,   352.45
  479.97,   468.91,   476.99
  480.59,   469.47,   603.97
  599.39,   221.69,   348.73
  600.16,   219.87,   474.03
  602.21,   217.01,   598.61
  600.94,   346.09,   349.82
  602.70,   343.20,   474.57
  603.94,   341.88,   600.24
  602.94,   470.28,   351.08
  605.30,   467.10,   475.35
  605.64,   467.01,   602.17
  349.99,   223.82,   474.01
  352.44,   222.58,   599.48
  355.17,   220.59,   725.56
  351.56,   348.21,   475.11
  353.51,   347.63,   600.78
  354.91,   347.75,   727.24
  352.50,   472.76,   476.16
  354.27,   472.83,   602.26
  355.06,   474.10,   729.14
  474.79,   222.72,   471.95
  477.53,   221.31,   596.78
  480.67,   219.40,   722.02
  476.52,   346.64,   472.35
  478.73,   347.00,   598.24
  480.28,   348.53,   724.90
  478.01,   470.91,   472.96
  479.61,   472.57,   599.89
  479.96,   476.14,   727.79
  599.25,   222.33,   471.52
  602.19,   220.72,   596.14
  605.64,   218.84,   719.95
  601.29,   345.67,   470.82
  603.45,   345.56,   596.50
  605.22,   346.25,   722.63
  603.37,   469.60,   470.41
  604.68,   470.64,   597.16
  604.97,   473.21,   725.33
  348.81,   223.80,   597.08
  346.39,   223.85,   723.24
  343.71,   224.34,   848.51
  348.06,   348.77,   596.36
  344.33,   350.68,   722.80
  341.24,   351.70,   848.25
  347.02,   473.86,   595.78
  342.78,   476.72,   722.55
  339.38,   478.10,   847.67
  473.92,   224.34,   599.42
  471.91,   224.52,   724.77
  468.78,   225.15,   850.08
  473.26,   350.07,   598.93
  469.67,   353.69,   725.66
  466.66,   355.13,   851.29
  472.29,   475.57,   598.58
  467.56,   481.03,   726.45
  464.22,   483.11,   851.73
  598.65,   225.51,   603.74
  596.92,   225.72,   727.60
  593.45,   226.97,   851.39
  597.98,   350.56,   602.24
  594.60,   353.57,   728.54
  591.74,   355.56,   853.85
  597.33,   475.72,   601.04
  592.48,   480.64,   729.30
  589.59,   482.99,   855.37
  348.53,   348.46,   103.51
  350.48,   351.37,   227.96
  354.56,   352.91,   351.37
  350.75,   473.05,   101.63
  352.09,   476.44,   225.77
  356.87,   477.61,   349.13
  353.55,   598.03,    99.14
  355.47,   600.83,   223.20
  359.25,   602.42,   346.32
  473.36,   346.24,   100.19
  475.24,   349.46,   224.68
  479.24,   349.89,   348.02
  474.79,   471.43,    98.47
  476.14,   474.67,   222.56
  481.89,   474.19,   345.47
  477.71,   596.46,    96.31
  479.63,   599.05,   220.19
  484.97,   599.27,   342.93
  598.48,   343.44,    96.75
  601.41,   346.18,   221.66
  604.56,   347.02,   345.71
  600.27,   469.26,    95.19
  602.98,   471.85,   220.02
  607.85,   471.31,   342.77
  602.84,   594.06,    92.92
  605.71,   596.53,   217.27
  611.29,   596.39,   340.37
  347.11,   349.87,   226.57
  346.75,   353.01,   350.02
  345.95,   356.33,   474.26
  347.60,   474.92,   222.97
  347.89,   477.75,   346.38
  347.53,   480.87,   470.73
  349.81,   599.30,   218.97
  349.08,   602.52,   342.12
  348.07,   606.01,   466.62
  471.88,   349.20,   227.65
  471.49,   351.17,   350.97
  470.95,   354.02,   475.32
  471.63,   474.39,   224.09
  472.95,   475.49,   347.01
  473.09,   478.29,   471.42
  473.96,   598.78,   220.31
  474.79,   600.59,   343.04
  474.37,   603.71,   467.57
  598.06,   347.21,   229.03
  596.82,   349.47,   352.99
  595.75,   352.29,   477.59
  598.48,   472.79,   225.89
  598.98,   473.72,   348.60
  598.51,   476.25,   472.75
  600.10,   597.47,   221.73
  601.24,   598.85,   344.79
  600.78,   601.64,   469.27
  351.49,   348.98,   349.37
  351.71,   345.74,   473.61
  350.86,   343.10,   599.25
  349.61,   473.70,   352.27
  350.26,   470.26,   476.72
  349.22,   468.24,   602.77
  347.66,   598.50,   354.54
  347.74,   595.44,   479.29
  347.05,   593.21,   606.02
  476.23,   350.24,   349.32
  476.70,   346.53,   473.71
  476.09,   344.89,   599.58
  474.69,   474.48,   351.84
  475.78,   470.80,   476.38
  474.52,   470.52,   603.34
  473.46,   599.54,   354.36
  473.94,   596.23,   479.17
  472.43,   595.20,   606.79
  601.61,   351.62,   350.30
  601.50,   347.91,   475.01
  600.82,   345.88,   600.71
  600.70,   475.79,   352.37
  601.17,   471.85,   476.66
  599.58,   471.08,   603.55
  599.92,   600.87,   355.06
  600.30,   597.23,   479.74
  598.21,   596.17,   606.97
  352.61,   350.85,   475.08
  352.11,   350.32,   600.79
  351.03,   350.43,   727.28
  349.13,   475.41,   476.14
  348.46,   475.42,   602.24
  346.84,   476.47,   729.07
  344.57,   600.60,   476.65
  344.29,   600.34,   603.38
  343.40,   600.24,   730.60
  477.60,   353.61,   474.78
  477.31,   354.16,   600.78
  476.33,   355.89,   727.55
  474.64,   477.93,   475.41
  473.73,   479.69,   602.45
  471.61,   483.23,   730.36
  470.73,   603.41,   476.14
  469.64,   604.24,   603.75
  467.56,   606.12,   732.00
  602.40,   356.94,   475.60
  602.02,   357.08,   601.43
  601.21,   358.12,   727.84
  600.05,   480.96,   475.28
  598.81,   482.26,   602.24
  596.55,   485.13,   730.54
  597.13,   606.43,   476.38
  595.47,   607.28,   603.60
  592.53,   609.33,   731.58
  351.73,   348.36,   601.13
  351.34,   345.62,   727.53
  351.69,   341.78,   852.90
  350.12,   473.51,   605.42
  349.13,   471.85,   732.18
  349.22,   468.35,   857.06
  348.00,   598.43,   609.43
  347.66,   595.71,   736.59
  347.72,   592.66,   860.61
  476.97,   350.14,   600.46
  476.71,   348.90,   727.09
  477.06,   345.40,   852.58
  475.43,   475.77,   604.99
  473.99,   476.52,   732.79
  474.20,   473.51,   857.86
  473.37,   600.38,   609.19
  471.88,   599.71,   737.35
  471.94,   597.18,   861.49
  601.71,   351.05,   600.53
  601.66,   349.10,   726.71
  602.10,   346.20,   851.80
  600.52,   476.25,   604.15
  598.98,   476.22,   732.32
  599.57,   473.56,   858.26
  599.20,   601.32,   608.35
  596.90,   600.69,   736.29
  597.14,   597.61,   861.39
  348.07,   474.32,   100.15
  349.84,   475.88,   224.33
  355.07,   475.21,   347.71
  346.95,   599.35,    99.63
  349.39,   600.28,   223.72
  353.59,   600.06,   346.89
  346.07,   724.70,    98.42
  349.64,   724.27,   223.24
  352.23,   724.82,   346.18
  472.11,   476.59,    96.47
  473.81,   478.06,   220.58
  480.06,   475.72,   343.49
  471.13,   601.72,    96.29
  473.54,   602.41,   220.18
  479.27,   600.83,   342.92
  471.15,   726.49,    95.72
  474.84,   726.10,   220.49
  478.62,   726.36,   342.87
  597.50,   478.38,    92.62
  600.59,   479.21,   217.49
  606.05,   476.76,   340.23
  596.23,   603.22,    92.35
  599.53,   603.84,   216.66
  605.61,   601.87,   339.79
  595.89,   727.17,    91.81
  599.87,   727.69,   216.16
  604.87,   727.71,   340.06
  348.88,   475.40,   224.24
  350.65,   472.76,   347.70
  351.76,   470.42,   472.11
  352.45,   599.81,   225.58
  353.23,   597.53,   348.81
  353.76,   595.56,   473.49
  356.79,   723.77,   227.14
  355.93,   722.27,   350.05
  355.36,   721.02,   474.69
  472.91,   473.48,   223.87
  475.67,   469.13,   346.85
  477.26,   466.47,   471.29
  476.65,   597.82,   225.40
  478.97,   594.14,   348.22
  480.01,   591.83,   472.91
  482.01,   721.54,   227.65
  482.39,   719.68,   350.10
  482.16,   718.00,   474.66
  599.77,   470.49,   224.16
  601.64,   466.02,   346.95
  602.56,   463.08,   471.16
  602.80,   595.12,   225.35
  605.36,   591.01,   348.46
  606.28,   588.34,   472.99
  607.12,   719.08,   226.72
  608.75,   716.86,   350.77
  609.18,   714.83,   475.94
  350.54,   475.18,   348.76
  353.64,   475.96,   473.16
  355.04,   478.26,   599.27
  349.56,   600.02,   346.82
  352.04,   601.18,   471.42
  353.78,   603.20,   598.15
  348.73,   724.74,   344.99
  350.11,   726.66,   469.49
  352.32,   727.93,   596.65
  475.55,   475.09,   345.94
  479.18,   475.51,   470.36
  480.39,   479.37,   597.29
  475.25,   600.20,   344.26
  478.32,   600.99,   468.85
  479.32,   603.99,   596.31
  475.12,   725.73,   343.09
  476.87,   727.26,   467.43
  478.19,   728.08,   594.89
  601.56,   475.51,   344.08
  604.59,   475.62,   468.20
  605.51,   478.87,   594.95
  601.66,   600.65,   342.54
  604.71,   601.06,   467.03
  605.27,   603.95,   594.02
  601.45,   726.51,   341.71
  603.93,   727.69,   466.80
  604.82,   729.05,   593.33
  351.88,   475.02,   474.13
  348.34,   479.14,   600.17
  343.84,   484.18,   726.93
  350.78,   600.19,   470.48
  347.59,   604.07,   597.10
  343.88,   607.96,   724.31
  349.34,   725.62,   466.63
  346.59,   728.84,   593.67
  344.54,   730.97,   721.09
  477.42,   474.21,   476.28
  473.59,   480.10,   603.27
  468.56,   487.73,   731.13
  477.03,   599.62,   472.86
  473.01,   604.57,   600.34
  468.04,   610.41,   728.56
  476.07,   725.82,   469.52
  472.39,   728.53,   596.95
  468.61,   730.62,   724.96
  602.78,   473.92,   479.07
  598.63,   479.39,   605.98
  593.49,   486.48,   734.24
  603.38,   599.29,   475.98
  598.83,   604.30,   603.11
  592.98,   610.44,   731.04
  603.11,   725.85,   473.83
  598.91,   729.10,   600.36
  593.61,   732.16,   726.69
  351.40,   477.12,   599.11
  352.06,   478.45,   725.99
  353.62,   478.16,   851.07
  351.03,   602.10,   600.11
  352.37,   602.29,   727.46
  353.98,   602.31,   851.89
  350.49,   726.81,   600.75
  353.47,   724.98,   728.30
  355.99,   725.68,   852.76
  476.75,   477.39,   596.89
  476.94,   481.11,   724.82
  478.52,   481.57,   850.28
  476.53,   602.08,   598.04
  476.68,   604.21,   726.36
  478.04,   604.92,   851.11
  476.29,   726.10,   598.75
  477.53,   724.48,   726.79
  478.68,   725.15,   850.60
  601.87,   476.07,   594.30
  601.95,   478.89,   722.53
  603.85,   479.51,   848.89
  602.46,   601.18,   595.49
  601.82,   603.37,   723.48
  603.17,   603.56,   849.02
  602.88,   726.23,   596.88
  602.72,   725.62,   723.20
  603.08,   725.17,   846.84
  348.67,   600.93,   102.73
  344.58,   603.44,   226.74
  341.95,   605.02,   349.98
  346.26,   726.16,    99.69
  343.12,   727.40,   224.42
  338.87,   729.65,   347.43
  343.27,   851.63,    96.68
  340.58,   852.86,   221.73
  336.10,   855.00,   345.25
  472.61,   605.17,   106.11
  468.81,   607.14,   229.75
  467.67,   607.39,   352.53
  471.33,   729.55,   103.78
  468.35,   730.90,   228.30
  465.15,   732.97,   350.63
  469.15,   854.39,   101.16
  465.49,   856.64,   225.95
  461.35,   859.31,   348.20
  597.63,   608.49,   108.85
  594.88,   610.16,   232.82
  594.14,   609.97,   355.97
  595.98,   732.07,   106.49
  593.53,   734.17,   230.71
  591.58,   736.02,   354.52
  594.07,   856.39,   104.67
  590.45,   859.26,   229.00
  587.03,   862.54,   352.19
  349.88,   601.20,   225.98
  351.27,   598.02,   349.20
  352.45,   595.11,   473.87
  348.37,   725.14,   228.41
  348.10,   722.72,   351.39
  348.20,   720.55,   476.06
  345.73,   850.55,   230.47
  345.09,   848.09,   353.88
  344.88,   845.85,   478.86
  474.15,   605.00,   225.26
  477.01,   600.48,   348.04
  478.66,   597.24,   472.71
  473.67,   728.69,   228.48
  474.52,   726.01,   350.86
  474.88,   723.41,   475.40
  470.73,   854.38,   230.86
  470.65,   852.36,   353.20
  471.16,   849.54,   478.01
  600.24,   608.12,   224.58
  603.44,   603.21,   347.75
  605.01,   599.62,   472.31
  598.83,   732.02,   227.08
  600.91,   729.09,   351.00
  601.92,   726.17,   476.15
  595.73,   857.01,   230.12
  596.41,   855.58,   353.57
  597.64,   852.73,   478.74
  347.45,   598.24,   350.25
  351.54,   594.53,   474.84
  354.83,   591.75,   601.50
  344.20,   722.89,   353.27
  347.25,   719.95,   477.90
  351.09,   716.33,   605.07
  341.16,   848.21,   356.62
  343.88,   845.21,   481.58
  348.03,   841.10,   608.58
  473.07,   600.84,   346.20
  477.69,   596.77,   470.76
  480.26,   595.02,   598.16
  470.55,   726.31,   349.86
  473.87,   722.93,   474.31
  476.75,   718.95,   601.83
  466.65,   852.62,   353.04
  470.10,   849.03,   477.79
  473.95,   843.45,   605.56
  599.39,   603.74,   343.03
  604.00,   599.27,   467.44
  606.11,   597.32,   594.34
  596.89,   729.54,   347.10
  600.87,   725.82,   472.13
  603.26,   722.34,   598.65
  592.37,   855.99,   350.50
  596.53,   852.37,   475.60
  600.33,   847.20,   602.40
  349.64,   598.70,   473.74
  346.18,   601.56,   600.40
  342.19,   604.45,   727.57
  351.00,   724.12,   470.98
  348.01,   726.28,   598.10
  345.64,   727.43,   725.52
  353.30,   849.50,   468.81
  350.55,   851.17,   595.83
  349.23,   852.35,   722.59
  475.85,   595.31,   476.44
  471.53,   599.35,   603.99
  466.27,   604.33,   732.18
  477.72,   721.45,   474.21
  473.73,   723.19,   601.73
  469.58,   724.49,   729.72
  479.60,   847.69,   471.90
  476.60,   847.93,   599.60
  473.66,   847.04,   727.64
  602.11,   592.13,   479.81
  597.24,   596.26,   607.04
  591.15,   601.57,   735.06
  604.72,   718.61,   478.77
  600.15,   720.97,   605.37
  594.47,   723.28,   731.73
  606.08,   845.26,   476.70
  602.98,   845.88,   603.31
  598.72,   845.54,   729.85
  351.29,   598.63,   601.33
  347.28,   601.91,   728.54
  343.61,   604.88,   852.82
  350.06,   723.33,   598.68
  347.69,   724.76,   726.11
  345.08,   728.53,   850.57
  349.50,   848.26,   596.04
  348.25,   849.68,   722.81
  346.99,   854.23,   847.90
  476.68,   599.47,   604.78
  471.43,   604.75,   732.98
  467.62,   608.33,   857.25
  475.81,   723.31,   602.18
  471.70,   724.87,   730.15
  467.64,   728.78,   853.76
  475.59,   848.08,   599.69
  472.73,   847.45,   727.74
  468.74,   851.09,   851.73
  602.42,   599.41,   607.71
  596.37,   604.87,   735.64
  592.75,   607.89,   860.59
  602.26,   724.18,   605.71
  596.66,   726.67,   731.98
  591.75,   729.36,   855.23
  602.00,   849.10,   603.27
  597.85,   848.96,   729.90
  591.90,   850.81,   852.83
  476.64,    99.35,   101.43
  473.75,    99.62,   227.03
  469.21,   102.15,   351.19
  476.74,   225.49,    99.79
  473.19,   226.78,   224.78
  469.00,   228.42,   348.77
  475.43,   351.22,    99.11
  471.04,   353.67,   223.63
  468.93,   353.28,   346.93
  601.49,    99.21,   103.96
  598.33,   100.83,   229.44
  593.39,   103.12,   354.31
  601.40,   224.21,   102.28
  598.04,   226.11,   227.49
  593.67,   228.36,   352.98
  600.54,   351.03,   101.89
  597.24,   352.86,   226.74
  594.28,   352.71,   350.63
  725.50,    99.03,   106.28
  722.21,   101.87,   231.42
  717.79,   103.30,   357.87
  725.65,   223.71,   104.69
  722.45,   225.09,   229.73
  718.40,   228.26,   357.14
  726.07,   350.57,   105.14
  723.51,   351.14,   229.77
  719.82,   352.73,   354.66
  478.17,    99.13,   224.78
  479.98,    97.96,   348.97
  482.05,    96.86,   473.02
  474.11,   226.19,   226.31
  476.31,   224.12,   350.36
  479.00,   221.87,   474.64
  468.52,   352.97,   228.88
  472.83,   348.89,   352.19
  476.83,   345.75,   476.58
  602.78,   103.76,   220.79
  604.17,   102.42,   345.72
  606.17,   100.89,   470.69
  598.94,   229.03,   222.68
  600.97,   227.56,   348.23
  603.43,   225.44,   473.54
  594.60,   355.78,   225.76
  598.10,   351.89,   349.65
  601.57,   348.69,   474.34
  726.60,   108.03,   216.24
  728.58,   105.98,   342.85
  731.46,   104.14,   469.42
  723.37,   231.42,   218.50
  725.73,   230.80,   345.80
  728.07,   229.56,   472.82
  720.90,   357.59,   222.53
  723.67,   355.39,   347.30
  726.10,   352.79,   472.50
  474.79,    98.79,   349.74
  474.35,   103.66,   473.74
  475.15,   107.03,   598.34
  477.77,   224.93,   345.15
  477.95,   228.60,   469.38
  478.91,   231.72,   594.19
  480.78,   349.80,   341.05
  482.38,   352.36,   465.30
  482.87,   357.19,   591.16
  598.99,    96.53,   349.00
  598.51,   100.94,   473.96
  599.69,   104.11,   599.00
  602.46,   221.66,   345.58
  602.38,   225.49,   470.85
  603.54,   228.33,   595.42
  606.19,   346.10,   341.09
  607.12,   348.72,   465.68
  607.52,   352.99,   591.27
  723.46,    93.52,   348.53
  723.78,    97.47,   475.00
  724.78,   101.67,   600.53
  727.13,   218.21,   345.74
  727.02,   222.95,   472.79
  727.92,   225.64,   597.59
  731.72,   342.84,   341.28
  731.62,   346.28,   466.55
  731.70,   348.76,   591.90
  476.30,   100.49,   476.33
  477.45,   103.23,   600.99
  479.52,   104.61,   725.96
  473.02,   225.46,   472.61
  474.32,   227.88,   597.45
  475.91,   230.02,   722.82
  470.56,   349.32,   469.26
  471.35,   353.47,   595.15
  471.34,   359.05,   721.95
  600.44,   104.69,   476.11
  602.02,   107.12,   601.11
  604.76,   108.77,   725.38
  597.50,   229.13,   473.47
  599.01,   231.36,   598.07
  600.84,   233.52,   722.07
  595.38,   352.39,   468.96
  596.09,   356.22,   594.67
  596.24,   361.16,   721.12
  725.69,   108.27,   477.04
  727.06,   111.63,   602.33
  729.33,   114.08,   725.46
  722.14,   233.44,   474.81
  723.36,   235.39,   599.62
  725.04,   237.09,   722.27
  719.97,   356.61,   469.14
  720.32,   358.63,   594.60
  720.68,   360.78,   720.13
  476.62,   101.82,   598.44
  480.25,    99.66,   723.53
  482.57,    98.18,   848.16
  477.01,   226.48,   598.57
  480.26,   224.78,   723.87
  482.38,   223.48,   849.05
  477.51,   352.24,   600.00
  479.17,   353.99,   726.73
  481.46,   353.52,   852.31
  601.17,   102.29,   596.99
  605.48,   100.46,   721.58
  608.10,    99.06,   845.08
  601.69,   226.54,   597.72
  605.23,   224.84,   721.60
  607.14,   224.15,   845.13
  602.25,   351.44,   598.02
  604.12,   352.35,   724.29
  606.51,   352.40,   849.55
  726.28,   103.22,   596.52
  730.11,   102.21,   720.16
  733.20,   100.89,   842.23
  726.08,   227.24,   597.83
  729.46,   225.27,   720.36
  731.66,   225.12,   841.67
  726.48,   350.45,   596.52
  728.56,   348.70,   721.80
  731.20,   348.55,   846.20
  475.42,   222.91,   100.35
  478.34,   223.15,   225.34
  480.53,   223.89,   349.44
  473.83,   348.71,   100.64
  475.99,   350.11,   225.12
  480.25,   348.76,   348.47
  472.61,   474.02,   100.78
  474.34,   475.32,   224.82
  480.36,   473.07,   347.75
  600.02,   221.85,    96.40
  603.20,   222.64,   221.55
  605.24,   224.04,   347.21
  598.97,   348.56,    96.93
  602.17,   349.48,   221.83
  605.60,   348.49,   345.87
  598.14,   474.44,    97.23
  601.15,   475.16,   221.98
  606.32,   472.80,   344.74
  724.20,   221.72,    92.63
  727.54,   221.81,   217.14
  729.98,   223.96,   344.63
  724.32,   348.65,    93.85
  728.38,   347.93,   218.36
  731.17,   348.70,   343.38
  724.55,   474.64,    94.23
  728.73,   473.99,   219.02
  732.32,   473.25,   342.18
  476.65,   224.59,   227.14
  474.01,   222.00,   351.21
  471.85,   219.26,   475.46
  471.15,   351.39,   230.11
  470.59,   346.79,   353.45
  469.72,   343.18,   477.87
  466.45,   476.41,   232.95
  467.59,   470.99,   355.95
  467.32,   467.44,   480.56
  601.45,   227.31,   228.37
  598.64,   225.33,   353.95
  596.31,   222.62,   479.14
  597.26,   353.96,   231.79
  595.87,   349.57,   355.72
  594.50,   345.92,   480.44
  593.14,   479.35,   234.97
  593.51,   473.66,   357.71
  592.67,   469.87,   482.12
  725.88,   229.63,   229.13
  723.38,   228.54,   356.56
  720.95,   226.60,   483.39
  723.55,   355.66,   233.42
  721.38,   352.98,   358.27
  719.00,   349.74,   483.51
  720.68,   481.48,   236.98
  719.43,   477.20,   360.04
  717.47,   473.31,   484.28
  473.81,   223.69,   349.97
  470.44,   223.34,   474.20
  467.85,   222.34,   599.02
  476.71,   348.52,   349.96
  474.65,   347.23,   474.34
  471.51,   348.04,   600.24
  480.05,   472.76,   350.15
  478.64,   471.46,   474.65
  474.85,   473.58,   601.61
  598.41,   220.69,   353.90
  594.83,   220.40,   479.06
  592.54,   219.12,   603.52
  602.00,   345.01,   353.45
  599.35,   343.75,   478.16
  596.18,   344.17,   603.81
  606.02,   469.17,   353.18
  603.91,   467.66,   477.46
  599.81,   469.32,   604.33
  723.04,   217.60,   357.73
  719.41,   218.11,   484.58
  716.94,   216.64,   609.10
  727.39,   342.12,   357.20
  723.74,   341.39,   482.56
  720.33,   339.92,   607.95
  731.84,   466.47,   356.71
  728.55,   464.98,   480.90
  724.36,   464.07,   606.91
  472.90,   226.97,   473.19
  473.83,   226.02,   598.07
  475.10,   224.65,   723.43
  476.10,   350.86,   473.19
  476.48,   351.74,   599.15
  476.16,   353.82,   725.91
  479.03,   475.14,   473.38
  478.79,   477.27,   600.38
  477.31,   481.26,   728.33
  597.36,   225.08,   474.53
  598.53,   223.90,   599.14
  600.12,   222.50,   723.03
  600.86,   348.42,   473.44
  601.20,   348.83,   599.16
  601.13,   350.09,   725.41
  604.39,   472.37,   472.64
  603.86,   473.91,   599.47
  602.32,   477.01,   727.71
  722.01,   223.82,   476.41
  722.94,   222.48,   601.23
  724.41,   220.86,   723.67
  725.37,   347.14,   474.22
  725.41,   345.69,   599.71
  725.59,   344.34,   724.89
  729.16,   470.79,   472.54
  728.53,   469.86,   598.46
  727.58,   469.29,   725.80
  473.53,   224.00,   598.73
  476.02,   223.03,   724.06
  477.36,   222.50,   849.30
  476.69,   349.71,   599.35
  477.60,   352.19,   726.08
  479.09,   352.51,   851.70
  479.54,   475.23,   600.11
  479.27,   479.66,   728.05
  480.50,   480.63,   853.41
  598.20,   221.38,   598.62
  601.01,   220.38,   722.49
  602.11,   220.43,   846.09
  601.39,   346.27,   598.18
  602.55,   347.89,   724.37
  604.15,   348.71,   849.63
  604.60,   471.31,   597.99
  604.27,   474.77,   726.19
  605.84,   475.96,   852.45
  722.60,   219.49,   599.56
  725.28,   218.29,   721.99
  726.65,   218.90,   843.30
  725.59,   342.69,   597.59
  726.98,   341.71,   722.70
  728.82,   342.39,   846.96
  729.23,   466.79,   595.81
  729.51,   466.55,   723.08
  731.38,   467.09,   849.85
  472.68,   351.72,   101.71
  473.68,   354.41,   226.18
  476.89,   354.31,   349.51
  473.43,   476.96,   100.48
  473.99,   479.58,   224.52
  478.89,   478.64,   347.46
  475.75,   601.96,    98.82
  476.94,   603.94,   222.66
  481.29,   603.77,   345.44
  597.88,   349.67,    99.15
  599.91,   351.88,   224.05
  602.25,   352.12,   348.03
  598.95,   475.50,    98.10
  600.83,   477.48,   222.84
  604.89,   476.42,   345.59
  600.87,   600.27,    96.30
  602.99,   602.13,   220.57
  607.67,   601.56,   343.72
  723.29,   347.69,    97.17
  726.16,   348.40,   221.75
  727.81,   350.44,   346.76
  725.42,   473.71,    96.28
  728.43,   474.40,   221.04
  730.88,   474.94,   344.20
  727.00,   598.21,    93.69
  730.05,   599.83,   218.53
  733.48,   599.92,   342.44
  473.50,   352.30,   226.59
  477.49,   349.89,   349.93
  481.25,   348.38,   474.33
  473.14,   477.46,   227.26
  478.85,   474.17,   350.21
  483.28,   472.65,   474.69
  475.38,   601.83,   227.71
  480.57,   599.29,   350.50
  484.44,   598.11,   475.22
  599.70,   350.51,   223.62
  602.82,   348.43,   347.64
  605.99,   346.92,   472.35
  599.93,   476.11,   224.74
  604.79,   472.69,   347.51
  608.60,   470.85,   471.69
  601.44,   600.75,   224.81
  606.92,   597.80,   347.95
  610.75,   596.22,   472.50
  725.93,   347.76,   220.48
  728.37,   347.46,   345.51
  730.50,   346.64,   470.83
  727.51,   473.78,   222.11
  730.75,   471.97,   345.28
  733.34,   470.30,   469.33
  728.47,   599.21,   221.96
  732.71,   596.91,   345.84
  735.85,   595.24,   470.43
  472.83,   351.61,   348.60
  470.14,   354.33,   472.88
  466.27,   359.28,   598.78
  471.44,   475.96,   344.70
  469.45,   478.61,   469.04
  465.03,   484.60,   595.88
  470.46,   601.05,   340.79
  467.85,   604.06,   465.23
  463.27,   609.11,   592.53
  598.17,   352.74,   352.68
  594.94,   355.43,   477.20
  591.01,   360.13,   602.91
  597.49,   477.01,   348.33
  594.87,   479.44,   472.44
  590.11,   485.21,   599.28
  596.91,   602.17,   344.58
  594.26,   604.88,   469.02
  589.13,   610.07,   596.06
  723.68,   354.51,   357.05
  719.43,   357.64,   482.06
  715.21,   360.32,   607.44
  723.50,   478.86,   352.47
  719.70,   481.34,   476.48
  714.79,   484.78,   602.46
  722.84,   603.82,   348.89
  719.60,   606.42,   473.52
  714.65,   610.65,   599.31
  476.57,   347.88,   472.08
  473.39,   345.39,   597.89
  469.60,   343.90,   724.42
  474.26,   472.12,   475.53
  470.43,   470.97,   602.42
  465.45,   471.54,   730.11
  470.99,   597.52,   479.09
  466.92,   595.63,   606.64
  461.89,   594.86,   734.74
  601.34,   350.53,   475.98
  598.07,   347.74,   601.64
  594.47,   345.76,   727.73
  599.60,   474.47,   478.43
  595.41,   472.98,   605.32
  590.32,   473.06,   733.45
  597.30,   599.85,   482.30
  592.60,   598.01,   609.54
  586.73,   597.46,   737.56
  725.83,   354.30,   480.31
  722.25,   349.63,   605.78
  718.84,   345.24,   730.95
  724.37,   477.88,   481.92
  720.03,   473.90,   607.98
  715.41,   470.51,   735.43
  722.57,   602.88,   486.19
  718.07,   599.79,   612.00
  712.71,   597.37,   738.65
  475.42,   351.17,   600.23
  474.80,   352.15,   726.96
  474.80,   350.88,   852.54
  477.25,   476.75,   602.57
  475.46,   479.67,   730.47
  475.25,   478.97,   855.68
  478.58,   601.37,   604.55
  476.73,   602.79,   732.82
  476.31,   602.51,   857.24
  600.16,   348.74,   600.55
  599.78,   348.95,   726.78
  599.89,   348.24,   851.99
  602.33,   473.88,   601.98
  600.47,   475.96,   730.20
  600.65,   475.55,   856.29
  604.43,   598.94,   603.96
  601.80,   600.41,   731.95
  601.53,   599.57,   857.27
  724.39,   346.03,   601.40
  724.25,   343.68,   726.57
  724.61,   343.04,   850.84
  727.01,   470.22,   601.25
  725.73,   468.66,   728.63
  726.21,   467.86,   855.31
  729.92,   596.06,   603.05
  728.04,   595.59,   729.60
  728.19,   593.90,   856.30
  474.69,   475.88,   103.04
  472.37,   480.30,   227.01
  474.25,   481.36,   349.93
  472.86,   600.70,    99.42
  471.06,   604.62,   223.23
  472.30,   606.50,   345.97
  471.95,   725.32,    95.38
  471.26,   728.29,   220.16
  470.50,   731.99,   342.51
  600.22,   478.75,   103.68
  599.19,   482.46,   228.21
  600.30,   483.34,   350.90
  597.92,   603.39,    99.85
  597.13,   607.07,   223.99
  598.76,   608.54,   347.12
  596.70,   727.09,    95.84
  596.39,   730.94,   220.18
  596.85,   734.44,   344.01
  726.92,   481.02,   104.77
  726.81,   483.77,   229.33
  726.30,   486.13,   352.37
  724.06,   605.54,   100.10
  724.12,   609.10,   224.81
  724.64,   611.11,   348.79
  721.19,   728.32,    94.21
  720.94,   733.42,   219.93
  721.89,   736.73,   346.27
  472.07,   477.82,   226.13
  476.35,   477.97,   349.07
  479.39,   479.87,   473.53
  475.45,   602.19,   223.22
  479.21,   603.09,   345.98
  481.68,   605.32,   470.59
  480.42,   725.88,   221.02
  482.24,   728.62,   343.43
  483.44,   731.55,   467.78
  598.87,   475.23,   225.07
  602.33,   475.23,   347.81
  604.77,   476.81,   471.98
  601.51,   599.88,   221.77
  605.59,   600.36,   344.88
  608.06,   602.20,   469.41
  605.44,   723.78,   218.66
  608.50,   726.22,   342.68
  610.47,   728.79,   467.82
  726.46,   471.66,   223.91
  728.30,   473.25,   347.05
  729.54,   474.97,   471.08
  728.61,   597.07,   220.39
  731.42,   598.20,   344.23
  733.22,   599.95,   468.86
  730.13,   721.48,   216.24
  733.48,   723.71,   342.55
  735.86,   726.06,   468.57
  473.17,   474.22,   347.71
  475.46,   474.85,   472.18
  475.34,   478.88,   599.15
  473.94,   599.34,   345.86
  475.67,   600.31,   470.50
  475.35,   603.48,   598.00
  474.88,   724.88,   344.52
  475.31,   726.55,   468.91
  475.31,   727.51,   596.41
  599.18,   473.53,   347.13
  600.88,   473.86,   471.32
  600.47,   477.39,   598.15
  600.37,   598.67,   345.43
  602.07,   599.28,   469.97
  601.27,   602.42,   597.06
  601.26,   724.56,   344.46
  602.40,   725.89,   469.57
  601.92,   727.41,   596.15
  725.22,   473.59,   347.05
  725.72,   474.05,   471.12
  725.19,   475.17,   597.03
  726.29,   598.57,   345.49
  727.35,   599.07,   470.13
  726.80,   601.02,   595.89
  726.35,   724.16,   345.06
  727.96,   725.27,   471.04
  728.08,   727.66,   596.11
  476.33,   474.22,   471.12
  476.76,   476.50,   598.07
  475.92,   480.72,   726.01
  474.17,   599.70,   471.22
  474.39,   601.16,   598.73
  473.53,   603.78,   727.05
  471.40,   725.92,   471.38
  471.96,   725.16,   598.94
  472.24,   724.03,   727.01
  601.74,   475.60,   469.74
  601.87,   477.35,   596.54
  600.91,   480.72,   724.80
  600.57,   601.04,   470.16
  600.29,   602.44,   597.25
  598.62,   605.14,   725.26
  598.48,   727.66,   471.47
  598.53,   727.40,   598.10
  597.37,   727.19,   724.52
  726.60,   478.16,   469.00
  726.60,   477.54,   594.88
  726.19,   477.31,   722.25
  725.87,   603.19,   469.82
  725.84,   603.42,   595.57
  724.84,   604.38,   721.98
  724.09,   729.43,   472.46
  724.72,   730.05,   597.52
  724.09,   731.34,   721.29
  477.30,   475.04,   600.30
  471.96,   482.87,   728.16
  468.08,   487.21,   853.35
  474.48,   599.55,   597.16
  469.15,   605.69,   725.39
  465.02,   610.38,   850.02
  471.56,   723.57,   593.54
  467.42,   725.94,   721.59
  463.29,   730.55,   845.75
  602.28,   476.56,   603.29
  596.84,   483.74,   731.51
  593.44,   488.34,   857.49
  600.25,   601.49,   600.19
  594.09,   607.85,   728.14
  590.01,   612.07,   853.28
  598.06,   726.33,   597.24
  592.43,   729.62,   723.65
  587.25,   733.19,   847.10
  726.92,   477.15,   606.04
  722.05,   480.80,   733.45
  719.10,   485.10,   860.12
  725.69,   603.05,   602.91
  720.18,   607.81,   729.31
  716.63,   611.19,   855.68
  724.16,   729.60,   601.04
  718.98,   734.47,   724.77
  714.00,   737.47,   849.59
  473.65,   600.43,   101.75
  474.91,   602.03,   225.52
  479.24,   601.56,   348.32
  473.14,   724.98,   100.10
  475.44,   725.76,   224.73
  477.78,   727.15,   347.14
  471.92,   849.81,    98.18
  473.69,   851.36,   223.17
  474.93,   853.55,   345.45
  598.80,   602.66,    99.21
  601.00,   604.11,   223.41
  605.65,   603.26,   346.58
  597.87,   726.43,    97.51
  600.56,   728.04,   221.82
  604.11,   729.19,   345.78
  596.84,   850.80,    96.25
  598.63,   852.87,   220.86
  600.63,   855.64,   344.33
  724.94,   604.41,    96.51
  728.00,   605.75,   221.32
  731.45,   605.54,   345.31
  722.40,   727.25,    92.95
  725.12,   730.13,   218.69
  729.07,   731.11,   345.08
  720.77,   851.73,    91.61
  722.72,   853.61,   217.75
  725.38,   856.69,   344.41
  471.45,   600.07,   227.30
  475.92,   597.79,   350.11
  479.11,   596.88,   474.83
  470.44,   723.79,   228.30
  472.90,   723.35,   350.70
  474.83,   723.06,   475.26
  467.19,   849.36,   228.54
  468.58,   849.69,   350.86
  470.60,   849.23,   475.60
  597.50,   603.70,   225.09
  602.29,   601.03,   348.23
  605.41,   599.75,   472.83
  595.61,   727.61,   225.37
  599.26,   726.93,   349.25
  601.84,   726.32,   474.41
  592.13,   852.54,   226.21
  594.31,   853.41,   349.62
  597.03,   852.92,   474.72
  724.44,   606.91,   222.87
  728.09,   604.84,   346.86
  730.61,   603.45,   471.55
  720.14,   731.26,   222.15
  724.25,   730.41,   348.46
  727.34,   729.63,   474.45
  716.25,   854.83,   223.14
  719.05,   856.10,   349.56
  721.95,   856.13,   474.96
  474.79,   598.02,   346.96
  475.76,   594.22,   471.60
  474.67,   592.78,   599.07
  473.05,   723.52,   350.28
  472.70,   720.39,   474.79
  471.90,   716.71,   602.37
  469.95,   849.86,   353.14
  469.70,   846.53,   477.92
  469.86,   841.21,   605.72
  601.24,   599.99,   347.35
  602.10,   595.85,   471.87
  600.48,   594.32,   598.94
  599.48,   725.85,   351.10
  599.77,   722.39,   476.20
  598.40,   719.21,   602.83
  595.77,   852.35,   354.23
  596.26,   848.97,   479.40
  596.32,   844.00,   606.26
  727.12,   602.53,   348.25
  727.36,   598.30,   472.85
  725.96,   595.48,   598.56
  724.57,   728.08,   352.65
  725.37,   724.47,   478.49
  724.58,   722.11,   603.42
  720.58,   853.84,   356.57
  721.34,   850.96,   481.98
  721.98,   847.33,   606.76
  474.71,   599.78,   472.33
  472.32,   598.64,   599.83
  468.88,   598.73,   728.08
  477.52,   725.92,   475.21
  475.42,   722.52,   602.78
  473.01,   718.96,   730.78
  480.41,   852.05,   478.02
  479.28,   847.07,   605.85
  478.06,   841.10,   733.78
  601.04,   595.55,   473.75
  598.10,   594.45,   600.87
  593.85,   594.75,   728.97
  604.56,   722.04,   477.82
  601.87,   719.27,   604.40
  597.96,   716.72,   730.80
  606.86,   848.60,   480.80
  605.63,   844.08,   607.50
  603.06,   838.83,   733.81
  726.22,   592.14,   475.78
  723.48,   589.71,   601.56
  719.85,   587.98,   728.31
  730.07,   718.25,   481.15
  727.95,   716.32,   606.04
  724.56,   714.98,   730.02
  731.95,   844.70,   484.70
  731.27,   841.68,   609.23
  729.53,   839.00,   732.69
  475.28,   600.35,   599.69
  473.38,   605.70,   727.99
  472.74,   609.54,   852.59
  477.18,   724.31,   597.02
  476.39,   725.91,   725.07
  475.54,   729.72,   848.98
  479.73,   849.15,   594.47
  480.16,   848.54,   722.63
  479.39,   851.79,   846.86
  601.14,   597.38,   599.27
  598.44,   602.92,   727.29
  597.85,   606.28,   852.63
  603.75,   722.30,   597.28
  601.52,   724.99,   723.63
  599.83,   727.73,   847.21
  606.17,   847.37,   594.78
  605.44,   847.47,   721.38
  602.93,   849.11,   844.64
  726.59,   593.97,   598.57
  724.61,   597.72,   725.13
  724.52,   600.27,   851.71
  729.85,   720.58,   597.69
  728.22,   724.76,   721.53
  726.91,   727.09,   846.67
  731.71,   845.98,   595.35
  731.86,   848.46,   718.99
  729.85,   850.82,   843.07
  603.11,    99.30,   100.20
  606.98,    96.06,   225.62
  609.00,    93.12,   350.33
  603.63,   224.23,   103.60
  607.28,   220.92,   228.72
  609.84,   218.26,   354.41
  603.29,   351.11,   108.33
  607.16,   347.55,   233.00
  611.08,   342.51,   357.08
  726.94,    98.52,    95.70
  731.01,    96.63,   220.54
  733.59,    92.73,   346.66
  727.80,   223.39,    99.12
  731.59,   219.49,   223.76
  734.53,   217.56,   351.33
  728.81,   350.11,   104.52
  733.29,   345.44,   228.99
  736.48,   342.24,   354.10
  851.75,    98.06,    92.04
  855.72,    95.20,   216.82
  859.18,    91.42,   343.38
  852.59,   223.66,    95.33
  856.47,   219.06,   219.58
  859.12,   215.65,   348.07
  854.14,   348.97,   100.66
  858.64,   344.56,   224.91
  860.69,   341.93,   350.95
  601.61,    99.89,   224.09
  598.41,   102.05,   349.01
  595.79,   104.15,   473.97
  599.88,   225.05,   222.20
  597.24,   227.26,   347.77
  595.11,   228.69,   472.97
  597.59,   351.89,   221.57
  596.35,   351.71,   345.53
  595.26,   352.03,   470.12
  725.53,   102.28,   224.24
  722.85,   103.63,   350.76
  721.03,   105.50,   477.32
  724.29,   225.46,   222.59
  722.01,   228.51,   350.03
  719.76,   230.78,   476.89
  723.89,   351.57,   222.83
  721.98,   353.09,   347.74
  719.84,   354.02,   472.89
  850.17,   102.82,   225.68
  848.24,   103.87,   352.76
  846.67,   105.37,   479.41
  849.12,   226.89,   223.64
  846.58,   228.84,   352.15
  844.71,   231.02,   479.79
  849.42,   352.41,   224.00
  846.44,   354.90,   349.85
  843.95,   356.12,   475.20
  598.93,    99.99,   350.47
  596.91,   101.82,   475.44
  596.56,   102.41,   600.47
  596.26,   225.18,   349.51
  594.69,   226.36,   474.72
  594.33,   226.66,   599.29
  593.86,   349.59,   347.49
  593.32,   349.69,   472.12
  592.15,   351.65,   597.85
  723.38,   103.07,   351.67
  722.14,   104.67,   478.23
  721.64,   106.12,   603.52
  721.02,   227.95,   351.20
  719.33,   229.95,   478.06
  718.73,   229.98,   602.81
  719.46,   352.48,   349.14
  717.89,   353.15,   474.30
  716.38,   353.30,   599.80
  848.74,   104.79,   353.12
  847.73,   106.05,   479.78
  846.63,   108.21,   604.83
  845.58,   229.79,   352.73
  844.28,   231.71,   480.37
  843.44,   232.61,   604.98
  843.95,   355.81,   350.65
  842.03,   356.77,   476.01
  841.23,   356.15,   600.90
  600.82,   101.10,   474.77
  603.12,   101.44,   599.87
  606.61,   101.08,   724.41
  598.93,   225.67,   474.47
  601.23,   225.66,   599.09
  603.92,   225.46,   722.98
  597.91,   348.99,   472.20
  599.39,   350.57,   597.92
  600.41,   353.06,   724.23
  726.10,   103.51,   474.85
  728.23,   104.76,   600.24
  731.24,   105.19,   723.73
  723.60,   228.90,   475.14
  725.61,   228.69,   600.00
  728.13,   228.21,   722.53
  722.48,   352.16,   471.73
  723.62,   351.92,   597.23
  724.84,   351.75,   722.58
  851.67,   104.51,   473.62
  853.19,   106.23,   598.68
  854.91,   107.83,   721.74
  848.53,   230.13,   474.69
  850.37,   230.81,   599.39
  851.96,   231.19,   721.60
  846.58,   355.38,   470.77
  848.49,   354.59,   595.61
  850.41,   353.45,   720.47
  597.60,   101.93,   600.55
  596.65,   101.14,   725.06
  593.81,   100.80,   848.60
  598.29,   226.20,   600.11
  596.56,   225.66,   723.99
  593.18,   226.09,   847.77
  599.01,   351.18,   599.34
  595.62,   353.44,   725.63
  592.74,   354.73,   850.98
  722.71,   102.70,   605.29
  721.39,   102.69,   728.80
  718.96,   102.39,   850.77
  722.71,   226.63,   605.41
  720.86,   225.84,   727.79
  717.67,   226.91,   849.30
  723.22,   349.91,   603.12
  720.08,   349.55,   728.39
  717.51,   350.92,   852.88
  847.72,   101.84,   608.12
  845.16,   103.05,   731.28
  843.24,   104.06,   853.43
  847.42,   226.28,   609.28
  844.63,   226.31,   731.25
  841.62,   228.21,   852.06
  848.14,   349.92,   605.98
  845.46,   348.38,   730.79
  842.13,   348.45,   855.49
  601.22,   225.77,    98.51
  604.75,   228.61,   223.62
  607.26,   231.91,   349.21
  603.64,   352.42,    96.95
  607.28,   355.28,   221.84
  611.17,   356.23,   345.78
  606.40,   478.15,    95.11
  609.85,   480.87,   219.91
  615.41,   480.54,   342.62
  725.36,   222.04,    94.34
  729.10,   224.17,   218.89
  731.96,   228.31,   346.34
  728.97,   348.93,    93.53
  733.47,   350.16,   218.00
  736.67,   352.96,   342.97
  732.73,   474.86,    91.81
  737.39,   476.12,   216.58
  741.31,   477.51,   339.75
  850.04,   219.41,    90.79
  853.91,   220.88,   214.85
  856.45,   223.68,   343.30
  854.04,   344.97,    90.13
  858.85,   346.30,   214.04
  860.86,   349.85,   340.02
  858.31,   470.18,    88.23
  863.27,   472.04,   212.79
  865.22,   475.48,   336.78
  602.41,   225.24,   224.96
  598.62,   228.42,   350.52
  595.37,   230.75,   475.66
  603.74,   351.96,   223.43
  601.31,   352.78,   347.38
  599.04,   354.07,   471.94
  605.10,   477.58,   221.79
  604.35,   477.08,   344.51
  602.71,   478.05,   468.59
  726.76,   222.17,   226.57
  723.33,   226.22,   354.07
  719.95,   229.39,   480.85
  729.95,   348.15,   225.84
  726.84,   350.76,   350.84
  723.52,   352.64,   475.99
  732.70,   474.10,   224.64
  730.35,   475.20,   347.78
  727.48,   476.34,   471.79
  851.51,   220.08,   228.90
  847.85,   222.96,   357.49
  844.89,   226.13,   485.04
  855.31,   345.62,   228.23
  851.12,   349.03,   354.21
  847.56,   351.18,   479.58
  858.59,   471.39,   227.14
  854.41,   474.46,   351.06
  850.66,   476.05,   475.07
  601.25,   226.35,   349.01
  600.21,   226.55,   474.30
  600.39,   225.81,   598.90
  604.38,   350.73,   348.06
  604.30,   349.86,   472.75
  603.65,   350.69,   598.48
  607.90,   474.99,   347.32
  608.43,   473.80,   471.51
  606.93,   475.72,   598.32
  725.98,   223.62,   350.16
  724.85,   224.70,   477.18
  724.80,   223.78,   601.96
  729.90,   348.25,   349.21
  728.79,   348.02,   474.53
  727.85,   346.97,   600.00
  733.85,   472.71,   348.32
  733.16,   471.68,   472.42
  731.57,   471.13,   598.31
  850.53,   219.83,   351.17
  849.82,   220.70,   478.94
  849.53,   220.82,   603.56
  854.19,   345.97,   350.25
  852.84,   345.97,   475.81
  852.76,   344.57,   600.62
  857.86,   471.52,   349.31
  856.27,   470.97,   473.41
  856.32,   469.00,   598.34
  600.40,   226.02,   473.75
  603.86,   222.82,   598.36
  607.81,   219.35,   722.12
  601.78,   349.33,   474.65
  604.41,   347.70,   600.36
  606.71,   346.76,   726.47
  603.18,   473.30,   475.90
  604.92,   472.86,   602.74
  605.74,   473.79,   730.87
  725.06,   226.91,   473.24
  728.25,   223.61,   598.15
  732.02,   219.97,   720.58
  726.31,   350.21,   473.04
  728.63,   346.75,   598.55
  731.12,   343.25,   723.67
  727.97,   473.85,   473.45
  729.63,   470.91,   599.34
  731.03,   468.18,   726.59
  850.00,   225.69,   471.61
  853.03,   223.28,   596.38
  855.80,   220.69,   718.47
  850.38,   351.02,   470.94
  853.54,   347.16,   595.78
  856.66,   343.10,   720.46
  851.21,   475.90,   471.11
  854.39,   471.54,   596.01
  858.41,   466.69,   722.34
  598.45,   224.54,   599.25
  602.50,   226.15,   723.14
  604.88,   228.84,   846.77
  600.70,   349.42,   596.27
  603.08,   353.66,   722.52
  605.95,   357.09,   847.91
  603.00,   474.38,   593.49
  603.93,   480.37,   721.68
  606.61,   484.22,   848.07
  722.82,   223.50,   598.91
  726.73,   224.79,   721.39
  729.40,   227.90,   842.76
  724.90,   346.73,   594.36
  727.52,   348.23,   719.55
  730.65,   351.29,   844.03
  727.66,   470.86,   590.04
  729.19,   473.19,   717.25
  732.22,   476.13,   844.12
  847.55,   221.53,   597.17
  850.53,   223.71,   719.22
  853.22,   227.60,   840.07
  849.71,   345.32,   591.60
  853.02,   346.09,   716.19
  855.45,   347.84,   841.07
  852.21,   469.78,   586.68
  856.40,   469.91,   712.87
  859.01,   470.82,   840.60
  600.44,   351.64,   102.43
  598.67,   348.52,   227.22
  597.10,   343.62,   351.22
  596.58,   477.58,   106.67
  594.82,   473.99,   231.11
  595.01,   467.70,   353.85
  593.61,   602.37,   110.06
  592.30,   598.53,   234.02
  593.08,   592.68,   357.07
  725.97,   354.24,   104.33
  724.89,   349.85,   228.88
  722.61,   346.64,   353.85
  723.34,   480.18,   108.72
  722.36,   475.72,   233.20
  720.96,   470.89,   356.28
  719.92,   604.85,   111.29
  719.34,   600.97,   235.89
  718.98,   595.69,   359.68
  851.53,   356.39,   106.00
  850.34,   352.34,   230.49
  847.00,   349.99,   356.34
  849.72,   481.72,   110.26
  848.40,   478.08,   234.94
  845.19,   475.23,   358.77
  846.92,   606.94,   113.03
  845.47,   603.55,   237.99
  842.77,   599.82,   362.20
  599.00,   351.01,   224.48
  599.39,   350.29,   348.49
  599.87,   350.13,   473.17
  598.03,   476.63,   224.25
  600.16,   474.58,   347.03
  601.28,   474.12,   471.23
  598.35,   601.29,   222.99
  601.08,   599.73,   346.13
  602.19,   599.55,   470.69
  725.28,   349.44,   224.11
  724.98,   350.47,   349.12
  724.43,   350.91,   474.36
  725.67,   475.45,   224.35
  726.20,   474.94,   347.50
  726.12,   474.60,   471.58
  725.45,   600.86,   222.84
  726.99,   599.91,   346.74
  727.47,   599.62,   471.40
  850.80,   349.02,   223.65
  849.41,   350.95,   349.61
  848.54,   351.66,   475.07
  851.80,   474.83,   224.04
  850.47,   476.37,   347.99
  849.42,   476.54,   472.03
  851.80,   600.45,   222.96
  850.85,   601.15,   347.19
  850.22,   601.28,   471.82
  601.44,   350.34,   349.44
  600.23,   352.67,   474.03
  598.38,   356.85,   599.73
  602.15,   474.63,   345.49
  601.60,   476.64,   469.59
  598.94,   481.88,   596.36
  602.99,   599.77,   342.10
  602.46,   602.05,   466.54
  599.44,   606.83,   593.53
  727.01,   350.62,   351.78
  724.77,   353.51,   476.91
  722.62,   355.74,   602.32
  728.20,   475.05,   347.64
  726.43,   477.20,   471.65
  723.65,   480.07,   597.53
  728.93,   600.02,   344.39
  727.74,   602.22,   469.01
  724.95,   605.92,   594.73
  851.35,   351.21,   354.01
  848.85,   354.36,   479.31
  847.55,   356.00,   604.03
  852.39,   476.59,   349.82
  849.69,   479.22,   473.80
  848.42,   480.46,   598.71
  852.75,   601.33,   346.52
  850.45,   603.95,   471.14
  849.32,   606.20,   596.45
  599.27,   348.48,   473.24
  601.57,   351.59,   598.93
  603.40,   355.61,   725.24
  602.17,   472.42,   469.73
  603.66,   476.60,   596.47
  604.03,   482.35,   724.69
  604.59,   597.80,   467.60
  605.71,   601.60,   594.59
  605.38,   606.67,   722.50
  723.79,   347.78,   472.08
  725.79,   349.02,   597.50
  727.86,   350.29,   722.74
  726.97,   471.44,   467.71
  728.35,   473.21,   593.51
  729.33,   475.30,   720.77
  729.79,   596.40,   465.90
  731.18,   598.98,   591.58
  731.65,   602.29,   717.92
  847.88,   346.98,   470.45
  850.66,   347.81,   595.21
  853.43,   348.31,   719.88
  850.22,   471.89,   465.81
  852.98,   472.28,   590.64
  856.64,   472.15,   716.92
  852.44,   596.64,   463.89
  855.32,   597.86,   589.17
  859.11,   598.90,   715.47
  599.27,   347.96,   598.72
  596.88,   349.06,   724.94
  594.95,   349.26,   850.22
  602.86,   473.02,   599.31
  598.99,   476.00,   727.54
  597.05,   476.61,   853.72
  606.40,   598.05,   600.48
  601.75,   600.37,   728.50
  599.30,   600.53,   853.93
  723.44,   343.89,   601.63
  721.31,   342.42,   726.75
  719.66,   342.68,   851.04
  727.45,   468.02,   600.67
  724.16,   467.35,   728.04
  722.61,   467.50,   854.75
  731.78,   593.80,   601.63
  727.89,   594.17,   728.22
  725.95,   593.43,   854.92
  848.31,   341.04,   603.66
  846.56,   338.61,   728.28
  844.19,   337.71,   852.63
  852.25,   465.35,   602.01
  851.35,   462.21,   728.47
  848.76,   460.37,   856.03
  856.17,   590.95,   603.42
  855.61,   588.90,   729.80
  853.60,   587.14,   856.42
  599.37,   477.03,    99.70
  602.70,   478.95,   224.36
  608.13,   477.91,   347.09
  602.73,   601.75,    97.78
  606.32,   603.56,   222.00
  612.35,   603.03,   345.16
  607.04,   725.44,    95.54
  611.10,   727.47,   219.84
  616.14,   728.91,   343.98
  725.83,   473.75,    96.51
  730.23,   474.44,   221.23
  734.02,   475.05,   344.38
  728.85,   598.22,    93.83
  733.29,   599.84,   218.65
  738.03,   599.99,   342.55
  731.63,   721.00,    89.75
  735.66,   724.22,   215.48
  740.95,   725.44,   341.90
  851.65,   469.30,    93.05
  856.21,   470.48,   217.66
  858.07,   473.18,   341.63
  855.39,   594.25,    90.43
  859.55,   596.07,   215.59
  861.62,   598.01,   339.68
  858.67,   717.97,    86.54
  861.73,   720.06,   213.44
  864.55,   721.96,   339.12
  599.40,   477.58,   226.06
  602.85,   474.51,   348.84
  605.23,   473.05,   473.07
  601.63,   602.21,   225.78
  605.66,   599.62,   348.95
  608.02,   598.45,   473.56
  605.06,   726.19,   225.77
  608.07,   725.57,   349.84
  609.95,   725.03,   475.06
  727.00,   474.58,   224.86
  728.82,   473.08,   348.03
  729.99,   471.75,   472.13
  728.67,   599.97,   224.36
  731.46,   598.03,   348.27
  733.18,   596.73,   472.92
  729.73,   724.45,   223.43
  733.07,   723.58,   349.75
  735.38,   722.88,   475.72
  853.07,   472.13,   223.24
  853.01,   472.70,   347.22
  853.20,   471.89,   471.29
  854.94,   597.75,   223.20
  855.18,   597.52,   347.37
  855.74,   596.67,   471.93
  855.62,   721.83,   223.26
  856.70,   721.63,   349.03
  857.93,   721.24,   474.77
  602.63,   474.37,   348.15
  600.56,   471.16,   472.32
  596.46,   471.19,   599.12
  606.97,   599.40,   350.09
  604.82,   596.50,   474.64
  600.22,   596.19,   601.74
  610.88,   725.30,   352.84
  608.25,   723.01,   477.99
  603.92,   721.04,   604.51
  728.54,   471.35,   351.67
  725.25,   468.26,   475.77
  721.00,   465.84,   601.74
  732.72,   596.21,   353.76
  729.93,   593.19,   478.34
  725.56,   591.55,   604.10
  735.87,   721.73,   357.20
  733.68,   719.31,   482.99
  729.94,   718.22,   607.81
  852.56,   469.47,   355.22
  848.49,   466.73,   479.29
  845.79,   462.59,   604.27
  856.20,   594.25,   357.21
  852.54,   591.51,   481.73
  850.08,   588.21,   607.00
  859.26,   718.32,   360.75
  856.24,   716.17,   486.47
  854.30,   714.63,   611.52
  603.08,   473.92,   471.41
  599.22,   475.63,   598.21
  594.31,   479.08,   726.46
  602.39,   599.34,   471.87
  598.09,   600.70,   598.97
  592.44,   603.41,   727.03
  600.81,   725.95,   473.26
  596.80,   725.61,   599.85
  591.63,   725.27,   726.34
  727.87,   475.98,   474.64
  723.87,   475.28,   600.59
  719.47,   475.19,   728.04
  727.62,   601.01,   475.49
  723.55,   601.18,   601.26
  718.50,   602.15,   727.80
  726.37,   727.25,   478.22
  722.94,   727.81,   603.15
  718.20,   728.92,   727.00
  851.08,   479.48,   477.93
  848.70,   477.11,   602.91
  846.70,   474.33,   729.46
  850.34,   604.20,   478.80
  848.09,   602.85,   604.11
  846.19,   601.54,   730.25
  849.22,   728.93,   481.85
  847.44,   729.36,   606.79
  845.49,   730.68,   730.64
  600.67,   476.33,   601.25
  602.24,   478.57,   729.43
  605.86,   478.29,   855.51
  603.86,   601.35,   602.92
  604.69,   602.95,   730.80
  607.85,   602.26,   856.08
  606.97,   726.25,   604.74
  608.25,   725.18,   730.82
  610.24,   724.14,   854.23
  725.33,   471.65,   597.01
  727.48,   470.23,   724.28
  731.33,   469.42,   850.98
  729.33,   597.43,   598.53
  730.95,   597.13,   724.94
  734.48,   595.62,   851.58
  733.07,   724.12,   601.44
  735.06,   724.47,   725.12
  737.46,   722.82,   850.53
  849.97,   469.43,   592.86
  854.68,   465.80,   719.15
  857.75,   463.09,   846.83
  853.60,   595.00,   594.81
  858.52,   592.42,   721.12
  862.30,   589.99,   847.71
  857.13,   721.16,   598.52
  861.97,   720.99,   723.01
  865.43,   720.86,   849.37
  598.47,   601.45,   101.81
  595.38,   598.24,   225.93
  594.70,   592.71,   348.94
  603.07,   725.11,   104.70
  600.60,   722.13,   228.91
  598.90,   718.52,   352.76
  607.60,   849.19,   108.16
  604.21,   846.93,   232.49
  601.20,   844.98,   356.14
  724.64,   597.68,   104.44
  722.47,   594.20,   229.10
  720.59,   589.26,   352.77
  727.50,   720.65,   105.29
  725.38,   718.69,   231.26
  724.06,   714.78,   357.24
  731.33,   844.54,   107.82
  728.21,   842.29,   235.00
  726.00,   840.56,   361.58
  851.52,   593.34,   107.57
  848.67,   590.28,   232.46
  844.42,   586.99,   356.51
  854.58,   717.18,   108.47
  851.05,   714.45,   235.64
  847.62,   711.23,   361.19
  858.14,   841.42,   110.30
  853.16,   837.49,   239.71
  850.54,   835.39,   366.37
  597.65,   602.85,   224.40
  596.81,   601.26,   347.49
  594.33,   601.09,   472.03
  600.23,   726.81,   223.52
  598.32,   727.19,   347.41
  595.25,   727.70,   472.43
  601.28,   851.65,   223.25
  597.89,   853.69,   346.72
  594.97,   854.33,   471.66
  724.72,   601.50,   227.77
  722.72,   600.47,   351.62
  719.65,   600.17,   476.25
  724.92,   726.00,   225.98
  723.44,   726.13,   352.17
  720.90,   726.46,   478.01
  725.33,   849.57,   225.76
  722.71,   851.90,   352.31
  720.06,   853.01,   477.59
  850.93,   600.25,   231.44
  846.52,   600.80,   355.62
  842.56,   600.75,   480.25
  850.65,   724.36,   230.68
  847.14,   725.05,   356.51
  843.89,   725.64,   482.39
  850.28,   847.54,   230.54
  847.41,   849.33,   357.60
  844.38,   851.16,   482.92
  601.62,   599.22,   346.82
  599.09,   595.96,   471.28
  594.08,   595.34,   598.35
  605.74,   725.07,   349.84
  602.65,   722.47,   474.89
  597.87,   720.16,   601.44
  607.88,   851.50,   352.33
  604.99,   849.05,   477.42
  601.66,   845.03,   604.09
  727.44,   595.82,   350.92
  724.25,   592.45,   475.44
  719.40,   590.56,   601.22
  730.77,   721.33,   354.60
  728.15,   718.59,   480.35
  723.90,   717.14,   605.24
  732.65,   847.01,   358.07
  730.06,   845.05,   483.45
  727.26,   842.47,   607.97
  851.10,   593.60,   354.86
  846.99,   590.53,   479.34
  843.92,   586.98,   604.52
  854.27,   717.73,   358.72
  850.85,   715.26,   484.43
  848.34,   713.48,   609.38
  857.27,   841.82,   362.95
  854.11,   840.50,   488.50
  851.87,   839.05,   612.58
  602.58,   598.36,   475.00
  603.40,   603.20,   602.11
  602.89,   609.13,   729.97
  601.72,   724.92,   472.97
  602.91,   728.08,   599.55
  602.94,   731.19,   725.75
  599.59,   851.57,   469.74
  602.25,   853.11,   596.44
  603.79,   853.67,   723.16
  727.83,   599.28,   473.41
  728.96,   602.88,   599.15
  729.23,   607.17,   725.45
  727.27,   725.46,   472.71
  729.08,   729.50,   597.75
  729.74,   734.23,   721.38
  724.60,   851.98,   469.87
  727.67,   854.69,   594.58
  730.18,   857.42,   718.50
  850.55,   601.79,   471.56
  853.33,   603.96,   596.88
  856.87,   606.07,   723.14
  850.07,   726.41,   471.10
  853.27,   730.16,   596.28
  856.74,   734.77,   720.33
  848.91,   851.76,   469.22
  852.12,   855.53,   593.56
  856.36,   859.62,   716.02
  601.55,   599.85,   598.59
  598.68,   604.86,   726.60
  597.87,   607.74,   851.96
  602.39,   724.81,   597.11
  600.00,   726.93,   723.48
  598.12,   729.18,   847.05
  603.05,   849.90,   595.09
  602.17,   849.42,   721.81
  599.48,   850.58,   845.08
  727.06,   598.26,   598.06
  724.89,   601.52,   724.56
  724.59,   603.56,   851.12
  728.53,   724.89,   597.70
  726.73,   728.54,   721.49
  725.19,   730.37,   846.58
  728.56,   850.22,   595.72
  728.58,   852.03,   719.55
  726.36,   853.83,   843.59
  851.48,   598.02,   598.13
  852.55,   598.99,   724.40
  852.49,   600.12,   850.99
  852.77,   724.30,   598.55
  853.82,   727.81,   722.71
  853.30,   731.10,   849.11
  853.06,   849.75,   597.07
  854.94,   853.05,   719.44
  854.46,   857.94,   845.37
