27, 125, pa2-debug-f-output1.txt
  192.29,   194.50,   200.13
  394.23,   394.12,   206.86
  100.32,   101.24,    98.17
   97.31,   103.54,   223.02
   94.03,   106.09,   349.32
  100.49,   225.85,    95.70
   97.15,   228.44,   221.21
   93.89,   231.73,   346.77
  100.48,   350.52,    94.04
   96.26,   353.01,   219.72
   93.04,   355.77,   344.35
  225.39,   100.60,   102.00
  221.90,   103.43,   227.43
  217.90,   105.98,   353.07
  226.08,   225.75,    99.22
  222.11,   228.45,   224.88
  218.16,   231.17,   350.20
  226.02,   351.05,    98.22
  222.04,   353.31,   223.39
  218.10,   355.18,   347.29
  349.52,   100.98,   106.05
  345.29,   103.79,   230.77
  341.53,   105.94,   355.94
  349.87,   226.26,   104.14
  346.02,   228.65,   228.77
  341.80,   230.52,   353.87
  350.74,   351.39,   102.11
  347.58,   353.42,   226.76
  343.14,   355.40,   350.88
  100.27,   100.84,   225.15
  101.39,   100.75,   351.64
  102.29,   101.10,   476.98
  103.12,   226.09,   225.74
  104.26,   226.30,   351.63
  104.98,   226.93,   476.24
  104.83,   350.46,   226.72
  106.06,   350.36,   351.34
  106.88,   350.33,   475.48
  224.93,    97.90,   224.94
  225.53,    98.12,   350.90
  225.66,    98.23,   475.85
  227.97,   222.88,   225.00
  228.38,   223.22,   350.58
  228.72,   223.15,   475.39
  230.39,   347.77,   226.28
  231.03,   347.33,   349.81
  231.59,   346.67,   473.99
  348.22,    95.52,   224.35
  348.76,    95.16,   348.75
  349.62,    94.73,   473.87
  351.67,   220.67,   224.55
  352.05,   219.80,   349.63
  352.54,   218.85,   474.87
  356.01,   345.18,   225.04
  356.05,   344.73,   349.17
  356.43,   344.15,   473.85
  102.23,    98.92,   350.98
  102.41,    95.71,   476.56
  102.38,    92.79,   599.98
  101.04,   224.58,   354.59
  101.89,   221.85,   479.24
  101.90,   218.29,   603.05
   98.89,   348.68,   357.49
  100.05,   344.96,   481.99
  100.09,   340.88,   606.56
  225.86,    99.88,   350.41
  226.20,    96.39,   475.76
  226.54,    93.34,   599.36
  225.33,   225.08,   353.76
  225.46,   221.59,   478.41
  226.26,   217.64,   602.13
  224.11,   349.04,   356.43
  224.86,   345.07,   480.52
  225.69,   341.50,   605.86
  349.45,   100.84,   349.02
  349.91,    96.91,   474.04
  350.91,    94.05,   599.23
  348.69,   225.18,   352.87
  349.44,   221.00,   478.12
  350.50,   217.44,   603.31
  349.28,   350.05,   355.80
  349.51,   346.42,   480.74
  350.40,   342.58,   606.70
  101.98,    99.30,   474.47
  100.85,    99.50,   597.92
   99.52,    98.92,   721.17
  100.31,   225.10,   473.60
   99.31,   224.94,   597.94
   98.50,   223.81,   722.04
   97.63,   348.44,   473.42
   97.02,   347.56,   598.07
   96.51,   346.79,   723.31
  225.53,   100.49,   474.24
  225.14,   100.63,   597.82
  225.32,   100.67,   721.01
  223.75,   225.71,   473.72
  224.36,   225.17,   597.74
  224.60,   224.56,   720.94
  222.33,   349.29,   472.60
  222.30,   349.14,   597.93
  222.44,   348.74,   723.75
  349.37,   101.82,   473.31
  349.86,   102.19,   598.53
  350.02,   102.54,   724.08
  347.62,   226.10,   474.17
  348.24,   225.70,   599.13
  349.28,   225.85,   724.29
  347.18,   351.52,   473.12
  347.10,   350.64,   599.17
  347.68,   350.24,   725.11
   99.92,   101.34,   597.99
   99.40,   101.45,   721.09
  101.09,   100.98,   847.70
  101.35,   226.28,   596.87
  101.71,   226.19,   720.97
  102.97,   225.60,   845.98
  102.49,   349.20,   596.40
  103.14,   348.99,   721.53
  104.62,   350.70,   847.29
  224.16,    98.93,   596.41
  225.48,    99.70,   719.48
  226.79,    99.48,   844.81
  226.21,   223.39,   595.42
  228.03,   223.55,   718.82
  229.12,   223.76,   843.19
  227.67,   347.39,   594.88
  229.10,   348.12,   720.88
  230.14,   348.82,   845.73
  348.57,    97.16,   595.55
  350.47,    98.34,   721.09
  351.18,    98.94,   845.64
  350.22,   220.84,   595.87
  352.57,   221.55,   720.52
  353.71,   222.71,   844.44
  352.57,   345.67,   594.52
  354.53,   346.12,   720.72
  355.74,   346.71,   845.43
  100.96,   225.92,    98.56
   99.10,   228.63,   223.96
   97.02,   231.54,   349.85
   96.62,   350.68,    96.94
   93.80,   353.05,   222.80
   91.83,   355.27,   347.28
   93.03,   475.97,    95.81
   90.47,   477.76,   220.64
   87.63,   479.76,   344.69
  226.22,   230.08,   100.81
  223.61,   232.04,   226.59
  221.05,   234.89,   351.73
  222.00,   355.34,    99.88
  219.62,   356.82,   225.31
  216.82,   358.62,   349.01
  218.55,   480.18,    98.34
  215.73,   482.10,   223.60
  212.68,   483.81,   346.63
  350.27,   234.52,   104.05
  347.59,   236.48,   228.67
  344.53,   238.16,   353.77
  346.91,   359.34,   102.46
  345.00,   361.06,   227.25
  342.21,   363.01,   350.91
  343.18,   484.23,   100.61
  341.47,   486.32,   224.77
  338.86,   488.00,   348.84
  100.28,   226.22,   226.05
  100.69,   230.63,   351.89
  101.11,   234.78,   476.45
   97.95,   350.66,   223.57
   98.36,   354.72,   347.77
   99.02,   357.83,   471.85
   96.67,   475.44,   219.93
   96.80,   478.89,   343.98
   97.01,   482.13,   468.15
  224.94,   226.90,   225.68
  224.92,   231.20,   351.41
  224.99,   234.65,   475.81
  223.53,   351.95,   223.09
  223.45,   355.32,   346.83
  224.02,   358.69,   470.91
  222.20,   476.77,   220.11
  222.23,   480.23,   343.29
  222.24,   483.53,   467.26
  348.88,   228.60,   225.68
  348.72,   231.81,   350.72
  349.02,   234.65,   475.56
  349.05,   353.01,   222.16
  348.83,   356.73,   346.30
  348.80,   359.89,   470.84
  348.04,   478.15,   218.62
  348.41,   481.61,   342.45
  348.46,   485.26,   467.12
   99.90,   227.45,   349.19
   97.89,   226.66,   474.09
   94.97,   225.27,   598.00
   97.86,   351.52,   350.28
   95.87,   350.03,   474.80
   93.41,   347.92,   599.15
   96.45,   476.02,   351.61
   94.06,   474.14,   475.88
   92.22,   471.54,   600.89
  223.65,   227.80,   351.39
  221.61,   226.51,   476.34
  219.53,   224.96,   599.81
  222.72,   352.00,   351.84
  220.40,   350.16,   476.12
  218.58,   348.67,   601.41
  221.65,   477.13,   353.14
  219.21,   474.95,   477.33
  216.90,   473.34,   603.29
  347.58,   228.36,   353.41
  345.07,   226.09,   478.35
  343.80,   224.70,   603.53
  347.73,   353.05,   353.95
  345.27,   351.23,   478.74
  343.44,   349.77,   604.77
  347.58,   478.19,   355.46
  344.95,   476.97,   480.19
  342.67,   475.11,   605.84
   99.62,   225.60,   476.53
  100.48,   224.54,   600.76
  100.40,   222.48,   724.61
   96.27,   348.83,   477.13
   97.06,   347.07,   601.66
   97.85,   345.23,   727.18
   92.74,   472.81,   477.98
   94.10,   470.76,   603.27
   95.77,   469.02,   729.18
  223.37,   227.04,   475.15
  225.14,   225.43,   599.29
  226.77,   224.07,   722.66
  220.93,   350.80,   475.29
  222.44,   349.62,   600.39
  223.64,   348.26,   726.35
  217.86,   475.67,   476.12
  219.10,   474.45,   602.55
  220.32,   473.60,   729.51
  347.31,   228.70,   474.37
  349.28,   227.16,   599.71
  351.56,   226.14,   724.36
  345.72,   353.70,   474.67
  347.42,   352.18,   600.19
  349.01,   350.59,   726.44
  343.69,   479.17,   475.44
  344.87,   477.83,   601.12
  346.44,   475.80,   727.65
  100.74,   228.29,   600.00
   97.50,   230.07,   724.19
   95.11,   231.37,   849.15
   97.72,   350.86,   597.35
   95.18,   352.74,   722.43
   93.00,   356.56,   848.25
   95.19,   474.97,   594.91
   93.10,   476.46,   720.90
   91.26,   481.59,   846.29
  225.59,   229.12,   601.63
  223.67,   231.22,   725.43
  221.06,   233.29,   849.88
  223.17,   353.28,   599.56
  221.08,   355.42,   725.33
  218.18,   358.58,   850.46
  220.33,   478.08,   597.50
  217.99,   480.58,   724.32
  215.52,   483.43,   849.57
  349.83,   230.18,   605.84
  348.29,   233.17,   730.42
  345.96,   236.20,   854.15
  348.19,   355.34,   602.91
  346.12,   357.47,   728.61
  343.69,   360.36,   853.78
  346.05,   480.85,   600.07
  343.78,   482.85,   726.03
  341.25,   485.17,   852.45
  101.52,   350.70,   101.15
  103.78,   351.91,   226.67
  106.64,   353.07,   351.20
   98.05,   475.99,   101.36
  100.12,   476.74,   226.20
  102.61,   477.36,   350.22
   95.44,   601.98,   100.37
   97.82,   602.17,   224.48
   99.00,   602.91,   349.73
  226.90,   355.15,    98.61
  229.57,   355.63,   224.01
  231.84,   356.27,   348.04
  223.41,   480.29,    98.73
  225.75,   480.81,   223.93
  228.08,   481.13,   347.04
  220.21,   605.20,    98.09
  222.65,   606.09,   222.74
  223.90,   606.93,   347.15
  351.66,   359.20,    96.44
  355.07,   359.76,   221.00
  356.90,   360.27,   344.92
  348.10,   484.44,    96.29
  351.50,   484.61,   220.25
  354.03,   485.13,   343.99
  344.48,   608.83,    94.72
  346.51,   609.86,   219.19
  349.68,   610.81,   344.24
  101.02,   348.66,   226.25
  102.60,   351.54,   350.38
  104.00,   354.13,   474.78
  100.93,   473.63,   223.64
  101.97,   475.92,   347.42
  103.63,   478.45,   471.50
  102.49,   599.24,   219.65
  102.32,   601.58,   345.18
  102.92,   604.71,   470.11
  226.71,   348.78,   224.67
  227.84,   351.01,   348.65
  229.12,   353.89,   472.49
  226.51,   473.64,   222.42
  227.77,   476.21,   345.67
  228.74,   478.61,   469.65
  227.52,   598.74,   219.26
  227.56,   601.93,   343.57
  228.07,   604.95,   468.13
  351.95,   348.50,   223.07
  352.95,   351.43,   347.16
  353.69,   353.90,   471.84
  352.64,   473.72,   220.41
  353.65,   476.42,   344.07
  354.50,   479.23,   468.59
  351.46,   599.20,   216.91
  353.40,   601.46,   341.93
  354.75,   604.59,   466.95
  100.99,   350.08,   351.42
   98.96,   347.97,   476.00
   96.32,   344.99,   600.75
   99.90,   474.34,   353.77
   97.60,   471.88,   477.78
   95.08,   468.74,   602.95
   98.86,   600.37,   356.14
   95.90,   598.12,   481.45
   94.17,   595.48,   606.22
  226.11,   350.61,   353.41
  223.60,   347.96,   477.58
  221.69,   345.71,   602.60
  225.07,   475.23,   355.39
  222.31,   472.84,   479.60
  220.03,   470.59,   605.80
  224.09,   601.39,   358.83
  220.67,   598.88,   482.94
  218.71,   596.60,   607.92
  351.27,   351.55,   355.62
  348.39,   349.05,   480.56
  346.44,   346.40,   606.25
  351.26,   476.58,   357.78
  348.34,   474.55,   482.23
  346.10,   471.91,   608.00
  349.84,   601.77,   360.78
  347.68,   599.79,   485.41
  345.17,   597.32,   610.23
  101.35,   351.54,   475.72
   99.45,   352.01,   600.36
   97.11,   352.23,   725.93
  103.05,   475.35,   474.27
  101.47,   475.59,   599.61
   99.62,   476.49,   725.50
  104.50,   602.06,   474.65
  103.32,   602.44,   599.46
  102.62,   603.36,   724.70
  225.94,   348.36,   476.86
  224.67,   349.17,   601.92
  223.10,   350.46,   727.88
  228.02,   473.28,   475.61
  226.32,   474.20,   601.52
  224.66,   475.71,   728.49
  229.63,   599.25,   475.72
  228.13,   600.61,   600.66
  227.19,   601.88,   725.85
  350.72,   346.05,   478.89
  349.52,   346.90,   604.92
  348.36,   347.97,   730.80
  354.09,   471.79,   477.85
  352.29,   472.65,   603.56
  350.65,   472.72,   729.58
  356.78,   596.92,   477.42
  354.74,   597.67,   602.40
  352.59,   598.56,   727.69
  100.66,   347.57,   599.96
  101.42,   348.84,   725.38
  102.28,   352.11,   850.90
  101.90,   471.16,   598.24
  103.06,   473.02,   724.25
  104.43,   477.30,   849.64
  103.16,   598.02,   597.05
  105.36,   599.76,   722.27
  107.07,   602.54,   846.20
  225.92,   345.63,   598.78
  227.12,   347.70,   724.97
  227.89,   349.88,   849.85
  226.99,   470.45,   597.27
  228.23,   472.90,   724.31
  229.01,   474.92,   849.30
  227.87,   596.65,   595.57
  229.60,   598.92,   721.03
  231.15,   599.38,   845.71
  350.90,   343.65,   598.76
  352.39,   345.46,   724.71
  353.41,   347.59,   849.75
  353.03,   469.48,   596.29
  354.24,   470.80,   722.59
  354.74,   472.72,   848.77
  354.97,   594.71,   594.52
  355.48,   596.37,   719.73
  355.77,   598.70,   845.55
   99.75,   474.98,   102.09
  103.29,   473.13,   227.06
  106.28,   471.51,   350.85
  101.84,   600.61,   103.11
  104.87,   598.97,   227.57
  106.91,   597.40,   352.78
  103.90,   725.98,   103.12
  107.65,   724.44,   227.64
  108.39,   723.69,   354.73
  225.67,   474.82,    98.63
  228.85,   473.13,   223.85
  231.71,   471.29,   346.82
  226.66,   599.83,   100.14
  229.94,   598.51,   225.07
  232.12,   597.10,   349.29
  227.76,   724.67,   100.87
  231.07,   723.62,   225.53
  231.89,   722.92,   351.40
  350.27,   474.48,    95.40
  354.50,   473.04,   219.38
  357.73,   471.09,   343.20
  350.91,   599.40,    95.82
  354.00,   598.40,   220.45
  357.67,   596.56,   345.07
  351.24,   723.47,    96.78
  352.89,   723.22,   221.73
  357.07,   721.91,   347.44
   99.42,   475.79,   226.27
   98.35,   476.35,   350.26
   97.89,   476.81,   474.64
   99.37,   601.43,   224.62
   97.37,   602.20,   349.94
   96.06,   603.61,   474.78
  100.34,   726.91,   222.08
   97.33,   728.32,   349.11
   94.96,   730.37,   475.32
  225.07,   477.31,   227.18
  223.94,   477.89,   350.48
  223.24,   478.46,   474.59
  224.35,   602.68,   225.82
  222.26,   603.70,   350.44
  220.92,   604.76,   474.90
  223.93,   727.70,   224.17
  220.61,   729.58,   350.50
  218.72,   731.34,   475.34
  350.56,   478.76,   227.03
  350.01,   479.65,   350.85
  348.94,   480.92,   475.55
  348.33,   603.97,   225.34
  348.17,   604.95,   350.54
  347.62,   605.87,   475.42
  345.97,   729.04,   224.47
  345.77,   730.13,   350.43
  345.95,   730.62,   475.68
  100.84,   473.82,   348.97
  100.62,   471.00,   473.51
  100.11,   467.66,   598.38
   98.41,   599.56,   352.02
   97.13,   597.51,   477.19
   96.95,   594.51,   601.86
   96.79,   725.89,   354.88
   94.59,   724.39,   481.36
   94.62,   722.15,   605.29
  226.37,   476.85,   349.45
  225.54,   473.94,   473.51
  225.06,   471.21,   599.51
  223.36,   602.43,   352.75
  221.78,   600.29,   476.87
  221.78,   597.84,   602.14
  220.28,   728.70,   356.02
  218.66,   726.94,   481.14
  218.45,   724.08,   604.11
  352.57,   479.88,   349.72
  351.59,   477.56,   474.54
  351.04,   475.07,   600.21
  349.40,   605.02,   352.96
  348.86,   602.81,   477.68
  348.20,   599.93,   602.63
  345.27,   730.26,   356.47
  345.37,   727.48,   481.73
  345.31,   724.52,   605.56
   99.35,   473.57,   473.10
   99.25,   474.41,   598.54
   98.85,   475.45,   724.46
  100.90,   599.86,   473.06
  100.96,   601.06,   598.00
  101.91,   602.22,   722.91
  103.25,   727.03,   473.09
  103.45,   729.02,   597.17
  105.39,   730.55,   719.82
  224.41,   471.29,   472.95
  224.26,   473.13,   598.96
  223.80,   474.75,   726.19
  226.06,   597.81,   472.95
  225.58,   599.36,   597.86
  225.87,   600.90,   723.17
  227.60,   724.11,   472.94
  227.69,   725.61,   596.20
  228.81,   726.66,   718.37
  350.55,   469.99,   474.06
  350.18,   471.52,   599.81
  349.65,   472.24,   725.77
  353.06,   595.35,   473.45
  352.57,   596.44,   598.31
  351.93,   597.74,   723.56
  354.54,   719.91,   473.14
  354.47,   721.06,   597.55
  353.82,   723.27,   720.93
   99.70,   471.86,   598.82
  100.27,   470.36,   725.21
  100.98,   471.45,   850.53
  100.05,   598.74,   601.20
  101.98,   597.29,   726.42
  102.64,   596.90,   850.62
  101.42,   726.99,   603.42
  104.33,   725.40,   725.95
  105.50,   722.05,   849.55
  224.53,   471.90,   598.40
  225.20,   471.23,   725.47
  225.84,   469.76,   850.80
  225.03,   598.55,   599.95
  226.34,   597.00,   725.68
  227.25,   594.40,   850.44
  225.55,   724.91,   601.18
  227.93,   722.95,   723.45
  229.24,   719.34,   848.10
  350.45,   471.90,   598.08
  351.22,   469.71,   724.45
  351.41,   468.27,   850.62
  351.60,   597.00,   599.38
  352.08,   595.29,   724.71
  351.83,   594.65,   850.88
  352.27,   721.50,   601.48
  352.91,   721.07,   725.20
  353.31,   720.95,   849.04
  102.18,   600.18,   101.26
  100.86,   598.01,   225.63
   98.18,   595.83,   350.86
  106.96,   725.36,   101.65
  106.25,   723.69,   226.33
  102.66,   722.21,   352.97
  108.81,   851.09,   102.54
  109.35,   849.67,   227.76
  106.36,   847.24,   355.05
  226.84,   596.64,   102.68
  225.87,   594.77,   227.29
  223.45,   592.86,   351.69
  231.14,   721.54,   103.51
  229.59,   719.86,   228.56
  226.05,   718.85,   354.41
  233.73,   846.72,   104.94
  232.04,   844.70,   229.88
  228.80,   843.37,   356.33
  351.04,   593.62,   102.91
  349.86,   591.69,   227.20
  349.17,   589.84,   352.00
  353.76,   717.95,   103.81
  351.73,   716.88,   229.16
  351.35,   714.87,   354.86
  356.94,   842.00,   106.87
  354.76,   840.89,   231.04
  353.98,   839.44,   357.08
  102.55,   598.07,   226.23
  104.58,   597.73,   351.73
  107.07,   597.94,   476.50
  107.45,   723.65,   225.34
  108.07,   724.19,   352.35
  109.45,   725.55,   478.23
  109.96,   849.75,   224.97
  111.35,   849.33,   352.33
  113.05,   849.85,   478.59
  227.16,   595.34,   223.79
  229.59,   595.38,   348.24
  232.11,   595.19,   472.44
  230.79,   720.30,   223.10
  231.78,   721.33,   349.06
  234.13,   721.59,   474.02
  232.83,   845.47,   222.67
  234.02,   845.91,   349.19
  236.68,   846.18,   474.69
  351.60,   592.77,   219.25
  355.11,   592.68,   344.03
  358.84,   592.51,   469.07
  352.93,   717.87,   219.06
  356.83,   717.76,   345.19
  361.06,   717.13,   470.48
  355.32,   841.96,   219.49
  358.92,   842.45,   345.38
  363.29,   841.72,   470.66
   99.32,   601.46,   350.13
  100.81,   604.82,   475.33
  103.55,   607.59,   600.41
  100.04,   727.63,   347.57
  100.28,   731.83,   473.83
  102.95,   735.77,   597.92
  100.09,   852.51,   344.55
  100.58,   855.90,   470.95
  102.91,   860.16,   594.77
  224.71,   602.51,   348.10
  226.19,   605.75,   472.39
  228.57,   608.93,   597.26
  223.50,   728.45,   345.99
  224.62,   732.36,   470.82
  227.37,   735.26,   593.90
  222.39,   852.56,   342.59
  223.79,   856.12,   468.36
  226.49,   858.86,   591.77
  350.34,   603.22,   345.25
  353.03,   606.11,   470.21
  355.24,   608.86,   594.76
  348.46,   728.11,   342.91
  351.37,   731.03,   468.22
  354.10,   733.50,   592.52
  347.09,   852.57,   339.90
  349.79,   855.34,   465.20
  352.47,   857.78,   589.78
   98.22,   598.67,   476.01
  100.10,   597.81,   600.78
  102.59,   597.30,   725.96
  100.16,   725.84,   477.66
  102.15,   725.84,   601.67
  105.70,   725.10,   724.73
  103.31,   850.33,   478.37
  105.03,   850.76,   601.98
  108.59,   850.44,   724.22
  223.45,   596.33,   473.99
  224.78,   596.09,   598.82
  226.55,   596.07,   724.59
  224.63,   723.29,   475.69
  226.49,   722.80,   599.15
  229.31,   721.51,   721.31
  226.65,   847.33,   476.98
  228.53,   846.92,   600.16
  231.74,   845.84,   721.51
  350.02,   594.29,   472.66
  351.53,   594.05,   597.44
  352.62,   593.19,   722.74
  351.61,   719.27,   474.28
  353.04,   718.20,   598.51
  354.23,   718.66,   722.40
  353.03,   843.57,   475.07
  354.32,   842.77,   599.60
  355.97,   842.54,   722.69
   99.75,   598.60,   601.90
   99.00,   596.65,   726.90
   98.03,   596.36,   850.93
   97.11,   726.66,   604.12
   97.67,   725.00,   727.10
   96.86,   721.96,   850.36
   95.39,   851.28,   605.56
   96.03,   850.53,   727.87
   95.17,   847.24,   851.62
  224.27,   601.90,   602.98
  223.48,   600.49,   728.18
  222.03,   597.70,   852.93
  221.22,   728.06,   603.78
  221.36,   725.84,   726.10
  220.90,   722.26,   850.80
  218.82,   852.33,   605.80
  219.79,   850.19,   727.48
  220.16,   847.94,   851.31
  350.81,   604.02,   604.28
  349.20,   602.14,   729.77
  346.64,   601.15,   855.70
  348.02,   728.24,   606.44
  346.39,   727.90,   729.74
  344.79,   727.11,   853.89
  344.43,   852.65,   608.20
  343.58,   851.36,   731.47
  343.97,   851.19,   854.04
  223.61,    98.11,    99.71
  227.23,    97.70,   225.44
  230.57,    97.29,   350.97
  222.51,   223.20,   100.38
  225.85,   222.56,   226.05
  228.82,   222.31,   351.32
  220.27,   348.48,   102.17
  223.69,   347.75,   227.75
  226.71,   346.40,   351.28
  348.09,   100.02,    97.04
  350.73,    99.96,   221.71
  353.68,    99.15,   346.69
  346.41,   225.57,    97.79
  349.61,   224.74,   222.43
  352.48,   223.84,   347.73
  345.24,   350.64,    99.06
  349.21,   349.72,   223.99
  351.98,   348.67,   347.92
  472.53,   101.38,    94.58
  474.81,   101.61,   219.06
  478.49,   100.80,   342.40
  470.61,   227.30,    95.28
  473.72,   227.02,   219.75
  477.02,   225.48,   344.02
  470.16,   351.63,    96.06
  474.02,   350.80,   220.54
  476.72,   350.71,   344.36
  227.15,    99.61,   226.64
  226.30,   101.89,   352.18
  224.94,   104.42,   477.45
  223.92,   224.40,   224.28
  222.78,   227.16,   349.87
  221.98,   229.39,   474.47
  220.13,   348.87,   222.65
  219.12,   351.09,   346.69
  218.48,   353.13,   470.81
  350.54,   103.31,   227.38
  349.55,   105.28,   351.97
  348.82,   107.35,   477.07
  347.69,   228.16,   225.15
  346.43,   229.86,   349.93
  345.80,   231.71,   475.04
  345.66,   352.83,   222.92
  344.40,   354.76,   347.16
  343.07,   357.00,   471.80
  474.64,   106.86,   228.24
  474.23,   108.49,   352.28
  474.03,   110.71,   477.30
  472.00,   231.91,   225.87
  471.03,   233.52,   350.51
  470.39,   235.20,   475.76
  470.57,   355.69,   223.86
  468.96,   358.45,   348.04
  467.90,   360.90,   473.17
  224.75,   101.37,   351.71
  222.17,   100.42,   477.12
  220.44,    99.63,   600.15
  223.35,   226.22,   352.18
  221.24,   225.46,   477.06
  219.69,   224.07,   600.68
  221.69,   350.48,   352.53
  219.70,   349.27,   476.47
  218.23,   348.18,   601.64
  347.86,   102.41,   352.83
  346.02,   101.22,   477.47
  344.66,   100.58,   602.78
  346.94,   227.03,   353.85
  345.04,   225.24,   479.03
  343.99,   224.26,   604.26
  347.00,   352.05,   354.37
  344.56,   350.56,   479.08
  342.94,   349.32,   604.98
  472.67,   103.63,   353.86
  471.11,   102.14,   478.80
  469.55,   101.61,   605.55
  471.76,   228.19,   355.94
  469.83,   226.80,   480.89
  468.29,   225.23,   607.56
  471.90,   353.36,   356.45
  469.26,   352.21,   481.73
  467.74,   350.90,   607.59
  225.19,    98.96,   474.62
  222.79,    98.33,   597.74
  220.88,    97.17,   721.14
  225.03,   223.96,   474.66
  223.31,   222.66,   598.43
  221.57,   221.25,   721.77
  224.76,   347.80,   474.30
  222.94,   346.21,   599.62
  220.79,   345.29,   725.59
  348.93,    98.89,   475.16
  347.27,    98.16,   600.42
  345.77,    97.93,   725.76
  348.86,   222.76,   476.94
  347.44,   221.74,   602.15
  346.43,   221.28,   726.93
  349.52,   348.30,   476.83
  347.43,   346.78,   602.90
  346.31,   345.63,   728.73
  474.35,    98.93,   476.62
  472.41,    97.98,   603.22
  470.17,    98.03,   730.10
  473.93,   223.42,   478.96
  472.10,   222.04,   605.24
  470.46,   221.08,   731.04
  474.04,   348.92,   479.88
  472.33,   347.25,   605.57
  471.06,   345.14,   730.91
  226.37,   101.74,   600.86
  225.79,   104.32,   723.95
  225.54,   106.51,   848.89
  228.26,   226.08,   597.62
  228.21,   228.30,   721.11
  227.48,   230.92,   845.50
  229.49,   350.04,   594.75
  229.12,   352.64,   720.95
  228.24,   355.94,   845.80
  350.60,   100.01,   601.90
  350.83,   103.50,   727.41
  349.83,   106.06,   851.35
  352.32,   223.76,   599.83
  352.67,   226.63,   724.81
  352.22,   230.08,   848.35
  354.41,   348.68,   596.50
  354.33,   351.44,   722.31
  353.83,   353.91,   847.37
  475.70,    98.55,   603.10
  475.34,   101.94,   730.06
  474.69,   105.17,   853.99
  476.87,   222.09,   601.37
  476.90,   225.11,   727.17
  476.92,   227.66,   850.96
  478.77,   347.50,   597.79
  479.34,   349.39,   723.29
  478.85,   351.43,   848.76
  224.40,   222.99,   100.85
  221.91,   225.22,   226.59
  219.05,   227.63,   352.16
  223.15,   348.49,   100.24
  220.11,   350.14,   225.71
  217.61,   351.44,   349.61
  221.81,   473.66,    99.05
  218.74,   474.97,   224.29
  216.04,   476.45,   347.53
  348.60,   224.79,   104.41
  345.57,   226.53,   229.06
  342.48,   228.04,   354.55
  347.71,   349.76,   103.23
  345.91,   351.34,   227.89
  342.65,   353.25,   351.83
  346.75,   475.20,   101.60
  344.58,   476.40,   226.07
  341.74,   478.30,   349.64
  472.93,   226.51,   107.56
  469.93,   228.13,   232.35
  467.41,   229.61,   356.64
  472.77,   350.37,   105.89
  470.79,   352.35,   230.16
  467.28,   354.67,   354.47
  471.60,   475.52,   104.42
  469.71,   477.24,   228.03
  466.92,   479.43,   352.48
  226.23,   223.43,   226.79
  227.06,   225.88,   352.49
  227.80,   228.02,   477.19
  228.91,   347.98,   225.61
  229.67,   350.18,   349.33
  230.82,   351.75,   473.55
  231.48,   473.19,   224.02
  232.22,   474.78,   346.93
  233.17,   476.85,   470.92
  350.08,   221.02,   225.83
  350.79,   222.48,   351.05
  351.60,   224.26,   476.38
  354.26,   345.60,   224.10
  354.76,   347.68,   348.17
  355.48,   349.40,   472.86
  357.36,   470.75,   222.02
  358.16,   472.54,   345.67
  359.06,   474.73,   470.49
  474.39,   218.52,   225.19
  475.53,   219.79,   349.90
  476.51,   221.37,   475.23
  479.15,   342.44,   223.19
  479.31,   345.04,   347.46
  479.91,   346.79,   472.60
  482.40,   467.04,   220.50
  483.18,   469.66,   344.82
  483.89,   472.18,   470.19
  227.36,   225.44,   348.79
  228.14,   227.78,   473.54
  229.44,   229.90,   597.28
  225.43,   349.35,   345.63
  226.28,   351.72,   469.66
  227.80,   353.88,   595.00
  223.79,   474.24,   343.03
  224.43,   476.31,   467.14
  225.15,   478.94,   593.03
  351.27,   226.67,   347.63
  351.88,   228.37,   472.61
  353.93,   230.89,   598.09
  350.74,   351.35,   344.57
  351.45,   353.59,   469.04
  352.58,   355.86,   595.05
  349.46,   476.53,   341.78
  350.32,   479.22,   466.28
  351.10,   481.50,   592.05
  475.70,   228.42,   346.45
  476.91,   230.18,   471.74
  478.30,   232.17,   597.74
  475.70,   353.16,   343.75
  475.99,   355.80,   468.61
  477.13,   357.76,   594.31
  474.78,   478.11,   340.87
  475.09,   480.75,   466.21
  476.41,   483.26,   591.19
  224.99,   225.34,   476.13
  221.98,   223.51,   599.84
  219.69,   221.52,   723.09
  223.09,   349.02,   476.14
  220.36,   347.29,   601.44
  217.30,   345.67,   727.32
  220.86,   473.52,   477.63
  217.72,   472.07,   603.38
  214.75,   471.02,   730.67
  348.50,   225.48,   479.24
  346.11,   223.95,   604.43
  343.97,   222.67,   729.28
  347.93,   350.94,   479.82
  345.01,   349.01,   605.63
  342.49,   347.28,   731.48
  346.90,   476.29,   481.31
  343.98,   474.37,   606.93
  340.68,   472.44,   732.91
  473.57,   227.08,   482.41
  470.76,   225.08,   609.05
  467.99,   224.09,   734.63
  472.54,   352.84,   483.70
  469.62,   350.44,   609.32
  467.66,   347.94,   734.82
  471.91,   477.99,   484.92
  469.17,   476.05,   609.73
  466.27,   472.89,   735.20
  226.07,   225.07,   599.15
  227.41,   223.71,   722.34
  227.89,   222.48,   847.04
  224.43,   349.08,   600.23
  225.17,   348.30,   726.29
  225.21,   347.67,   851.13
  221.51,   473.98,   601.80
  222.20,   473.53,   728.84
  222.93,   472.44,   853.84
  350.55,   225.91,   599.91
  352.09,   225.43,   724.80
  352.26,   225.15,   848.60
  349.19,   351.06,   600.46
  350.41,   349.77,   726.65
  350.83,   348.78,   851.51
  347.61,   476.74,   601.41
  348.47,   474.78,   727.36
  348.56,   473.64,   853.67
  474.82,   227.65,   600.48
  476.17,   226.90,   726.57
  477.10,   225.77,   850.21
  473.93,   352.89,   600.75
  475.41,   350.80,   726.16
  475.76,   349.39,   851.89
  472.96,   478.29,   600.81
  473.82,   475.70,   725.90
  473.59,   475.26,   853.32
  225.01,   351.24,    98.98
  223.26,   351.54,   224.31
  221.07,   352.46,   348.21
  222.71,   476.19,    98.80
  220.55,   476.59,   224.19
  218.20,   477.32,   347.16
  220.78,   601.45,    97.87
  218.60,   601.92,   222.82
  215.57,   602.85,   347.32
  349.97,   353.78,   100.94
  348.91,   354.55,   225.83
  346.15,   355.23,   349.94
  347.42,   478.91,   100.76
  346.24,   479.62,   224.79
  344.13,   480.40,   348.70
  345.03,   603.64,    98.91
  342.61,   604.88,   223.62
  341.03,   605.65,   348.26
  475.26,   355.94,   103.24
  473.84,   356.80,   227.22
  471.17,   358.14,   351.80
  472.38,   480.93,   102.41
  471.46,   481.60,   226.01
  469.43,   482.78,   350.55
  468.72,   606.78,   100.57
  466.80,   607.40,   224.38
  466.63,   607.50,   349.88
  225.65,   351.55,   224.45
  222.69,   348.53,   348.17
  220.27,   345.79,   472.25
  226.10,   476.71,   227.74
  223.28,   473.71,   350.85
  220.34,   470.29,   474.72
  227.69,   601.94,   230.23
  223.61,   599.18,   354.64
  219.82,   596.53,   478.98
  351.06,   351.17,   226.57
  347.89,   348.14,   350.86
  344.75,   344.94,   475.43
  351.96,   476.17,   229.44
  349.31,   473.16,   353.23
  346.31,   470.65,   477.93
  351.64,   601.66,   232.16
  349.24,   598.67,   356.99
  346.84,   595.66,   481.78
  476.32,   350.36,   229.52
  472.59,   347.67,   353.44
  469.66,   344.88,   478.76
  477.04,   474.97,   231.77
  474.09,   472.32,   356.21
  471.03,   470.16,   481.35
  476.33,   600.45,   234.01
  474.59,   597.08,   359.15
  472.60,   594.69,   484.55
  225.29,   348.91,   350.90
  224.83,   347.12,   475.16
  224.17,   345.53,   600.39
  223.54,   473.63,   351.93
  222.53,   472.06,   476.19
  221.87,   470.40,   602.27
  221.25,   599.31,   354.22
  219.81,   598.15,   478.72
  219.11,   596.76,   603.73
  350.45,   350.61,   351.38
  349.24,   348.96,   476.32
  349.15,   347.52,   602.03
  349.56,   475.77,   352.59
  348.30,   474.55,   477.30
  347.77,   473.07,   602.94
  347.37,   601.25,   354.70
  346.74,   599.71,   479.52
  346.05,   598.41,   604.47
  475.34,   352.68,   352.46
  473.99,   351.09,   477.63
  473.66,   349.22,   603.28
  474.63,   477.51,   353.42
  473.26,   476.35,   478.82
  473.03,   474.82,   603.80
  472.60,   602.15,   355.17
  472.45,   601.04,   480.46
  471.75,   599.15,   605.16
  223.81,   351.31,   472.20
  222.30,   347.38,   597.43
  221.24,   344.20,   723.44
  224.02,   476.04,   475.87
  222.45,   472.45,   601.64
  220.83,   469.20,   728.91
  223.98,   602.39,   480.59
  222.62,   598.73,   605.55
  221.69,   595.21,   731.07
  348.60,   350.56,   474.39
  347.41,   346.91,   600.31
  346.28,   343.35,   726.24
  349.98,   475.95,   477.99
  348.37,   472.34,   603.30
  347.12,   468.15,   729.53
  350.67,   601.39,   482.13
  349.15,   597.36,   606.96
  347.54,   593.88,   732.54
  473.27,   350.41,   476.76
  472.18,   346.25,   602.54
  471.48,   341.63,   728.07
  475.23,   475.46,   479.93
  473.66,   471.65,   604.94
  472.71,   466.49,   730.33
  476.83,   599.72,   484.27
  475.06,   596.12,   608.57
  473.02,   592.24,   734.08
  227.47,   348.45,   601.05
  229.16,   347.18,   726.93
  230.24,   346.70,   851.80
  229.37,   473.55,   602.77
  230.82,   472.50,   729.82
  232.40,   471.30,   854.53
  231.15,   599.64,   603.98
  233.69,   598.30,   729.39
  235.39,   595.82,   854.44
  352.25,   345.92,   600.35
  354.44,   344.37,   726.44
  355.69,   343.28,   851.28
  355.22,   471.55,   601.35
  356.87,   469.64,   727.25
  357.98,   468.38,   853.78
  358.09,   596.74,   602.39
  359.14,   595.00,   727.82
  360.08,   594.60,   853.94
  476.85,   343.57,   599.59
  479.08,   341.20,   724.77
  481.10,   339.29,   850.25
  480.40,   468.85,   599.72
  482.42,   465.80,   724.76
  483.24,   465.29,   851.91
  483.85,   593.20,   601.14
  484.88,   591.81,   726.45
  485.30,   592.55,   852.72
  223.89,   474.19,   102.77
  222.17,   470.59,   227.73
  220.85,   467.33,   350.65
  223.62,   599.23,   105.57
  222.00,   595.82,   230.66
  219.58,   592.89,   354.59
  223.58,   723.77,   107.91
  222.02,   721.05,   232.70
  218.48,   719.04,   359.02
  348.65,   475.22,   103.43
  348.17,   471.92,   227.91
  346.97,   468.61,   351.70
  347.53,   599.87,   105.92
  346.59,   596.90,   230.73
  345.58,   593.81,   355.16
  346.43,   724.05,   108.45
  344.38,   722.17,   233.49
  343.76,   719.08,   359.50
  473.63,   475.08,   104.76
  473.35,   471.85,   228.49
  471.89,   469.39,   352.84
  471.51,   601.18,   106.94
  471.03,   597.68,   230.99
  471.10,   593.83,   356.00
  469.79,   725.84,   109.05
  468.16,   723.02,   233.95
  469.66,   718.84,   359.86
  226.81,   473.18,   225.19
  226.45,   473.16,   348.58
  226.62,   473.58,   472.44
  227.40,   598.27,   224.37
  226.50,   599.27,   348.81
  225.48,   600.02,   473.17
  228.26,   723.52,   222.71
  225.99,   725.03,   349.13
  224.93,   726.35,   473.93
  352.41,   473.36,   224.10
  352.61,   473.69,   348.05
  352.45,   474.45,   472.62
  351.49,   598.39,   223.03
  351.97,   598.90,   347.80
  352.43,   599.76,   472.71
  350.33,   723.33,   222.20
  351.18,   724.34,   348.19
  352.17,   724.58,   473.49
  477.54,   472.51,   223.31
  477.45,   473.60,   348.05
  477.60,   474.60,   472.95
  476.03,   598.23,   222.09
  477.50,   597.92,   347.33
  478.43,   599.02,   472.89
  473.98,   723.54,   221.51
  477.09,   723.06,   347.57
  479.16,   722.85,   473.21
  226.18,   472.77,   351.39
  228.98,   470.69,   475.36
  232.03,   469.32,   601.19
  223.76,   598.46,   353.57
  226.02,   596.75,   478.18
  229.49,   595.37,   602.98
  221.64,   724.65,   356.43
  223.39,   723.70,   481.22
  227.12,   721.74,   604.29
  351.76,   475.10,   347.65
  354.80,   473.62,   472.38
  358.20,   472.07,   597.93
  349.55,   600.27,   350.28
  353.17,   599.00,   474.87
  356.01,   597.19,   599.68
  346.69,   725.69,   352.90
  350.40,   723.44,   478.18
  354.10,   721.60,   601.98
  476.91,   476.73,   344.94
  479.79,   475.58,   469.91
  483.04,   473.91,   595.05
  474.87,   601.60,   346.80
  478.95,   600.04,   472.00
  482.03,   598.22,   596.96
  472.38,   726.43,   349.01
  477.47,   724.17,   474.70
  480.54,   722.28,   599.89
  222.85,   474.93,   473.60
  223.12,   471.78,   599.81
  223.60,   468.79,   726.77
  225.22,   601.20,   477.89
  225.67,   598.02,   603.07
  226.93,   594.74,   728.36
  228.08,   727.38,   482.59
  228.74,   724.26,   605.60
  231.04,   720.42,   728.10
  348.63,   472.31,   473.71
  349.36,   469.17,   599.29
  349.64,   465.52,   725.53
  352.07,   597.63,   477.87
  352.73,   594.28,   602.47
  352.70,   591.04,   727.78
  354.87,   722.28,   482.23
  355.48,   718.86,   606.08
  355.64,   716.56,   730.00
  473.73,   469.44,   473.86
  474.16,   465.90,   598.88
  475.20,   461.25,   724.20
  477.97,   593.63,   477.56
  478.43,   590.19,   602.24
  478.28,   586.87,   727.17
  482.19,   717.46,   481.52
  482.34,   714.43,   606.74
  480.97,   712.93,   731.78
  224.06,   474.72,   601.03
  225.79,   475.70,   728.23
  227.39,   476.02,   852.89
  223.52,   601.01,   600.90
  226.06,   601.72,   726.48
  227.88,   600.73,   851.02
  223.56,   727.81,   600.58
  227.17,   727.21,   722.64
  229.43,   725.65,   847.18
  350.11,   475.39,   599.57
  351.85,   475.08,   725.72
  353.05,   475.29,   852.03
  350.30,   600.32,   599.33
  351.83,   600.50,   724.54
  352.81,   601.39,   850.67
  350.08,   725.03,   599.79
  351.57,   725.96,   723.22
  353.30,   727.61,   847.15
  475.06,   474.73,   598.07
  477.42,   473.70,   723.14
  477.91,   474.75,   850.18
  476.47,   599.45,   597.63
  477.15,   599.30,   722.97
  477.61,   602.12,   849.09
  476.98,   723.43,   598.72
  476.93,   725.55,   724.09
  477.95,   728.71,   847.30
  226.32,   600.28,   100.50
  224.25,   598.95,   225.21
  221.25,   597.35,   349.34
  227.71,   725.05,   101.03
  225.96,   723.74,   225.62
  221.62,   723.48,   352.07
  227.90,   850.50,   102.12
  226.01,   848.89,   226.94
  222.15,   847.83,   353.58
  350.61,   599.60,   101.40
  348.78,   598.22,   225.78
  347.36,   596.54,   350.52
  350.87,   724.03,   102.29
  347.91,   723.31,   227.28
  346.77,   721.97,   353.18
  351.64,   848.08,   104.75
  348.46,   847.25,   228.85
  346.73,   846.53,   354.64
  474.50,   599.19,   103.10
  473.23,   597.37,   226.69
  472.71,   595.11,   352.02
  474.57,   723.88,   103.53
  471.77,   722.49,   228.17
  472.70,   719.88,   354.16
  475.89,   846.89,   106.03
  472.78,   846.92,   230.30
  473.89,   845.53,   356.11
  224.75,   598.77,   224.27
  221.19,   602.54,   348.88
  218.21,   606.15,   472.93
  222.55,   724.06,   220.23
  217.86,   728.49,   346.17
  214.15,   732.70,   471.37
  219.33,   848.71,   216.40
  214.59,   852.69,   342.57
  211.47,   856.48,   468.41
  349.06,   602.29,   225.45
  346.82,   605.53,   350.40
  344.97,   608.96,   475.28
  344.78,   727.18,   222.17
  342.73,   730.92,   347.79
  341.14,   733.68,   473.05
  341.75,   851.14,   218.88
  339.12,   855.09,   344.28
  337.09,   858.43,   469.89
  473.40,   605.05,   226.76
  472.16,   607.92,   352.36
  471.05,   611.13,   477.62
  468.40,   730.38,   223.59
  468.75,   732.45,   349.41
  468.62,   735.29,   475.12
  465.77,   853.99,   220.65
  466.04,   857.80,   346.11
  465.19,   861.04,   471.64
  225.39,   599.43,   349.39
  222.80,   602.69,   474.09
  221.43,   606.33,   598.80
  227.64,   725.18,   347.11
  225.00,   729.21,   472.38
  224.11,   732.50,   595.53
  230.11,   849.43,   343.68
  227.72,   853.03,   469.46
  226.79,   856.43,   592.71
  351.15,   596.32,   350.58
  349.86,   599.75,   475.68
  348.13,   602.84,   600.25
  352.72,   721.69,   348.30
  351.90,   724.42,   473.52
  350.79,   727.42,   597.79
  355.00,   845.88,   345.01
  353.68,   848.91,   470.46
  352.59,   851.64,   594.80
  476.53,   592.61,   351.82
  475.61,   596.19,   477.51
  474.24,   599.56,   602.16
  478.67,   717.69,   349.20
  478.97,   720.17,   474.86
  477.39,   723.56,   600.03
  481.47,   842.87,   346.37
  482.16,   845.88,   471.79
  479.92,   848.25,   597.11
  222.47,   600.59,   476.67
  223.29,   602.71,   601.60
  224.62,   604.71,   727.06
  224.99,   726.89,   476.16
  225.98,   728.99,   599.31
  228.01,   730.45,   721.51
  227.89,   850.87,   474.91
  228.93,   852.77,   597.99
  231.33,   854.07,   719.71
  349.59,   597.21,   476.26
  350.02,   599.17,   601.26
  350.42,   601.02,   726.39
  352.03,   721.91,   475.73
  352.65,   723.68,   599.68
  352.95,   726.47,   723.36
  354.14,   846.65,   473.61
  354.84,   847.86,   598.35
  355.94,   849.84,   721.64
  475.43,   593.60,   476.37
  476.00,   595.41,   600.79
  475.63,   597.39,   726.06
  478.93,   717.63,   474.91
  479.32,   719.79,   600.19
  478.11,   723.24,   725.43
  482.36,   843.00,   473.40
  481.95,   844.25,   598.49
  481.07,   847.37,   723.90
  224.28,   602.38,   600.80
  221.41,   599.31,   726.35
  218.48,   594.76,   850.87
  226.38,   728.73,   603.85
  224.88,   724.84,   726.38
  222.00,   719.69,   850.91
  228.98,   852.77,   607.66
  228.09,   848.63,   729.36
  226.64,   844.99,   852.89
  350.78,   599.57,   604.51
  347.25,   595.90,   729.79
  343.05,   592.93,   855.69
  353.19,   723.95,   608.46
  349.51,   721.28,   731.86
  345.69,   719.21,   855.93
  354.93,   847.85,   612.18
  352.01,   845.22,   735.04
  350.17,   843.54,   857.79
  476.79,   595.92,   607.80
  472.67,   592.59,   733.04
  467.96,   591.59,   859.27
  479.66,   720.14,   612.79
  474.27,   718.83,   737.60
  470.50,   718.08,   860.80
  481.90,   844.91,   616.82
  477.15,   842.69,   741.56
  474.45,   842.12,   863.34
  351.05,   101.94,   100.30
  352.75,    99.10,   224.98
  355.70,    95.44,   349.60
  348.04,   227.49,   103.83
  350.61,   223.87,   228.45
  353.02,   220.04,   353.74
  345.79,   352.17,   108.08
  348.96,   348.60,   232.70
  351.24,   344.70,   356.68
  475.53,   104.74,    98.44
  477.09,   101.76,   222.77
  480.56,    98.25,   346.56
  472.56,   230.61,   102.03
  475.20,   227.11,   226.28
  477.54,   223.18,   350.92
  471.01,   354.50,   105.53
  474.13,   350.99,   229.79
  475.92,   348.14,   353.98
  599.60,   107.97,    95.50
  602.83,   105.06,   220.37
  606.96,   101.58,   344.17
  597.79,   232.69,    98.74
  600.30,   230.11,   223.60
  604.00,   226.90,   348.00
  596.08,   357.28,   102.91
  598.54,   353.62,   227.42
  600.90,   350.69,   351.66
  347.40,   100.30,   223.13
  349.92,    96.98,   347.77
  353.06,    93.72,   472.34
  351.17,   225.06,   226.29
  353.12,   221.52,   351.47
  356.01,   217.47,   476.39
  355.39,   349.66,   229.63
  357.55,   346.25,   353.60
  360.19,   342.73,   478.46
  471.72,    97.39,   220.47
  474.82,    94.04,   344.33
  478.13,    90.66,   468.94
  475.29,   222.32,   223.63
  477.90,   218.74,   347.95
  480.95,   214.72,   473.39
  480.19,   346.61,   226.73
  482.38,   343.72,   351.10
  484.62,   340.13,   476.18
  597.41,    94.36,   217.99
  601.15,    91.16,   341.61
  604.87,    87.78,   466.21
  600.68,   219.65,   220.93
  604.22,   216.82,   345.21
  607.47,   213.12,   470.25
  604.74,   343.04,   224.24
  606.94,   340.45,   348.34
  609.37,   337.51,   473.47
  347.93,   102.12,   351.10
  349.29,    99.44,   476.02
  351.25,    97.06,   601.48
  347.83,   226.71,   354.26
  348.78,   223.56,   479.35
  350.96,   220.84,   604.84
  348.24,   351.87,   356.15
  349.29,   348.58,   481.25
  351.30,   345.60,   606.80
  472.51,   102.57,   349.43
  474.60,    99.80,   474.20
  476.19,    97.31,   600.73
  472.35,   227.62,   352.70
  473.80,   224.17,   478.10
  475.74,   220.96,   604.42
  473.19,   352.68,   355.21
  474.19,   349.69,   480.23
  475.95,   346.32,   606.00
  599.44,   103.29,   348.49
  601.15,   100.30,   473.04
  602.31,    97.20,   599.23
  598.71,   228.66,   351.38
  600.39,   225.40,   476.36
  601.04,   222.32,   602.30
  597.94,   352.97,   353.91
  598.96,   350.25,   479.18
  600.22,   346.85,   604.52
  346.97,    98.37,   476.69
  347.06,   100.22,   601.70
  347.42,   102.48,   727.17
  347.46,   222.67,   475.70
  347.52,   223.67,   600.82
  348.30,   225.74,   725.78
  348.53,   347.80,   473.17
  348.05,   348.75,   598.93
  348.36,   350.01,   725.14
  472.38,    98.06,   476.19
  472.23,    99.68,   603.12
  471.73,   102.19,   729.82
  472.49,   222.46,   476.30
  472.14,   223.62,   602.35
  472.13,   225.48,   728.36
  472.98,   348.14,   474.29
  472.80,   349.11,   599.92
  473.50,   349.33,   725.37
  599.30,    98.19,   477.11
  598.18,    99.60,   603.53
  596.41,   101.01,   730.17
  598.63,   223.68,   476.54
  597.62,   224.33,   602.17
  596.72,   224.90,   728.49
  597.78,   348.10,   475.11
  597.11,   348.93,   600.39
  597.78,   349.31,   725.68
  350.79,   101.83,   599.85
  349.33,   104.20,   725.38
  346.85,   105.88,   849.70
  349.07,   225.64,   599.04
  347.90,   227.52,   723.61
  345.68,   229.72,   847.28
  347.74,   350.56,   596.59
  346.06,   351.93,   722.70
  343.62,   353.86,   847.56
  475.90,   103.53,   602.86
  473.66,   105.86,   729.62
  471.37,   107.83,   853.44
  473.66,   227.41,   602.00
  472.03,   229.14,   727.95
  470.50,   230.94,   851.55
  472.38,   352.64,   599.45
  470.82,   353.12,   724.92
  468.63,   354.37,   850.51
  601.71,   105.13,   604.91
  597.82,   106.70,   731.63
  596.61,   107.78,   856.21
  599.08,   229.92,   603.38
  596.36,   230.73,   729.52
  595.13,   230.47,   853.82
  596.57,   354.72,   601.75
  595.35,   355.15,   726.66
  593.67,   355.49,   852.29
  347.98,   226.40,   102.27
  345.57,   229.30,   227.02
  342.81,   231.45,   351.78
  348.64,   351.52,    99.85
  346.95,   353.77,   224.32
  343.99,   356.63,   348.53
  348.68,   476.52,    97.36
  347.29,   478.98,   221.88
  344.82,   481.62,   345.38
  472.37,   226.61,   104.97
  469.94,   229.33,   229.28
  467.61,   231.72,   354.08
  473.52,   350.83,   102.27
  471.78,   353.67,   226.71
  468.98,   356.59,   350.89
  473.92,   475.76,   100.02
  472.46,   478.24,   223.35
  469.75,   481.22,   347.86
  597.54,   226.09,   106.92
  595.34,   229.53,   231.89
  593.62,   232.51,   356.00
  598.87,   350.13,   104.78
  596.39,   353.06,   228.81
  593.53,   356.67,   353.13
  599.09,   475.07,   102.19
  596.80,   477.34,   225.75
  593.61,   480.60,   350.35
  351.43,   226.63,   223.06
  347.66,   223.88,   348.25
  344.12,   221.13,   473.01
  350.09,   351.22,   225.76
  345.99,   348.63,   349.67
  342.12,   346.01,   474.33
  347.63,   476.18,   227.57
  343.81,   473.81,   351.69
  340.12,   471.45,   476.24
  475.80,   229.51,   226.96
  472.43,   226.58,   351.44
  468.76,   223.92,   476.63
  474.95,   353.79,   229.18
  470.86,   351.72,   353.34
  466.66,   349.52,   478.25
  472.61,   478.30,   230.71
  468.72,   476.57,   354.98
  464.90,   474.54,   480.49
  601.25,   232.31,   230.64
  598.25,   230.42,   354.81
  594.86,   227.63,   479.71
  599.63,   355.82,   232.45
  595.45,   354.21,   356.95
  591.33,   352.29,   481.95
  596.88,   480.22,   234.57
  592.49,   478.21,   359.09
  588.60,   476.33,   484.25
  347.87,   223.07,   350.61
  347.88,   223.76,   475.77
  348.83,   224.47,   601.06
  349.06,   348.18,   348.82
  348.87,   348.95,   473.60
  349.23,   349.54,   599.51
  349.85,   473.28,   347.46
  349.51,   474.19,   472.31
  349.58,   475.08,   598.20
  472.69,   223.40,   350.06
  472.94,   223.68,   475.36
  473.48,   224.50,   601.71
  474.26,   348.56,   349.07
  473.51,   349.40,   474.10
  474.05,   349.64,   599.87
  474.87,   473.03,   347.87
  474.79,   474.35,   473.02
  474.95,   475.25,   598.02
  598.85,   224.06,   350.45
  599.22,   224.77,   475.31
  598.58,   224.79,   601.02
  598.69,   348.37,   349.07
  598.47,   349.14,   474.45
  598.40,   349.62,   599.91
  598.85,   472.02,   348.18
  598.35,   473.18,   473.54
  598.82,   474.23,   598.36
  350.93,   222.85,   474.23
  349.02,   219.98,   599.51
  347.52,   217.28,   724.43
  354.11,   347.91,   476.32
  352.14,   344.77,   602.08
  350.05,   341.87,   727.73
  357.51,   473.41,   479.06
  354.82,   470.48,   604.42
  352.35,   466.62,   730.73
  475.75,   220.27,   476.71
  473.67,   217.30,   603.32
  471.45,   214.61,   729.23
  478.92,   345.79,   479.35
  476.43,   342.28,   605.09
  475.10,   338.66,   730.67
  482.36,   471.08,   482.27
  480.01,   467.80,   606.97
  478.02,   463.28,   732.43
  602.09,   219.07,   479.18
  599.18,   215.38,   605.20
  595.73,   211.86,   731.31
  603.54,   343.39,   482.33
  600.93,   339.96,   607.73
  599.18,   335.91,   732.83
  605.84,   467.45,   485.52
  603.41,   464.58,   610.19
  602.35,   461.23,   735.05
  349.19,   225.75,   602.53
  348.67,   227.09,   727.08
  347.47,   228.20,   850.83
  347.45,   350.80,   601.33
  347.13,   351.34,   726.95
  345.70,   352.35,   851.80
  345.82,   476.39,   600.10
  344.83,   476.63,   726.06
  343.13,   477.17,   852.20
  473.53,   227.54,   604.60
  472.99,   228.32,   730.74
  472.08,   229.20,   854.00
  472.36,   353.02,   602.94
  472.06,   352.75,   728.49
  470.75,   352.84,   854.08
  471.38,   478.36,   601.04
  470.45,   477.55,   726.67
  468.32,   479.03,   853.54
  598.85,   229.97,   605.11
  597.21,   230.08,   731.30
  597.06,   228.83,   855.72
  596.68,   354.51,   604.02
  596.39,   354.38,   729.06
  595.45,   354.05,   854.67
  594.95,   479.36,   602.90
  594.64,   479.77,   727.80
  593.50,   480.72,   853.83
  349.63,   348.49,   102.62
  351.87,   349.98,   227.26
  352.92,   351.18,   351.21
  349.89,   473.82,   101.31
  352.22,   475.01,   225.70
  353.71,   476.41,   349.34
  350.05,   598.65,    99.37
  351.39,   600.15,   223.68
  353.66,   601.55,   348.48
  474.62,   347.74,   101.30
  476.90,   349.24,   225.37
  477.84,   351.33,   349.94
  475.09,   472.88,   100.13
  477.27,   474.17,   223.51
  478.68,   475.93,   347.92
  473.98,   598.64,    97.77
  475.95,   599.87,   221.23
  478.86,   600.67,   346.87
  600.03,   347.23,    99.74
  601.32,   348.42,   224.22
  602.28,   350.74,   348.30
  600.13,   472.12,    98.43
  601.96,   472.83,   222.22
  602.69,   474.94,   346.64
  599.39,   597.87,    96.20
  601.27,   598.70,   219.89
  603.10,   599.46,   345.38
  351.98,   349.65,   224.66
  349.57,   351.71,   348.92
  347.46,   353.62,   473.31
  349.97,   474.62,   222.44
  347.83,   476.71,   346.25
  346.10,   478.80,   470.96
  346.58,   599.97,   219.90
  345.30,   601.82,   344.55
  343.67,   604.09,   469.47
  476.96,   351.42,   226.19
  474.34,   353.97,   350.64
  472.35,   356.09,   475.52
  475.11,   476.37,   223.44
  473.20,   478.53,   348.18
  471.11,   481.36,   473.05
  470.88,   602.13,   220.85
  470.40,   603.44,   345.93
  469.74,   605.70,   471.65
  601.45,   353.08,   228.23
  599.04,   356.29,   352.32
  596.71,   358.27,   477.38
  599.15,   477.60,   225.30
  596.88,   480.00,   349.91
  594.64,   482.64,   475.54
  596.37,   603.36,   222.55
  595.08,   604.70,   348.06
  593.88,   607.12,   473.49
  351.87,   349.51,   348.75
  350.47,   350.50,   473.46
  349.64,   351.39,   599.09
  351.53,   474.45,   347.07
  349.98,   475.72,   472.12
  349.05,   476.98,   597.69
  350.12,   599.96,   346.58
  348.90,   601.19,   471.80
  348.19,   602.21,   596.35
  476.79,   350.58,   349.82
  475.14,   351.62,   475.15
  474.19,   352.34,   600.89
  476.45,   475.27,   348.30
  474.92,   477.02,   473.63
  474.18,   477.78,   598.83
  475.17,   599.96,   347.40
  474.98,   601.32,   472.92
  473.87,   602.26,   597.76
  601.50,   351.32,   351.07
  599.76,   352.80,   476.20
  598.59,   353.05,   601.85
  600.44,   475.52,   349.99
  598.76,   477.02,   475.19
  597.96,   477.97,   600.30
  599.93,   600.08,   348.68
  598.99,   601.54,   474.35
  598.33,   602.83,   599.35
  349.20,   351.27,   475.06
  351.09,   352.98,   601.07
  353.33,   354.38,   726.68
  350.44,   476.72,   472.94
  352.14,   478.47,   598.69
  354.01,   479.74,   724.74
  351.26,   601.95,   472.22
  353.03,   603.70,   596.91
  354.17,   605.14,   722.35
  473.76,   350.88,   474.13
  475.74,   352.41,   600.10
  478.14,   353.02,   725.23
  475.56,   476.25,   472.14
  477.51,   477.71,   597.29
  479.32,   477.81,   722.25
  477.15,   600.65,   470.98
  478.80,   602.37,   595.63
  479.65,   603.92,   720.82
  598.54,   350.39,   472.70
  599.99,   351.62,   598.31
  602.61,   352.32,   723.23
  599.33,   474.61,   471.31
  601.11,   476.30,   596.19
  603.55,   477.47,   720.85
  601.18,   598.99,   469.89
  602.82,   601.26,   594.41
  604.38,   603.04,   719.10
  348.79,   350.13,   601.87
  347.31,   348.73,   727.71
  345.03,   347.31,   852.44
  350.19,   476.01,   603.01
  348.18,   473.76,   729.01
  345.88,   472.26,   855.48
  351.57,   601.17,   604.43
  349.21,   599.42,   729.58
  346.67,   598.20,   855.59
  473.16,   349.07,   604.47
  472.39,   346.49,   729.65
  470.03,   344.86,   855.18
  475.26,   474.61,   604.90
  474.06,   471.27,   730.16
  470.93,   470.90,   857.22
  477.29,   599.22,   606.57
  474.49,   597.27,   731.75
  471.72,   598.41,   857.83
  597.41,   347.54,   606.29
  596.38,   345.36,   731.37
  595.17,   342.48,   857.04
  599.20,   472.55,   607.33
  598.37,   470.63,   731.89
  596.06,   469.30,   858.17
  601.48,   597.39,   609.05
  599.42,   596.22,   733.58
  597.46,   596.27,   859.27
  348.78,   476.82,   100.32
  347.73,   475.04,   224.74
  345.74,   473.16,   348.56
  346.14,   601.62,   101.37
  344.14,   600.19,   225.92
  342.52,   598.52,   350.52
  342.66,   725.71,   102.08
  339.82,   725.05,   227.27
  338.63,   723.79,   353.42
  473.94,   478.93,   102.46
  472.94,   477.23,   225.86
  471.13,   475.63,   350.31
  469.79,   604.82,   102.75
  468.23,   602.74,   226.73
  467.98,   600.36,   352.10
  466.43,   729.39,   103.69
  463.65,   728.22,   228.48
  464.55,   725.15,   354.46
  599.09,   481.27,   104.23
  597.31,   479.16,   227.97
  594.79,   477.66,   352.29
  595.34,   607.05,   104.65
  593.76,   604.81,   228.93
  592.58,   602.54,   354.19
  591.35,   733.13,   104.99
  589.45,   731.01,   230.05
  590.42,   728.09,   355.86
  349.01,   476.13,   224.14
  349.29,   474.94,   347.74
  349.81,   474.06,   472.55
  350.47,   601.45,   225.03
  351.09,   600.31,   349.86
  351.80,   599.23,   474.54
  351.32,   726.37,   226.11
  352.08,   725.59,   352.03
  353.47,   723.67,   477.06
  474.13,   473.65,   223.06
  474.54,   472.40,   347.36
  474.62,   471.80,   472.67
  474.63,   599.19,   223.52
  476.64,   597.26,   349.11
  477.75,   596.18,   474.18
  474.78,   724.67,   224.66
  478.00,   722.03,   350.64
  480.65,   720.40,   476.34
  598.65,   470.12,   222.97
  598.50,   469.55,   347.17
  598.08,   468.59,   472.78
  600.12,   595.83,   223.33
  600.93,   594.22,   348.68
  601.78,   593.43,   474.16
  601.56,   722.30,   224.27
  604.16,   719.82,   350.09
  605.85,   718.54,   475.60
  351.37,   474.40,   349.15
  354.34,   473.89,   473.81
  357.54,   473.38,   599.35
  348.98,   599.56,   350.15
  352.39,   599.32,   475.18
  355.72,   598.15,   599.88
  345.82,   725.03,   351.97
  349.83,   724.02,   477.10
  353.50,   722.73,   601.14
  476.18,   476.06,   345.84
  479.22,   476.04,   471.05
  482.66,   474.83,   596.09
  474.14,   600.58,   346.73
  478.36,   600.55,   472.14
  481.49,   599.58,   596.74
  471.63,   725.85,   348.15
  476.94,   724.45,   473.88
  480.12,   723.56,   598.82
  600.21,   477.02,   342.87
  602.59,   476.71,   468.17
  606.42,   476.06,   593.17
  598.65,   601.67,   343.62
  602.28,   601.49,   469.45
  605.76,   601.35,   593.96
  597.47,   727.43,   344.53
  602.55,   726.43,   470.19
  605.34,   726.22,   595.34
  349.64,   473.28,   473.18
  353.01,   475.89,   598.75
  356.97,   478.02,   724.64
  350.89,   598.28,   470.93
  354.49,   601.11,   595.74
  357.93,   604.01,   720.82
  351.32,   723.18,   469.23
  355.21,   725.68,   593.48
  358.87,   729.18,   717.06
  474.61,   472.17,   469.91
  478.19,   474.80,   594.81
  482.50,   476.03,   719.93
  476.58,   596.55,   467.64
  480.36,   599.28,   592.34
  483.36,   601.88,   717.55
  478.43,   720.57,   465.60
  482.13,   723.10,   590.71
  483.82,   727.65,   715.91
  597.91,   469.87,   467.04
  601.92,   472.73,   591.97
  606.48,   475.07,   716.70
  600.26,   594.46,   464.54
  604.20,   597.62,   589.26
  608.02,   600.50,   713.84
  603.48,   719.56,   461.85
  607.24,   722.64,   586.73
  609.61,   725.85,   711.69
  350.19,   475.91,   597.72
  354.00,   477.00,   723.55
  357.14,   478.34,   849.79
  349.13,   601.14,   596.10
  352.54,   602.80,   721.34
  355.66,   604.77,   847.07
  347.50,   725.68,   595.36
  350.92,   728.15,   718.74
  354.71,   730.92,   842.70
  475.33,   477.25,   593.82
  479.55,   477.20,   719.09
  482.56,   479.17,   845.99
  474.92,   601.59,   592.67
  478.19,   602.76,   717.66
  480.53,   606.85,   843.67
  474.22,   725.62,   592.57
  476.22,   728.74,   717.60
  479.26,   733.47,   840.96
  598.84,   477.69,   590.97
  603.55,   478.71,   715.48
  607.54,   480.38,   841.00
  599.17,   602.41,   589.50
  602.73,   604.11,   713.79
  606.15,   607.29,   839.21
  599.69,   727.38,   588.60
  601.90,   729.79,   713.49
  604.76,   733.12,   837.58
  350.95,   601.41,   100.96
  348.39,   603.59,   225.75
  346.55,   605.19,   350.32
  352.16,   725.55,    98.67
  348.26,   728.38,   223.71
  346.53,   730.55,   349.57
  353.01,   850.04,    98.24
  349.74,   852.51,   222.01
  346.91,   855.15,   347.54
  475.12,   600.78,   103.36
  472.96,   602.35,   227.12
  471.68,   603.56,   352.54
  475.81,   725.20,   100.54
  472.01,   727.65,   225.24
  472.40,   728.12,   351.14
  477.83,   848.24,    99.87
  473.60,   851.42,   223.97
  473.74,   853.59,   349.86
  600.44,   598.95,   105.71
  598.26,   599.85,   229.58
  596.28,   601.26,   355.01
  600.79,   725.16,   102.67
  598.54,   726.35,   227.40
  598.50,   726.89,   353.42
  603.06,   848.64,   100.46
  600.16,   851.57,   225.79
  600.31,   853.00,   351.69
  348.90,   599.15,   225.08
  352.12,   599.21,   349.82
  354.77,   599.62,   474.79
  344.30,   723.95,   224.55
  347.46,   724.65,   350.48
  350.82,   724.34,   475.86
  340.94,   848.20,   224.47
  343.09,   848.92,   350.30
  346.47,   848.98,   475.57
  473.17,   602.49,   221.26
  477.01,   601.99,   346.80
  480.62,   602.70,   472.01
  467.61,   727.53,   221.14
  473.26,   727.06,   347.25
  477.76,   726.70,   472.64
  464.59,   851.38,   221.51
  469.72,   852.02,   347.09
  474.44,   852.15,   472.45
  598.36,   604.75,   218.76
  601.75,   604.55,   344.25
  604.66,   604.87,   469.62
  593.78,   731.40,   218.15
  598.82,   730.44,   344.08
  603.14,   730.25,   470.04
  591.18,   856.15,   217.99
  596.07,   856.41,   343.89
  600.78,   856.32,   469.46
  350.33,   599.55,   349.20
  347.95,   596.54,   474.26
  345.39,   593.30,   598.89
  349.68,   724.77,   353.44
  348.01,   721.16,   478.65
  345.98,   718.09,   602.52
  350.06,   849.06,   356.44
  347.74,   845.87,   481.72
  345.75,   842.06,   606.08
  475.85,   598.02,   351.57
  473.88,   595.20,   476.77
  471.48,   591.96,   601.43
  475.97,   722.88,   355.35
  475.33,   719.12,   480.89
  472.58,   716.21,   605.96
  476.92,   848.11,   358.68
  476.16,   844.47,   484.19
  472.92,   840.61,   609.58
  599.96,   596.32,   354.10
  597.65,   593.72,   479.52
  595.56,   590.85,   604.19
  601.98,   721.98,   357.42
  600.45,   718.38,   483.22
  597.57,   715.87,   608.20
  603.24,   848.16,   360.69
  602.47,   844.54,   486.44
  599.24,   840.78,   612.21
  352.11,   599.17,   475.82
  354.26,   600.59,   600.98
  356.15,   602.13,   726.10
  349.37,   723.72,   475.79
  351.45,   724.82,   599.88
  353.75,   727.41,   723.68
  345.90,   848.51,   474.28
  348.57,   849.24,   598.79
  350.92,   850.87,   721.97
  477.94,   600.55,   474.33
  480.15,   602.10,   598.77
  481.78,   603.66,   724.11
  476.43,   724.79,   473.49
  478.23,   726.12,   598.59
  478.83,   729.39,   723.71
  474.08,   850.27,   472.18
  475.61,   850.92,   597.38
  476.44,   853.26,   722.75
  601.95,   601.87,   472.63
  604.30,   603.96,   597.28
  606.64,   605.82,   722.03
  601.81,   727.39,   471.44
  603.67,   729.08,   596.33
  604.28,   731.52,   721.59
  600.73,   853.07,   469.80
  602.06,   854.21,   595.73
  602.69,   856.04,   721.20
  350.67,   601.72,   601.39
  349.76,   598.56,   726.69
  348.67,   595.79,   852.52
  348.18,   726.20,   605.37
  347.70,   723.98,   728.92
  347.11,   721.73,   852.81
  345.32,   850.66,   608.87
  345.60,   847.32,   731.90
  346.88,   845.70,   854.64
  476.55,   603.11,   602.37
  475.52,   599.74,   727.62
  473.58,   598.96,   853.64
  474.76,   727.37,   606.94
  472.50,   725.87,   731.98
  471.83,   725.37,   855.27
  472.12,   852.14,   610.54
  470.58,   849.82,   735.70
  471.13,   849.19,   858.01
  600.58,   605.09,   603.48
  600.30,   602.03,   727.96
  599.43,   600.00,   853.25
  600.29,   729.79,   607.49
  598.33,   727.70,   732.41
  597.39,   726.22,   856.16
  598.61,   854.70,   611.53
  596.79,   851.98,   736.90
  595.89,   850.36,   859.48
  475.87,    98.39,   101.55
  477.91,   101.00,   225.65
  481.31,   103.02,   349.34
  477.98,   224.35,    99.25
  480.98,   226.32,   223.85
  483.88,   228.04,   348.11
  481.76,   348.31,    97.43
  485.11,   350.55,   221.53
  487.32,   352.67,   345.96
  600.21,    96.25,    98.05
  603.77,    99.19,   223.30
  608.11,   101.17,   346.97
  603.29,   221.55,    95.72
  606.45,   224.00,   220.96
  610.31,   226.44,   345.05
  606.75,   345.66,    94.19
  609.76,   347.49,   218.78
  611.88,   350.47,   342.87
  726.39,    94.79,    94.31
  732.08,    97.05,   221.14
  736.06,    98.76,   345.06
  729.78,   218.96,    91.90
  733.38,   221.94,   217.73
  737.04,   224.78,   343.07
  732.63,   342.67,    91.08
  734.88,   344.40,   216.56
  736.78,   347.52,   340.46
  473.96,   100.75,   225.57
  476.63,    97.52,   349.09
  479.03,    94.20,   473.67
  476.20,   225.66,   228.24
  478.06,   222.30,   353.05
  480.47,   218.50,   478.02
  479.20,   350.04,   231.24
  480.88,   347.25,   355.66
  482.45,   344.06,   480.74
  599.82,    99.42,   223.54
  603.04,    96.11,   347.32
  605.98,    92.88,   471.89
  601.32,   224.46,   226.38
  604.51,   221.87,   350.81
  606.70,   218.49,   475.53
  603.91,   347.94,   229.51
  605.61,   345.58,   353.77
  607.22,   342.68,   478.61
  727.91,    98.15,   222.56
  730.80,    94.67,   346.32
  732.94,    91.92,   470.62
  728.34,   223.26,   224.01
  731.40,   221.37,   349.25
  733.16,   218.26,   473.60
  728.93,   345.60,   227.79
  730.11,   343.86,   351.63
  732.00,   341.10,   476.40
  473.30,   100.16,   349.87
  474.61,   101.08,   474.80
  475.72,   102.37,   601.44
  475.85,   224.94,   349.43
  476.63,   225.46,   474.70
  477.98,   226.04,   601.27
  479.45,   350.10,   348.27
  479.62,   351.05,   473.22
  480.72,   351.82,   599.11
  600.21,    98.18,   349.75
  601.28,    99.04,   474.20
  601.67,   100.10,   600.71
  602.07,   223.55,   348.81
  603.02,   224.27,   474.03
  603.21,   224.94,   599.65
  604.15,   347.46,   347.60
  604.25,   348.78,   472.71
  604.71,   349.38,   598.26
  728.03,    95.94,   350.09
  728.29,    96.98,   474.23
  727.41,    98.12,   599.57
  729.06,   222.11,   348.87
  729.29,   223.14,   473.67
  729.00,   223.41,   597.50
  728.83,   345.19,   347.24
  729.10,   346.43,   472.25
  729.51,   346.87,   596.96
  474.37,   100.30,   475.19
  471.58,    97.76,   601.94
  468.14,    95.72,   728.38
  474.76,   224.80,   479.34
  471.99,   221.56,   605.88
  469.23,   218.73,   731.80
  476.17,   350.49,   482.39
  473.32,   346.92,   607.90
  470.89,   342.65,   733.17
  601.04,    99.94,   478.71
  597.20,    96.73,   605.13
  592.70,    93.69,   731.87
  600.93,   225.25,   482.66
  597.06,   221.39,   608.21
  593.60,   217.60,   734.47
  600.72,   349.63,   485.59
  597.67,   345.84,   610.85
  595.07,   341.61,   736.01
  728.11,    99.38,   482.48
  722.95,    96.05,   607.83
  717.34,    91.37,   733.35
  727.20,   225.42,   486.02
  722.95,   221.34,   610.22
  718.34,   215.88,   735.24
  725.66,   348.37,   489.07
  722.27,   344.98,   613.89
  719.13,   341.24,   738.73
  475.00,    99.73,   599.04
  473.79,   101.49,   726.29
  472.71,   102.67,   850.35
  475.62,   223.88,   599.57
  475.27,   224.48,   725.40
  474.69,   225.34,   849.09
  477.36,   349.30,   598.03
  477.35,   348.64,   723.34
  476.25,   349.03,   848.98
  600.56,    98.74,   600.07
  598.21,    99.38,   726.96
  597.71,    99.47,   851.65
  601.11,   223.38,   599.78
  599.58,   222.96,   725.89
  599.34,   221.95,   850.35
  601.62,   348.08,   598.96
  601.40,   347.75,   724.08
  600.94,   346.92,   849.45
  726.54,    97.90,   600.91
  723.24,    96.57,   726.22
  722.69,    95.17,   852.07
  726.81,   223.41,   599.82
  724.53,   221.30,   724.74
  723.77,   219.62,   850.05
  726.54,   346.76,   599.60
  725.43,   346.59,   724.59
  725.06,   345.96,   849.14
  473.22,   225.82,   100.34
  470.59,   229.19,   224.54
  468.11,   232.23,   349.10
  477.71,   349.89,    97.05
  475.58,   353.44,   221.14
  472.23,   357.21,   345.27
  480.76,   474.71,    94.21
  478.99,   478.18,   217.45
  476.38,   481.73,   341.71
  598.79,   222.19,   102.58
  595.99,   226.13,   227.67
  593.86,   229.79,   351.81
  603.02,   346.34,    99.71
  600.35,   349.79,   223.97
  597.01,   353.88,   348.21
  605.99,   471.05,    96.51
  603.35,   473.89,   220.39
  599.99,   477.80,   344.89
  724.62,   218.88,   104.33
  723.03,   223.30,   230.06
  720.93,   227.75,   355.22
  728.54,   342.41,   102.11
  725.21,   345.63,   227.42
  721.50,   350.66,   351.42
  730.85,   468.64,    99.32
  727.14,   470.45,   224.24
  723.03,   473.89,   347.61
  474.95,   225.38,   225.88
  473.45,   225.71,   350.41
  472.40,   226.33,   475.70
  480.12,   349.44,   225.18
  478.22,   350.88,   349.35
  476.41,   351.57,   474.48
  483.91,   474.24,   223.74
  482.30,   475.69,   348.03
  480.71,   476.93,   473.50
  600.28,   222.30,   227.51
  599.86,   223.63,   351.98
  598.81,   223.83,   476.98
  604.54,   345.77,   226.38
  602.80,   347.65,   351.04
  600.93,   348.50,   475.85
  608.08,   470.24,   225.27
  605.89,   471.14,   349.90
  604.17,   472.71,   475.30
  727.28,   219.02,   228.47
  726.98,   221.30,   353.97
  724.91,   222.03,   478.24
  729.69,   341.83,   228.27
  727.62,   343.94,   352.35
  725.77,   344.99,   477.54
  731.75,   466.08,   227.98
  729.04,   467.07,   351.19
  727.56,   468.04,   476.38
  475.41,   226.65,   350.58
  475.43,   225.38,   475.77
  475.23,   225.04,   602.39
  475.04,   351.80,   350.71
  474.00,   351.40,   476.12
  474.16,   350.25,   601.98
  473.69,   476.34,   350.95
  473.13,   476.50,   476.21
  473.16,   475.38,   601.38
  601.81,   229.38,   350.95
  601.50,   228.46,   476.12
  600.62,   227.54,   601.96
  599.63,   353.47,   351.23
  598.61,   353.12,   476.54
  598.59,   352.09,   602.08
  597.55,   477.44,   351.72
  596.68,   477.31,   477.23
  596.78,   476.99,   601.98
  728.61,   231.98,   352.00
  727.99,   231.67,   476.62
  726.31,   230.26,   600.64
  724.28,   354.93,   352.06
  723.32,   354.45,   476.71
  723.16,   353.51,   601.99
  720.68,   478.33,   352.05
  720.05,   477.67,   477.43
  720.15,   477.76,   603.33
  472.47,   224.35,   475.16
  475.92,   220.59,   601.36
  479.34,   217.18,   727.37
  470.26,   349.81,   478.49
  474.01,   345.94,   604.41
  478.05,   341.37,   729.56
  468.83,   475.25,   481.91
  472.31,   471.20,   606.90
  475.98,   465.87,   732.44
  598.40,   228.21,   471.99
  601.12,   223.63,   597.54
  603.89,   219.35,   723.70
  595.21,   352.74,   475.53
  598.34,   348.13,   600.96
  601.96,   343.63,   726.12
  592.72,   476.63,   479.35
  596.05,   473.02,   604.33
  600.08,   468.96,   729.03
  724.78,   231.73,   469.22
  726.64,   227.15,   593.22
  728.51,   221.29,   718.09
  719.75,   354.70,   472.82
  722.62,   350.71,   597.69
  726.25,   346.54,   722.39
  715.94,   478.00,   476.29
  719.63,   474.99,   602.19
  723.49,   472.87,   726.77
  475.03,   223.76,   600.31
  472.25,   226.44,   726.29
  470.07,   229.19,   849.91
  475.69,   349.05,   597.13
  473.84,   350.49,   722.49
  470.50,   352.87,   847.75
  476.85,   474.51,   593.51
  474.25,   475.48,   718.52
  470.53,   478.75,   845.52
  600.31,   224.05,   602.62
  596.89,   225.85,   728.81
  594.92,   226.99,   853.24
  600.12,   348.63,   599.95
  597.80,   350.38,   725.06
  595.46,   351.82,   850.54
  600.41,   473.50,   597.07
  598.47,   475.82,   721.47
  595.56,   478.47,   847.73
  725.97,   224.99,   604.30
  721.72,   225.07,   729.55
  718.96,   225.12,   854.92
  724.70,   348.23,   602.45
  721.87,   350.29,   727.43
  719.70,   351.60,   851.97
  723.90,   472.45,   600.86
  722.21,   476.77,   725.42
  720.05,   478.95,   849.34
  476.05,   350.94,   100.89
  474.53,   353.22,   225.48
  471.72,   355.49,   349.56
  476.20,   475.79,    99.25
  474.75,   478.09,   222.56
  472.44,   480.09,   347.05
  475.21,   601.78,    96.44
  472.98,   603.69,   220.03
  472.14,   604.99,   345.46
  601.39,   350.51,   103.43
  599.04,   352.60,   227.80
  596.11,   355.46,   351.76
  601.29,   475.54,   101.40
  599.26,   476.80,   225.31
  596.19,   479.13,   349.62
  600.36,   601.23,    98.53
  598.54,   602.76,   222.51
  596.52,   603.92,   347.65
  727.12,   349.66,   105.48
  724.04,   351.76,   230.16
  720.96,   354.87,   354.12
  726.18,   475.95,   103.57
  723.18,   476.58,   228.47
  719.29,   478.43,   351.82
  726.03,   601.50,   100.90
  724.02,   602.32,   225.79
  720.72,   603.56,   350.40
  475.60,   348.63,   225.72
  477.82,   346.74,   350.14
  480.78,   343.89,   475.17
  474.53,   473.48,   227.76
  477.71,   471.07,   352.19
  480.54,   469.23,   477.42
  471.63,   599.13,   229.97
  476.28,   595.64,   354.92
  480.37,   593.35,   480.32
  600.17,   349.24,   222.83
  602.68,   347.46,   347.10
  605.20,   344.96,   471.82
  598.89,   473.91,   224.87
  601.38,   471.57,   349.51
  603.98,   469.30,   474.61
  597.03,   599.31,   226.90
  600.57,   596.24,   352.16
  604.16,   594.02,   477.82
  725.21,   349.59,   220.16
  727.30,   348.59,   343.84
  730.04,   346.20,   468.83
  722.96,   474.43,   223.04
  724.55,   471.64,   346.41
  727.54,   469.17,   471.35
  722.50,   600.34,   224.67
  724.47,   597.01,   349.28
  727.16,   594.51,   474.20
  474.00,   349.80,   350.65
  474.06,   349.23,   476.07
  475.13,   348.22,   601.77
  473.12,   474.66,   351.02
  473.49,   474.44,   476.28
  474.61,   473.60,   601.28
  471.54,   599.09,   351.75
  473.06,   598.98,   477.09
  473.73,   598.41,   601.68
  598.55,   350.99,   350.24
  598.77,   350.55,   475.41
  599.51,   349.42,   600.82
  597.17,   474.98,   350.58
  597.11,   474.91,   475.87
  598.25,   474.47,   600.89
  596.12,   600.00,   351.27
  597.20,   599.57,   477.01
  597.90,   599.33,   601.59
  723.12,   352.14,   349.89
  723.33,   351.85,   474.78
  724.08,   350.66,   599.81
  720.22,   475.68,   350.13
  720.72,   474.98,   475.03
  721.80,   474.91,   600.95
  719.99,   600.71,   350.84
  720.28,   600.58,   475.88
  721.16,   601.09,   601.16
  476.02,   351.27,   476.23
  479.49,   347.23,   601.95
  483.68,   342.35,   727.58
  473.73,   476.55,   479.93
  476.94,   472.56,   604.85
  480.62,   467.23,   730.11
  471.36,   601.02,   484.08
  474.48,   597.06,   608.89
  476.86,   592.88,   734.16
  600.70,   354.87,   473.57
  603.83,   350.67,   598.72
  607.84,   346.03,   723.87
  597.39,   479.15,   477.47
  600.82,   475.43,   602.55
  604.72,   471.15,   726.79
  595.47,   603.34,   481.41
  598.49,   600.22,   606.17
  601.64,   596.68,   730.98
  725.35,   357.95,   470.63
  728.28,   353.49,   595.41
  731.66,   349.52,   720.23
  720.42,   481.23,   474.16
  724.09,   477.77,   600.10
  728.19,   475.98,   724.94
  718.49,   606.68,   478.27
  721.50,   604.19,   603.24
  725.63,   601.48,   727.97
  476.85,   348.61,   602.35
  480.91,   346.61,   727.82
  483.90,   345.32,   853.16
  479.56,   473.80,   602.07
  483.25,   471.35,   727.42
  485.74,   471.49,   854.26
  482.51,   598.67,   602.88
  485.25,   597.23,   728.33
  487.07,   598.91,   854.60
  601.13,   346.27,   598.96
  604.96,   344.71,   724.13
  608.70,   342.04,   849.46
  603.30,   471.10,   599.55
  607.60,   469.92,   724.08
  610.93,   469.09,   849.71
  606.52,   596.18,   600.53
  609.92,   595.52,   724.88
  613.00,   595.95,   850.11
  725.78,   343.84,   595.23
  729.13,   342.41,   720.10
  732.74,   340.30,   844.87
  727.10,   467.88,   596.92
  731.19,   468.82,   721.97
  735.31,   467.39,   845.47
  729.72,   594.28,   597.43
  733.70,   594.85,   722.24
  738.33,   593.18,   846.37
  475.41,   476.08,   102.20
  474.59,   472.22,   225.63
  472.84,   469.27,   350.18
  471.19,   601.88,   104.85
  470.14,   598.14,   228.69
  469.61,   593.68,   353.93
  467.37,   726.28,   107.13
  464.91,   723.23,   232.43
  466.24,   718.55,   358.07
  600.46,   478.34,   103.93
  598.94,   474.53,   227.36
  597.01,   471.36,   351.84
  596.39,   604.34,   106.38
  595.05,   600.23,   230.29
  594.22,   596.02,   355.83
  592.38,   730.46,   108.79
  591.27,   726.22,   233.66
  591.90,   721.32,   359.45
  725.05,   481.91,   105.54
  722.85,   476.98,   230.10
  720.09,   473.34,   353.65
  722.27,   607.62,   108.28
  720.70,   602.65,   233.15
  718.06,   598.41,   357.46
  720.23,   732.52,   110.22
  719.60,   728.41,   235.77
  717.82,   725.26,   361.31
  476.52,   472.76,   226.02
  476.63,   472.18,   350.64
  476.13,   471.83,   475.99
  473.58,   598.41,   226.70
  474.97,   596.93,   352.04
  475.81,   596.30,   477.24
  470.10,   724.04,   227.54
  472.87,   721.53,   353.68
  474.89,   720.15,   479.48
  600.91,   473.25,   226.55
  600.36,   472.58,   350.96
  599.74,   472.00,   476.33
  599.03,   598.96,   226.88
  599.28,   597.29,   352.05
  599.52,   596.77,   477.58
  596.36,   725.37,   227.69
  598.78,   723.00,   353.33
  600.30,   721.73,   479.20
  724.65,   474.31,   227.42
  723.40,   473.21,   351.00
  723.40,   472.20,   475.87
  724.31,   600.27,   227.82
  723.15,   598.24,   352.53
  722.59,   597.45,   477.45
  725.01,   725.96,   228.03
  724.62,   725.22,   353.44
  724.13,   724.97,   478.35
  477.33,   473.31,   349.31
  475.25,   474.68,   474.51
  473.72,   475.40,   599.81
  474.33,   597.97,   348.90
  473.26,   599.14,   474.12
  471.33,   600.08,   599.00
  470.27,   722.85,   348.38
  470.51,   723.16,   474.18
  468.41,   724.05,   599.17
  601.05,   475.36,   351.47
  598.62,   476.95,   477.12
  597.31,   477.82,   602.14
  598.58,   600.31,   350.62
  597.26,   601.37,   476.30
  595.64,   602.68,   601.21
  596.23,   725.77,   350.07
  596.11,   726.44,   475.91
  593.91,   727.57,   600.78
  724.15,   477.43,   353.40
  722.25,   478.28,   478.67
  720.89,   480.14,   604.59
  722.57,   602.82,   352.80
  719.98,   604.25,   477.87
  718.62,   606.18,   602.86
  722.43,   729.89,   351.95
  720.15,   730.96,   477.13
  718.16,   732.26,   601.59
  476.39,   475.80,   476.50
  478.98,   472.03,   601.46
  482.47,   467.28,   726.59
  473.89,   600.22,   479.99
  476.62,   596.71,   604.75
  478.73,   593.05,   729.97
  471.42,   724.03,   484.30
  473.74,   720.73,   609.15
  474.79,   719.45,   734.31
  599.93,   477.79,   474.31
  602.85,   474.69,   599.26
  606.65,   471.06,   723.68
  598.19,   602.26,   477.75
  600.66,   599.41,   602.65
  603.64,   596.56,   727.07
  597.18,   727.30,   481.71
  599.10,   724.31,   606.46
  600.51,   722.31,   731.73
  723.17,   479.55,   471.57
  726.40,   477.07,   597.34
  729.99,   475.32,   722.12
  721.08,   605.23,   475.19
  723.98,   603.06,   600.02
  727.72,   601.23,   724.83
  721.00,   732.43,   478.69
  723.31,   729.34,   602.92
  726.05,   725.20,   727.33
  477.34,   472.97,   599.60
  481.49,   470.38,   724.71
  484.17,   470.04,   851.98
  480.73,   597.86,   600.65
  483.63,   596.23,   725.80
  486.25,   597.74,   851.92
  483.77,   722.03,   602.90
  485.91,   722.54,   728.24
  488.79,   724.47,   851.71
  600.89,   470.04,   596.50
  605.47,   468.34,   721.30
  609.05,   467.34,   846.72
  604.68,   594.80,   597.77
  608.48,   594.02,   722.29
  611.75,   594.12,   847.36
  609.04,   719.69,   599.13
  611.37,   719.30,   724.31
  614.17,   719.85,   848.20
  724.40,   466.17,   593.46
  729.06,   466.79,   718.43
  733.57,   465.18,   842.39
  727.88,   592.34,   594.56
  732.21,   592.50,   719.27
  736.86,   590.89,   843.16
  732.57,   718.57,   594.43
  736.39,   717.02,   718.81
  740.48,   714.43,   844.31
  474.79,   599.50,    98.72
  473.69,   595.84,   222.40
  473.82,   591.83,   347.53
  470.57,   724.26,   101.21
  468.10,   720.95,   225.70
  469.53,   716.54,   351.69
  467.58,   846.88,   105.89
  465.05,   845.02,   229.79
  466.25,   841.67,   355.54
  599.92,   602.72,   100.05
  598.86,   598.23,   223.94
  598.03,   594.47,   349.31
  595.67,   728.41,   102.22
  594.52,   724.54,   226.94
  595.28,   719.79,   353.14
  593.10,   852.15,   105.54
  591.17,   849.51,   230.54
  592.93,   845.82,   356.32
  725.79,   606.39,   101.70
  724.43,   601.46,   226.50
  722.16,   597.42,   350.81
  723.25,   731.36,   103.48
  722.94,   727.29,   228.91
  721.49,   723.99,   354.33
  717.79,   855.63,   105.17
  718.71,   852.59,   231.26
  718.43,   850.73,   357.76
  475.00,   601.14,   222.84
  474.22,   603.26,   347.90
  473.46,   606.10,   473.65
  470.85,   726.43,   220.17
  471.79,   727.98,   345.99
  471.88,   730.00,   471.52
  469.17,   850.51,   217.82
  469.79,   853.35,   343.46
  469.99,   855.96,   468.93
  600.09,   602.23,   224.72
  598.70,   604.40,   350.04
  597.37,   607.48,   475.57
  597.07,   728.54,   221.49
  597.64,   729.96,   347.59
  597.63,   732.29,   473.35
  595.55,   853.37,   219.10
  596.26,   856.05,   344.91
  596.57,   858.21,   470.27
  725.62,   603.93,   227.70
  722.81,   605.94,   352.26
  720.61,   608.87,   476.98
  725.99,   729.69,   224.00
  723.97,   732.94,   349.26
  721.61,   736.09,   474.67
  722.81,   854.68,   219.97
  722.12,   859.11,   346.24
  720.58,   862.45,   471.99
  476.55,   600.23,   351.45
  479.36,   598.41,   476.60
  481.28,   596.18,   601.44
  476.36,   724.86,   354.00
  480.43,   722.41,   479.71
  482.08,   720.50,   604.70
  476.81,   850.27,   356.28
  480.42,   847.88,   481.64
  481.94,   845.42,   607.24
  600.82,   598.84,   349.69
  603.10,   597.09,   475.09
  605.22,   595.57,   599.71
  602.21,   724.87,   351.81
  605.60,   722.30,   477.44
  607.04,   720.52,   602.46
  603.39,   850.79,   353.77
  607.08,   848.41,   479.41
  608.32,   845.78,   605.35
  724.60,   598.20,   347.78
  726.11,   596.36,   472.74
  728.60,   595.79,   598.10
  728.18,   725.19,   349.50
  729.35,   723.71,   474.87
  730.98,   722.29,   598.91
  729.24,   851.73,   351.30
  730.96,   850.46,   476.95
  732.80,   847.63,   602.19
  476.51,   598.32,   475.59
  479.40,   600.81,   600.32
  481.37,   602.91,   725.54
  473.72,   722.51,   474.19
  476.38,   724.52,   599.28
  477.47,   728.54,   724.21
  470.15,   847.96,   472.23
  472.15,   849.63,   597.41
  473.97,   852.54,   722.64
  600.15,   600.95,   473.15
  603.22,   603.57,   597.83
  606.44,   606.17,   722.62
  598.87,   725.86,   471.34
  601.50,   728.58,   596.49
  602.92,   731.63,   721.52
  596.45,   851.94,   469.02
  598.71,   853.67,   594.66
  600.35,   856.37,   720.36
  723.38,   603.71,   470.27
  726.46,   607.21,   595.22
  730.42,   611.16,   719.87
  723.10,   730.95,   467.89
  725.37,   733.72,   592.39
  728.55,   735.28,   716.76
  720.80,   857.20,   465.55
  723.55,   859.02,   591.12
  725.02,   859.29,   715.59
  477.25,   598.12,   600.72
  476.79,   600.96,   725.97
  476.29,   606.64,   851.91
  474.17,   722.27,   599.10
  473.14,   726.67,   723.93
  472.66,   732.93,   847.52
  470.56,   846.81,   596.25
  469.77,   850.61,   721.54
  470.64,   856.20,   844.20
  601.48,   601.14,   601.03
  601.61,   604.42,   725.49
  601.87,   609.20,   850.59
  599.65,   726.02,   598.30
  598.30,   730.02,   723.72
  598.15,   735.13,   847.65
  597.13,   850.90,   596.20
  595.96,   854.34,   721.61
  595.58,   858.59,   845.02
  724.34,   604.77,   600.55
  726.07,   608.84,   725.08
  727.21,   611.49,   849.57
  723.66,   730.65,   596.87
  723.88,   733.00,   721.17
  724.64,   734.99,   846.48
  721.88,   856.06,   594.77
  720.81,   857.25,   719.34
  719.94,   859.43,   842.82
  598.86,   100.34,    99.91
  602.03,   100.77,   224.64
  606.30,   100.11,   348.55
  603.35,   225.27,    99.64
  606.40,   225.65,   224.60
  609.80,   225.77,   349.27
  608.18,   349.61,   100.33
  610.61,   349.10,   224.85
  613.05,   349.46,   349.12
  725.25,    97.52,    96.26
  730.24,    97.36,   222.95
  734.22,    96.53,   346.79
  729.47,   221.32,    96.00
  733.07,   221.99,   221.47
  736.81,   223.09,   346.96
  734.10,   344.93,    97.48
  735.92,   344.66,   222.71
  737.59,   345.54,   346.78
  853.03,    92.41,    94.52
  858.09,    91.80,   221.45
  859.72,    92.21,   343.96
  855.95,   218.53,    92.40
  860.35,   218.20,   218.57
  862.79,   218.39,   345.19
  858.59,   340.62,    94.52
  860.62,   340.38,   220.05
  863.00,   341.15,   344.05
  600.88,   101.83,   225.16
  599.19,   100.93,   348.87
  596.96,   100.21,   473.67
  600.51,   226.77,   225.44
  598.36,   226.60,   349.96
  595.85,   225.41,   475.03
  600.96,   350.18,   226.17
  597.42,   350.70,   350.24
  594.05,   350.22,   475.59
  728.80,   102.88,   228.62
  727.00,   101.92,   352.62
  724.37,   101.44,   476.74
  727.36,   227.69,   227.98
  725.52,   227.89,   353.14
  722.32,   227.39,   477.73
  725.68,   350.36,   229.47
  722.00,   350.75,   353.29
  718.91,   350.17,   478.32
  856.77,   102.01,   232.32
  853.06,   101.97,   355.33
  848.75,   102.71,   479.83
  854.55,   228.10,   230.49
  851.56,   228.01,   357.09
  847.42,   227.66,   481.61
  850.40,   350.04,   232.49
  847.24,   350.60,   356.00
  843.99,   350.24,   480.93
  601.78,    99.81,   350.24
  605.87,    95.93,   475.12
  609.00,    91.85,   601.05
  604.74,   225.34,   354.38
  608.86,   221.27,   479.16
  611.77,   216.59,   604.93
  608.00,   349.18,   358.03
  611.14,   345.43,   482.92
  614.74,   341.09,   608.42
  729.19,    96.54,   347.77
  732.99,    92.69,   471.78
  734.72,    89.22,   597.23
  731.95,   222.83,   351.18
  735.34,   219.30,   475.99
  737.62,   214.45,   599.99
  732.47,   345.69,   354.55
  735.75,   341.84,   479.38
  739.37,   337.67,   603.83
  855.18,    92.81,   344.05
  857.02,    90.23,   468.60
  858.50,    86.96,   594.03
  858.05,   218.51,   348.55
  860.40,   215.28,   473.06
  862.09,   210.37,   597.01
  857.60,   341.52,   351.06
  861.19,   338.13,   475.86
  864.44,   334.73,   600.42
  600.18,    99.22,   473.19
  600.66,    99.64,   599.51
  600.58,    99.97,   726.54
  596.29,   224.45,   473.37
  596.92,   224.45,   599.41
  597.67,   223.94,   725.51
  592.15,   349.01,   472.93
  593.12,   349.06,   598.65
  595.35,   348.41,   723.68
  727.36,   102.93,   472.78
  726.57,   103.29,   597.82
  725.38,   102.08,   723.34
  722.76,   228.83,   472.89
  722.71,   228.53,   597.14
  722.58,   226.87,   721.90
  717.06,   351.84,   472.00
  717.72,   351.82,   597.14
  719.40,   352.15,   722.03
  851.88,   106.79,   472.25
  851.07,   106.94,   596.99
  851.18,   104.47,   721.26
  847.97,   231.88,   472.65
  847.56,   231.43,   596.47
  847.41,   229.73,   720.15
  841.90,   354.45,   470.84
  843.37,   355.21,   595.65
  843.94,   355.97,   720.58
  599.51,   101.82,   599.96
  600.89,    98.66,   726.75
  603.78,    95.27,   851.62
  596.01,   226.34,   603.53
  598.01,   222.63,   729.50
  601.30,   217.70,   853.74
  592.41,   351.14,   606.48
  595.83,   346.99,   731.63
  598.47,   342.44,   857.02
  725.40,   105.58,   597.25
  725.50,   100.55,   722.56
  728.64,    94.92,   848.38
  721.28,   230.49,   599.79
  722.75,   225.01,   724.68
  725.60,   219.60,   850.17
  716.81,   353.75,   603.54
  719.71,   350.14,   728.33
  722.58,   345.98,   852.90
  849.92,   109.01,   594.76
  851.27,   102.99,   719.11
  854.15,    97.45,   844.90
  846.26,   233.48,   597.90
  847.52,   228.37,   721.44
  849.81,   223.35,   845.63
  842.32,   357.34,   601.12
  844.46,   354.18,   726.05
  846.29,   350.21,   850.18
  598.54,   225.65,    99.10
  600.15,   223.97,   224.04
  602.87,   221.73,   348.45
  598.13,   349.92,   102.06
  599.81,   347.38,   226.50
  600.90,   345.63,   351.11
  596.79,   474.83,   105.09
  598.55,   471.78,   228.72
  599.79,   469.68,   353.13
  724.72,   226.64,    96.46
  727.07,   225.53,   221.93
  729.68,   223.88,   347.37
  724.09,   350.53,   100.29
  724.74,   347.79,   225.28
  725.99,   346.87,   349.20
  721.44,   476.74,   103.40
  722.43,   472.88,   228.09
  722.71,   470.31,   351.78
  851.08,   228.67,    93.47
  854.03,   226.53,   220.09
  856.01,   224.54,   346.48
  848.74,   350.87,    98.24
  849.56,   348.60,   224.02
  851.05,   347.36,   347.80
  845.68,   477.41,   102.19
  846.19,   474.06,   227.32
  847.22,   471.62,   349.31
  597.50,   224.53,   226.30
  595.60,   225.61,   350.47
  593.38,   225.97,   475.76
  595.16,   348.32,   225.58
  592.23,   349.63,   349.66
  589.14,   350.58,   474.95
  592.32,   472.50,   224.49
  589.03,   473.84,   348.77
  586.05,   474.55,   474.51
  724.40,   227.95,   228.70
  722.62,   229.83,   353.80
  719.47,   230.58,   478.36
  720.12,   350.51,   228.35
  716.81,   352.69,   352.69
  713.61,   353.18,   477.42
  715.89,   475.50,   227.89
  711.95,   475.83,   351.56
  709.01,   476.56,   476.58
  851.41,   230.86,   230.98
  848.67,   232.13,   357.28
  844.81,   233.09,   481.78
  845.01,   353.06,   231.46
  841.53,   354.94,   354.98
  838.90,   355.84,   479.81
  839.82,   478.70,   231.32
  836.29,   479.51,   353.64
  833.55,   479.75,   478.09
  599.62,   226.63,   348.97
  601.42,   229.57,   473.94
  603.06,   232.15,   599.83
  596.16,   350.69,   345.88
  597.65,   354.14,   470.97
  599.46,   356.68,   596.27
  593.35,   474.80,   342.55
  594.52,   478.15,   468.03
  596.46,   481.28,   592.86
  726.68,   230.80,   348.03
  727.77,   233.96,   472.38
  728.53,   236.06,   596.74
  720.91,   353.23,   344.45
  722.36,   356.50,   469.29
  723.85,   359.33,   594.19
  716.51,   476.78,   340.84
  717.78,   479.83,   465.67
  720.01,   483.52,   591.85
  852.67,   232.78,   346.71
  853.04,   236.10,   471.53
  853.44,   238.65,   595.59
  845.92,   355.67,   342.50
  847.53,   359.02,   466.94
  849.06,   362.36,   592.07
  840.54,   480.03,   338.71
  842.31,   483.01,   462.53
  845.32,   486.99,   588.98
  600.62,   225.16,   476.14
  601.18,   224.76,   602.37
  601.95,   223.87,   728.33
  602.61,   349.56,   476.01
  603.88,   349.32,   601.51
  605.77,   348.65,   726.65
  605.67,   473.85,   476.28
  607.26,   474.08,   601.02
  609.29,   473.81,   725.97
  727.20,   223.20,   475.42
  726.82,   222.43,   599.54
  726.69,   220.19,   724.69
  727.54,   346.44,   475.24
  728.64,   345.71,   599.88
  729.79,   345.44,   724.91
  729.21,   469.67,   474.73
  730.78,   470.01,   600.81
  732.97,   471.87,   725.43
  852.59,   219.66,   475.16
  851.73,   219.05,   599.24
  851.97,   217.08,   722.67
  852.93,   342.39,   474.38
  853.89,   342.97,   598.91
  854.97,   343.18,   723.62
  854.28,   466.52,   472.18
  856.12,   467.56,   598.69
  857.64,   470.00,   724.58
  601.20,   225.09,   598.97
  597.85,   221.65,   725.09
  595.74,   217.38,   849.50
  600.94,   349.69,   601.46
  598.78,   345.94,   726.43
  596.26,   341.84,   852.22
  601.43,   474.64,   604.15
  599.49,   471.25,   728.52
  596.33,   468.63,   854.31
  726.69,   225.91,   600.66
  722.51,   220.52,   725.70
  719.86,   215.40,   851.22
  725.60,   349.03,   604.15
  722.98,   345.99,   728.88
  720.56,   341.80,   853.51
  724.77,   473.39,   607.76
  723.08,   472.41,   732.33
  720.87,   468.68,   855.95
  851.66,   225.02,   604.13
  847.36,   220.23,   727.56
  844.46,   215.65,   852.10
  850.86,   349.10,   606.87
  847.59,   346.14,   731.64
  844.15,   342.59,   855.67
  850.46,   474.03,   609.99
  847.49,   473.29,   735.84
  845.41,   468.93,   859.70
  598.89,   349.55,   102.35
  597.91,   350.31,   226.91
  596.47,   352.35,   351.06
  597.45,   474.30,   101.76
  596.40,   474.62,   225.46
  594.97,   476.27,   350.09
  594.72,   600.05,    99.82
  594.22,   600.54,   223.80
  593.92,   600.79,   349.04
  724.62,   350.27,   103.24
  722.86,   350.93,   228.36
  720.97,   353.34,   352.27
  722.08,   476.44,   102.70
  720.54,   475.93,   227.49
  718.14,   476.64,   350.88
  720.53,   602.12,   100.99
  719.75,   601.88,   225.76
  717.67,   601.82,   350.22
  849.41,   350.57,   104.00
  847.56,   351.85,   229.25
  846.22,   354.13,   353.21
  846.26,   476.85,   103.86
  844.14,   477.30,   229.10
  842.44,   478.60,   351.33
  845.16,   604.75,   102.46
  844.31,   604.64,   226.92
  842.40,   604.13,   350.80
  598.77,   350.35,   225.01
  598.49,   351.88,   349.08
  598.18,   352.91,   474.19
  601.29,   474.87,   223.59
  600.77,   475.96,   348.47
  600.19,   476.74,   473.88
  602.32,   600.63,   222.65
  602.99,   600.47,   347.82
  603.52,   601.48,   473.18
  723.73,   347.27,   225.11
  723.21,   349.67,   349.24
  722.97,   350.16,   473.95
  724.85,   472.35,   224.92
  723.95,   472.81,   348.12
  723.50,   473.45,   473.14
  728.00,   598.00,   223.23
  727.06,   597.89,   347.66
  726.47,   598.93,   472.72
  848.65,   344.28,   225.17
  848.24,   346.68,   348.98
  848.34,   347.33,   473.96
  848.95,   469.74,   225.42
  848.17,   470.81,   347.56
  848.43,   471.38,   471.52
  852.16,   597.36,   223.57
  851.49,   596.53,   346.75
  850.99,   597.36,   471.05
  600.30,   350.84,   348.32
  602.45,   352.57,   473.70
  605.26,   353.86,   598.81
  601.27,   474.62,   346.20
  603.26,   476.99,   471.57
  606.18,   478.90,   596.80
  602.45,   599.23,   344.73
  605.32,   601.59,   470.35
  608.21,   603.93,   595.02
  725.37,   349.54,   345.98
  727.19,   351.26,   471.15
  729.98,   352.76,   595.78
  724.33,   472.67,   343.94
  726.63,   474.50,   468.75
  729.97,   476.83,   594.88
  726.58,   598.08,   342.53
  728.48,   600.29,   467.29
  731.47,   603.01,   592.35
  850.20,   347.88,   343.58
  852.62,   349.82,   468.34
  855.22,   352.06,   593.34
  848.93,   472.04,   340.66
  851.37,   473.86,   464.91
  855.13,   476.89,   591.34
  851.24,   597.70,   339.26
  852.47,   600.06,   463.21
  855.40,   603.29,   589.23
  599.56,   349.29,   475.99
  598.48,   346.99,   601.71
  598.28,   344.44,   726.76
  600.74,   473.76,   477.83
  600.18,   471.82,   603.04
  600.09,   469.66,   727.64
  603.28,   598.30,   479.87
  602.34,   596.97,   604.56
  601.44,   595.25,   729.39
  724.41,   347.81,   477.43
  723.37,   345.37,   602.33
  722.37,   343.35,   727.20
  724.10,   470.93,   478.75
  723.60,   469.71,   604.59
  723.60,   469.74,   729.53
  726.20,   596.39,   481.00
  725.52,   595.87,   606.17
  725.56,   595.38,   730.51
  849.77,   345.61,   478.46
  848.58,   344.40,   602.92
  847.26,   342.54,   727.95
  848.90,   469.65,   478.65
  849.04,   468.97,   605.04
  848.53,   469.50,   730.71
  850.36,   595.89,   480.51
  849.90,   595.59,   606.48
  849.58,   596.06,   732.99
  601.28,   348.34,   600.03
  601.95,   349.47,   725.18
  602.39,   350.18,   850.53
  599.01,   473.08,   597.39
  600.18,   474.46,   722.23
  600.35,   476.72,   848.19
  598.03,   597.98,   595.42
  598.07,   600.12,   720.02
  597.81,   603.93,   845.75
  725.71,   350.29,   599.42
  726.17,   352.00,   724.58
  726.33,   352.72,   849.17
  722.52,   474.53,   598.08
  723.83,   478.04,   723.19
  724.57,   479.74,   846.69
  721.26,   600.30,   595.85
  722.31,   603.72,   720.48
  723.36,   605.18,   844.70
  851.23,   352.58,   599.50
  850.98,   354.94,   724.17
  850.27,   356.21,   848.76
  848.28,   477.16,   597.61
  848.24,   481.67,   723.62
  849.05,   482.93,   847.79
  845.12,   603.71,   595.05
  846.46,   608.12,   721.41
  848.28,   608.51,   846.02
  599.06,   476.35,   101.45
  599.86,   474.78,   225.41
  599.59,   473.99,   350.00
  598.83,   602.25,   101.89
  599.65,   600.60,   226.20
  600.67,   598.40,   351.26
  598.60,   728.58,   102.10
  599.40,   726.85,   227.00
  602.31,   724.16,   352.67
  723.87,   476.38,   100.73
  723.62,   473.47,   225.69
  723.01,   472.38,   349.31
  724.66,   601.96,   101.35
  725.00,   599.49,   226.42
  724.46,   597.45,   350.76
  726.22,   727.12,   101.21
  728.13,   725.21,   226.72
  728.39,   724.41,   352.01
  847.93,   474.43,   100.89
  847.54,   472.57,   225.98
  847.13,   471.75,   347.83
  848.83,   602.21,   101.40
  849.67,   600.02,   225.77
  849.08,   597.71,   349.34
  854.77,   726.16,   100.35
  856.06,   723.45,   225.93
  854.00,   723.18,   350.63
  600.79,   472.78,   225.60
  596.59,   471.55,   350.36
  592.62,   470.20,   475.37
  600.69,   598.56,   226.90
  597.64,   596.05,   351.79
  594.27,   594.79,   477.54
  600.20,   724.93,   228.05
  598.86,   722.09,   353.80
  596.79,   720.07,   479.51
  724.69,   471.75,   230.58
  719.81,   469.96,   353.78
  715.74,   468.39,   479.10
  726.08,   597.56,   231.29
  721.37,   595.06,   355.66
  717.03,   593.96,   481.06
  729.05,   723.22,   232.18
  724.96,   722.15,   357.70
  720.45,   721.02,   482.53
  848.54,   470.84,   234.71
  843.79,   469.28,   356.75
  840.75,   467.84,   481.36
  850.51,   598.01,   235.19
  845.56,   595.14,   358.81
  841.15,   593.66,   483.19
  857.01,   721.72,   235.37
  850.41,   721.07,   360.45
  844.00,   720.80,   485.10
  601.24,   475.59,   349.97
  600.56,   479.04,   475.18
  600.92,   481.80,   600.47
  601.98,   600.35,   347.01
  602.48,   603.59,   472.48
  602.65,   606.80,   597.56
  603.67,   726.06,   344.26
  605.00,   728.48,   469.80
  604.78,   731.92,   595.23
  724.42,   474.13,   349.91
  723.95,   477.13,   475.08
  724.46,   480.45,   600.96
  726.08,   599.38,   347.28
  725.40,   602.37,   472.33
  725.72,   606.58,   597.50
  729.69,   726.15,   344.22
  729.15,   729.62,   469.56
  728.85,   732.97,   593.78
  848.64,   473.58,   349.44
  848.95,   476.76,   473.63
  850.01,   480.60,   600.23
  850.65,   599.43,   347.01
  849.54,   602.62,   471.21
  849.86,   607.16,   597.05
  855.54,   724.89,   343.70
  852.80,   729.56,   468.36
  851.90,   733.49,   592.96
  598.83,   476.32,   474.39
  600.47,   478.03,   599.62
  603.05,   479.54,   723.85
  602.57,   600.70,   472.66
  604.49,   603.09,   597.48
  605.84,   605.42,   722.08
  607.56,   725.68,   471.15
  608.70,   728.08,   596.36
  608.63,   730.90,   721.46
  721.92,   471.87,   472.80
  723.70,   474.48,   598.81
  726.37,   477.93,   723.50
  725.51,   597.47,   471.23
  727.46,   600.67,   596.21
  730.07,   603.85,   721.22
  731.18,   724.52,   469.52
  732.35,   726.86,   593.43
  734.20,   727.89,   717.97
  846.90,   469.27,   470.19
  849.18,   472.37,   596.81
  851.01,   476.60,   722.43
  849.82,   595.37,   468.28
  851.47,   598.67,   594.41
  854.14,   603.11,   720.72
  854.92,   722.14,   466.91
  855.57,   725.01,   591.55
  858.32,   726.67,   716.58
  600.54,   475.81,   600.69
  600.82,   476.08,   725.36
  599.87,   476.96,   851.01
  597.84,   600.57,   600.11
  597.13,   601.52,   724.72
  595.93,   603.79,   850.29
  595.40,   725.49,   600.19
  593.33,   726.96,   725.45
  591.84,   729.88,   849.39
  724.02,   478.93,   602.14
  724.24,   481.02,   727.12
  724.47,   481.11,   850.79
  720.97,   604.95,   600.98
  721.22,   606.42,   725.76
  721.50,   606.45,   850.25
  719.29,   730.86,   599.65
  718.62,   730.70,   724.14
  717.87,   730.50,   849.23
  849.20,   483.27,   602.45
  848.80,   486.29,   728.24
  849.02,   485.96,   852.37
  844.74,   609.86,   601.47
  845.34,   612.30,   727.30
  846.55,   611.12,   851.98
  842.80,   736.11,   599.55
  843.66,   735.73,   724.81
  844.28,   733.08,   850.63
  601.15,   601.11,    99.52
  599.79,   600.67,   223.54
  598.70,   600.71,   348.92
  598.86,   727.24,    97.94
  597.03,   727.05,   222.58
  597.92,   726.46,   348.67
  597.81,   850.60,    97.04
  595.57,   852.05,   222.17
  596.84,   852.46,   348.11
  726.98,   602.97,   101.29
  725.24,   602.31,   226.11
  722.66,   601.72,   350.41
  726.09,   728.00,    98.94
  725.92,   727.88,   224.57
  724.17,   728.63,   350.10
  722.83,   852.49,    97.15
  722.95,   853.18,   223.10
  722.77,   855.48,   349.26
  851.13,   605.72,   103.29
  849.93,   605.21,   227.50
  847.41,   604.40,   351.08
  854.73,   729.50,   100.49
  854.33,   728.57,   225.83
  850.04,   729.94,   350.59
  852.08,   853.62,    97.43
  851.45,   851.52,   224.35
  849.74,   854.95,   351.27
  598.55,   598.85,   225.74
  602.13,   600.00,   350.85
  605.07,   601.98,   476.55
  597.05,   725.34,   223.74
  602.20,   725.84,   349.60
  606.57,   726.96,   475.31
  596.72,   850.20,   222.12
  602.44,   851.64,   347.95
  607.28,   853.19,   473.50
  723.88,   599.08,   223.84
  725.70,   600.21,   348.35
  728.21,   602.06,   473.47
  725.74,   724.75,   221.15
  728.54,   726.94,   346.58
  730.72,   729.41,   471.78
  723.89,   849.84,   218.56
  728.16,   853.64,   344.76
  731.01,   855.80,   470.39
  848.61,   601.16,   221.43
  850.41,   601.43,   344.87
  852.54,   603.37,   468.97
  853.99,   724.38,   218.27
  854.20,   726.92,   343.00
  854.11,   730.29,   467.67
  852.96,   847.52,   215.64
  855.33,   851.34,   342.43
  855.99,   856.19,   467.02
  602.03,   600.14,   349.55
  599.43,   597.87,   475.41
  596.44,   595.52,   600.04
  601.97,   725.72,   352.62
  600.74,   722.83,   478.32
  597.44,   720.43,   603.39
  602.28,   851.92,   354.98
  600.94,   848.74,   480.81
  597.20,   845.68,   606.45
  725.88,   600.45,   353.00
  722.08,   597.88,   478.13
  719.75,   596.30,   602.93
  728.26,   727.23,   355.47
  724.30,   725.33,   480.77
  721.09,   722.62,   604.79
  728.28,   853.60,   357.81
  725.34,   851.75,   483.61
  721.98,   847.86,   608.76
  850.46,   601.71,   355.06
  846.51,   599.40,   479.52
  843.79,   598.18,   605.63
  853.68,   727.39,   357.79
  848.09,   726.15,   482.41
  844.29,   724.51,   606.89
  854.86,   852.07,   361.38
  849.53,   852.50,   486.13
  845.75,   849.40,   610.22
  598.54,   599.58,   473.41
  600.60,   597.47,   598.07
  602.35,   595.35,   722.92
  598.55,   724.27,   476.35
  600.04,   722.57,   601.45
  600.50,   720.89,   726.25
  597.29,   850.53,   478.51
  598.62,   847.75,   604.22
  598.97,   845.51,   730.04
  721.61,   600.95,   471.66
  723.38,   599.71,   596.47
  726.38,   598.81,   721.28
  722.32,   728.18,   474.04
  723.69,   726.29,   598.26
  725.96,   723.09,   722.62
  721.72,   854.66,   476.53
  723.19,   851.24,   601.58
  723.81,   847.36,   725.85
  845.78,   603.79,   468.26
  847.80,   602.95,   594.11
  850.63,   602.85,   720.55
  846.08,   730.92,   470.83
  846.87,   729.46,   595.42
  850.34,   726.33,   720.83
  846.38,   857.06,   474.50
  846.80,   854.23,   598.68
  849.10,   850.41,   722.76
  598.80,   600.56,   600.49
  598.41,   603.69,   724.83
  597.79,   608.84,   850.38
  601.79,   725.27,   597.81
  599.73,   729.52,   722.93
  598.98,   734.83,   847.12
  603.91,   850.51,   595.44
  601.83,   853.80,   721.12
  601.02,   858.28,   844.18
  721.63,   599.46,   600.83
  722.40,   603.80,   725.75
  723.22,   606.32,   849.99
  725.32,   725.55,   596.97
  725.35,   728.02,   721.77
  725.06,   730.05,   846.93
  728.56,   851.09,   595.20
  726.78,   852.40,   719.42
  725.34,   854.00,   843.03
  845.63,   598.60,   601.09
  846.46,   604.31,   726.95
  848.17,   605.35,   851.71
  848.47,   725.22,   596.75
  849.79,   727.57,   721.91
  851.73,   728.04,   847.75
  852.02,   850.30,   594.34
  851.94,   851.46,   718.89
  851.43,   852.04,   843.40
