27, 125, pa2-debug-d-output1.txt
  190.58,   207.55,   190.06
  403.52,   401.86,   192.16
   98.31,   100.88,   101.10
   97.93,   104.02,   226.06
   97.55,   107.15,   351.02
   95.15,   225.80,    97.96
   94.77,   228.94,   222.92
   94.39,   232.08,   347.88
   91.99,   350.72,    94.81
   91.61,   353.86,   219.77
   91.23,   357.00,   344.73
  223.27,   104.05,   101.41
  222.89,   107.19,   226.37
  222.51,   110.32,   351.33
  220.11,   228.97,    98.26
  219.73,   232.11,   223.22
  219.35,   235.24,   348.18
  216.95,   353.89,    95.11
  216.57,   357.03,   220.07
  216.19,   360.16,   345.03
  348.23,   107.22,   101.71
  347.85,   110.35,   226.67
  347.47,   113.49,   351.63
  345.07,   232.14,    98.56
  344.69,   235.27,   223.52
  344.31,   238.41,   348.48
  341.91,   357.06,    95.41
  341.53,   360.19,   220.37
  341.15,   363.33,   345.33
   99.40,   101.52,   225.90
   97.34,   100.35,   350.88
   95.28,    99.18,   475.86
  100.27,   226.51,   227.09
   98.21,   225.34,   352.07
   96.14,   224.17,   477.04
  101.14,   351.50,   228.27
   99.07,   350.33,   353.25
   97.01,   349.16,   478.23
  224.38,   100.63,   227.96
  222.32,    99.46,   352.94
  220.26,    98.29,   477.91
  225.25,   225.62,   229.14
  223.19,   224.45,   354.12
  221.12,   223.29,   479.10
  226.12,   350.62,   230.33
  224.05,   349.45,   355.30
  221.99,   348.28,   480.28
  349.36,    99.75,   230.02
  347.30,    98.58,   354.99
  345.24,    97.41,   479.97
  350.23,   224.74,   231.20
  348.17,   223.57,   356.18
  346.10,   222.40,   481.15
  351.10,   349.73,   232.38
  349.03,   348.56,   357.36
  346.97,   347.39,   482.34
  100.93,    98.28,   351.98
  100.28,    97.72,   476.97
   99.63,    97.16,   601.97
  100.57,   223.28,   352.54
   99.92,   222.72,   477.53
   99.27,   222.16,   602.53
  100.21,   348.28,   353.10
   99.56,   347.72,   478.10
   98.91,   347.16,   603.09
  225.93,    98.64,   352.63
  225.28,    98.08,   477.63
  224.62,    97.51,   602.62
  225.57,   223.64,   353.19
  224.92,   223.07,   478.19
  224.27,   222.51,   603.18
  225.21,   348.64,   353.75
  224.56,   348.07,   478.75
  223.91,   347.51,   603.75
  350.92,    98.99,   353.28
  350.27,    98.43,   478.28
  349.62,    97.87,   603.27
  350.57,   223.99,   353.84
  349.92,   223.43,   478.84
  349.27,   222.87,   603.84
  350.21,   348.99,   354.40
  349.56,   348.43,   479.40
  348.91,   347.86,   604.40
  101.98,    99.60,   473.50
  105.11,    97.70,   598.45
  108.25,    95.81,   723.39
  102.18,   224.58,   475.39
  105.31,   222.69,   600.34
  108.45,   220.80,   725.28
  102.38,   349.57,   477.28
  105.51,   347.67,   602.22
  108.65,   345.78,   727.17
  226.94,    99.44,   470.36
  230.07,    97.55,   595.31
  233.21,    95.66,   720.25
  227.14,   224.43,   472.25
  230.27,   222.54,   597.20
  233.41,   220.64,   722.14
  227.34,   349.42,   474.14
  230.47,   347.52,   599.08
  233.61,   345.63,   724.03
  351.90,    99.29,   467.22
  355.03,    97.40,   592.17
  358.17,    95.51,   717.11
  352.10,   224.28,   469.11
  355.23,   222.39,   594.06
  358.37,   220.49,   719.00
  352.30,   349.26,   471.00
  355.43,   347.37,   595.94
  358.57,   345.48,   720.89
   98.37,   100.39,   599.28
   98.89,    99.72,   724.28
   99.41,    99.05,   849.27
   95.10,   225.34,   599.96
   95.62,   224.67,   724.96
   96.14,   224.01,   849.96
   91.82,   350.30,   600.65
   92.35,   349.63,   725.64
   92.87,   348.96,   850.64
  223.32,   103.66,   598.77
  223.85,   102.99,   723.77
  224.37,   102.32,   848.77
  220.05,   228.62,   599.46
  220.58,   227.95,   724.45
  221.10,   227.28,   849.45
  216.78,   353.57,   600.14
  217.30,   352.90,   725.14
  217.83,   352.23,   850.13
  348.28,   106.94,   598.27
  348.80,   106.27,   723.27
  349.33,   105.60,   848.26
  345.01,   231.89,   598.95
  345.53,   231.22,   723.95
  346.06,   230.55,   848.95
  341.74,   356.85,   599.63
  342.26,   356.18,   724.63
  342.78,   355.51,   849.63
   98.95,   226.94,   100.05
   98.24,   229.45,   225.02
   97.53,   231.96,   349.99
   96.87,   351.90,    97.53
   96.16,   354.41,   222.50
   95.45,   356.92,   347.47
   94.79,   476.85,    95.00
   94.08,   479.36,   219.98
   93.37,   481.87,   344.95
  223.93,   229.03,   100.71
  223.22,   231.54,   225.69
  222.51,   234.05,   350.66
  221.85,   353.99,    98.19
  221.14,   356.50,   223.17
  220.43,   359.01,   348.14
  219.77,   478.95,    95.67
  219.06,   481.46,   220.64
  218.35,   483.97,   345.62
  348.91,   231.13,   101.38
  348.20,   233.64,   226.35
  347.49,   236.15,   351.33
  346.83,   356.09,    98.86
  346.12,   358.60,   223.83
  345.41,   361.11,   348.80
  344.75,   481.04,    96.34
  344.04,   483.55,   221.31
  343.33,   486.06,   346.28
  100.20,   225.48,   226.81
  102.62,   225.46,   351.78
  105.04,   225.45,   476.76
   97.85,   350.46,   226.87
  100.27,   350.44,   351.84
  102.68,   350.43,   476.82
   95.49,   475.43,   226.93
   97.91,   475.42,   351.90
  100.33,   475.41,   476.88
  225.16,   227.83,   224.39
  227.58,   227.82,   349.37
  229.99,   227.81,   474.35
  222.80,   352.81,   224.45
  225.22,   352.80,   349.43
  227.64,   352.78,   474.40
  220.45,   477.79,   224.51
  222.86,   477.78,   349.49
  225.28,   477.76,   474.46
  350.11,   230.19,   221.98
  352.53,   230.18,   346.95
  354.95,   230.16,   471.93
  347.76,   355.17,   222.04
  350.17,   355.15,   347.01
  352.59,   355.14,   471.99
  345.40,   480.15,   222.10
  347.82,   480.13,   347.07
  350.24,   480.12,   472.05
  101.90,   223.01,   350.29
  103.17,   223.19,   475.28
  104.45,   223.37,   600.27
  101.75,   348.01,   350.11
  103.03,   348.19,   475.10
  104.30,   348.37,   600.10
  101.61,   473.01,   349.93
  102.88,   473.19,   474.93
  104.16,   473.37,   599.92
  226.89,   223.16,   349.01
  228.17,   223.33,   474.00
  229.44,   223.51,   598.99
  226.74,   348.16,   348.83
  228.02,   348.33,   473.83
  229.30,   348.51,   598.82
  226.60,   473.16,   348.66
  227.88,   473.33,   473.65
  229.15,   473.51,   598.64
  351.88,   223.30,   347.73
  353.16,   223.48,   472.72
  354.44,   223.65,   597.72
  351.74,   348.30,   347.56
  353.01,   348.48,   472.55
  354.29,   348.65,   597.54
  351.59,   473.30,   347.38
  352.87,   473.48,   472.37
  354.15,   473.65,   597.37
   99.56,   226.91,   475.43
  101.13,   229.40,   600.39
  102.71,   231.88,   725.36
   98.44,   351.88,   472.96
  100.02,   354.37,   597.92
  101.60,   356.85,   722.89
   97.32,   476.85,   470.48
   98.90,   479.34,   595.45
  100.48,   481.82,   720.41
  224.54,   228.00,   473.83
  226.12,   230.48,   598.79
  227.70,   232.97,   723.76
  223.42,   352.97,   471.36
  225.00,   355.45,   596.32
  226.58,   357.94,   721.29
  222.31,   477.94,   468.88
  223.89,   480.42,   593.85
  225.46,   482.91,   718.81
  349.53,   229.08,   472.23
  351.10,   231.57,   597.19
  352.68,   234.05,   722.16
  348.41,   354.05,   469.76
  349.99,   356.54,   594.72
  351.57,   359.02,   719.69
  347.29,   479.02,   467.28
  348.87,   481.51,   592.25
  350.45,   483.99,   717.21
  101.67,   226.28,   601.91
  101.88,   225.23,   726.90
  102.10,   224.17,   851.90
  101.62,   351.28,   602.96
  101.84,   350.22,   727.96
  102.05,   349.17,   852.95
  101.57,   476.27,   604.02
  101.79,   475.22,   729.01
  102.00,   474.16,   854.01
  226.67,   226.33,   601.69
  226.88,   225.28,   726.69
  227.10,   224.22,   851.68
  226.62,   351.33,   602.75
  226.84,   350.27,   727.74
  227.05,   349.22,   852.74
  226.57,   476.32,   603.80
  226.79,   475.27,   728.80
  227.00,   474.21,   853.79
  351.67,   226.38,   601.48
  351.88,   225.33,   726.47
  352.10,   224.27,   851.47
  351.62,   351.38,   602.53
  351.84,   350.32,   727.53
  352.05,   349.27,   852.52
  351.57,   476.37,   603.59
  351.79,   475.32,   728.58
  352.00,   474.26,   853.58
   99.75,   349.82,   101.69
  102.29,   349.18,   226.66
  104.84,   348.53,   351.63
   99.93,   474.82,   102.33
  102.47,   474.17,   227.30
  105.01,   473.53,   352.27
  100.11,   599.82,   102.97
  102.65,   599.17,   227.94
  105.19,   598.53,   352.92
  224.73,   349.66,    99.14
  227.27,   349.01,   224.12
  229.81,   348.37,   349.09
  224.90,   474.66,    99.79
  227.45,   474.01,   224.76
  229.99,   473.37,   349.73
  225.08,   599.65,   100.43
  227.62,   599.01,   225.40
  230.16,   598.36,   350.37
  349.70,   349.49,    96.60
  352.24,   348.85,   221.57
  354.78,   348.20,   346.55
  349.88,   474.49,    97.24
  352.42,   473.85,   222.22
  354.96,   473.20,   347.19
  350.05,   599.49,    97.88
  352.60,   598.85,   222.86
  355.14,   598.20,   347.83
   99.79,   351.61,   226.32
  100.44,   351.24,   351.32
  101.10,   350.86,   476.31
  102.90,   476.57,   226.68
  103.56,   476.20,   351.67
  104.21,   475.82,   476.67
  106.02,   601.53,   227.04
  106.67,   601.16,   352.03
  107.33,   600.79,   477.03
  224.75,   348.50,   225.65
  225.40,   348.13,   350.65
  226.06,   347.75,   475.65
  227.86,   473.46,   226.01
  228.52,   473.09,   351.01
  229.17,   472.71,   476.01
  230.98,   598.42,   226.37
  231.63,   598.05,   351.37
  232.29,   597.67,   476.37
  349.71,   345.39,   224.99
  350.36,   345.01,   349.99
  351.02,   344.64,   474.98
  352.82,   470.35,   225.35
  353.48,   469.97,   350.34
  354.13,   469.60,   475.34
  355.94,   595.31,   225.70
  356.59,   594.93,   350.70
  357.25,   594.56,   475.70
  101.48,   348.15,   350.16
  102.96,   351.24,   475.11
  104.45,   354.32,   600.06
  103.79,   473.09,   347.05
  105.27,   476.18,   472.00
  106.75,   479.26,   596.95
  106.10,   598.03,   343.93
  107.58,   601.12,   468.89
  109.06,   604.20,   593.84
  226.45,   345.81,   348.73
  227.93,   348.89,   473.69
  229.42,   351.98,   598.64
  228.76,   470.75,   345.62
  230.24,   473.83,   470.57
  231.72,   476.92,   595.53
  231.07,   595.69,   342.51
  232.55,   598.77,   467.46
  234.03,   601.86,   592.41
  351.42,   343.46,   347.31
  352.90,   346.55,   472.26
  354.39,   349.63,   597.21
  353.73,   468.40,   344.19
  355.21,   471.49,   469.15
  356.69,   474.57,   594.10
  356.04,   593.34,   341.08
  357.52,   596.43,   466.04
  359.00,   599.51,   590.99
  100.82,   349.92,   473.00
  102.36,   352.78,   597.96
  103.90,   355.64,   722.92
  100.10,   474.89,   470.15
  101.63,   477.75,   595.11
  103.17,   480.61,   720.07
   99.37,   599.85,   467.31
  100.90,   602.71,   592.26
  102.44,   605.57,   717.22
  225.81,   350.62,   471.45
  227.35,   353.48,   596.41
  228.89,   356.33,   721.37
  225.08,   475.58,   468.60
  226.62,   478.44,   593.56
  228.16,   481.30,   718.52
  224.36,   600.55,   465.75
  225.89,   603.41,   590.71
  227.43,   606.26,   715.67
  350.80,   351.31,   469.90
  352.34,   354.17,   594.86
  353.88,   357.03,   719.81
  350.07,   476.28,   467.05
  351.61,   479.13,   592.01
  353.15,   481.99,   716.96
  349.34,   601.24,   464.20
  350.88,   604.10,   589.16
  352.42,   606.96,   714.11
  101.83,   350.53,   598.64
  105.31,   350.15,   723.59
  108.80,   349.77,   848.54
  100.89,   475.52,   599.04
  104.37,   475.15,   723.99
  107.86,   474.77,   848.94
   99.95,   600.52,   599.45
  103.44,   600.14,   724.40
  106.92,   599.76,   849.35
  226.78,   351.48,   595.16
  230.26,   351.10,   720.11
  233.74,   350.72,   845.06
  225.84,   476.47,   595.56
  229.32,   476.09,   720.51
  232.81,   475.71,   845.46
  224.90,   601.47,   595.97
  228.39,   601.09,   720.92
  231.87,   600.71,   845.87
  351.72,   352.42,   591.68
  355.21,   352.04,   716.63
  358.69,   351.67,   841.58
  350.79,   477.42,   592.08
  354.27,   477.04,   717.03
  357.75,   476.66,   841.98
  349.85,   602.41,   592.49
  353.33,   602.04,   717.44
  356.82,   601.66,   842.39
  100.94,   473.19,   100.83
  103.08,   473.10,   225.81
  105.21,   473.02,   350.79
  101.43,   598.18,   100.90
  103.56,   598.10,   225.88
  105.69,   598.02,   350.86
  101.92,   723.18,   100.98
  104.05,   723.10,   225.96
  106.18,   723.02,   350.94
  225.93,   472.70,    98.69
  228.06,   472.62,   223.68
  230.19,   472.53,   348.66
  226.41,   597.70,    98.77
  228.54,   597.61,   223.75
  230.68,   597.53,   348.73
  226.90,   722.70,    98.85
  229.03,   722.61,   223.83
  231.16,   722.53,   348.81
  350.91,   472.21,    96.56
  353.04,   472.13,   221.55
  355.17,   472.05,   346.53
  351.39,   597.21,    96.64
  353.53,   597.13,   221.62
  355.66,   597.04,   346.60
  351.88,   722.21,    96.71
  354.01,   722.13,   221.70
  356.14,   722.04,   346.68
   98.63,   474.16,   225.04
   99.34,   477.54,   349.99
  100.05,   480.92,   474.94
  101.35,   599.09,   221.65
  102.06,   602.47,   346.60
  102.77,   605.85,   471.55
  104.07,   724.01,   218.25
  104.78,   727.39,   343.20
  105.50,   730.77,   468.16
  223.60,   471.42,   224.40
  224.31,   474.80,   349.35
  225.02,   478.18,   474.31
  226.32,   596.35,   221.01
  227.03,   599.73,   345.96
  227.74,   603.11,   470.91
  229.04,   721.27,   217.61
  229.75,   724.65,   342.57
  230.47,   728.03,   467.52
  348.56,   468.68,   223.76
  349.28,   472.06,   348.72
  349.99,   475.44,   473.67
  351.29,   593.61,   220.37
  352.00,   596.99,   345.32
  352.71,   600.36,   470.27
  354.01,   718.53,   216.98
  354.72,   721.91,   341.93
  355.43,   725.29,   466.88
   98.36,   474.80,   350.60
  101.55,   473.34,   475.55
  104.74,   471.88,   600.50
   95.94,   599.77,   352.12
   99.13,   598.31,   477.07
  102.32,   596.85,   602.02
   93.52,   724.74,   353.64
   96.71,   723.28,   478.59
   99.90,   721.82,   603.54
  223.29,   477.26,   347.44
  226.48,   475.80,   472.39
  229.67,   474.34,   597.34
  220.87,   602.23,   348.96
  224.06,   600.77,   473.91
  227.25,   599.31,   598.86
  218.45,   727.20,   350.48
  221.64,   725.74,   475.43
  224.83,   724.28,   600.38
  348.23,   479.72,   344.27
  351.42,   478.26,   469.22
  354.61,   476.80,   594.18
  345.81,   604.69,   345.80
  349.00,   603.23,   470.75
  352.19,   601.77,   595.70
  343.39,   729.65,   347.32
  346.58,   728.19,   472.27
  349.77,   726.73,   597.22
   99.47,   475.60,   475.51
   99.25,   474.75,   600.50
   99.04,   473.90,   725.50
  102.85,   600.56,   476.37
  102.64,   599.70,   601.36
  102.43,   598.85,   726.36
  106.24,   725.51,   477.23
  106.03,   724.65,   602.22
  105.81,   723.80,   727.22
  224.42,   472.22,   475.70
  224.21,   471.36,   600.70
  223.99,   470.51,   725.69
  227.81,   597.17,   476.56
  227.59,   596.31,   601.55
  227.38,   595.46,   726.55
  231.19,   722.12,   477.42
  230.98,   721.27,   602.41
  230.77,   720.41,   727.41
  349.38,   468.83,   475.89
  349.16,   467.98,   600.89
  348.95,   467.12,   725.88
  352.76,   593.78,   476.75
  352.55,   592.93,   601.75
  352.33,   592.07,   726.74
  356.15,   718.73,   477.61
  355.93,   717.88,   602.60
  355.72,   717.02,   727.60
  100.81,   473.49,   599.60
   99.17,   470.31,   724.55
   97.52,   467.12,   849.49
   97.43,   598.40,   602.73
   95.79,   595.22,   727.68
   94.14,   592.04,   852.63
   94.05,   723.32,   605.87
   92.41,   720.13,   730.82
   90.76,   716.95,   855.77
  225.76,   476.82,   601.33
  224.11,   473.64,   726.28
  222.46,   470.46,   851.23
  222.38,   601.74,   604.47
  220.73,   598.56,   729.41
  219.08,   595.38,   854.36
  219.00,   726.65,   607.60
  217.35,   723.47,   732.55
  215.70,   720.29,   857.50
  350.70,   480.16,   603.06
  349.05,   476.98,   728.01
  347.41,   473.80,   852.96
  347.32,   605.08,   606.20
  345.67,   601.90,   731.15
  344.03,   598.71,   856.10
  343.94,   729.99,   609.33
  342.29,   726.81,   734.28
  340.65,   723.63,   859.23
   99.15,   598.93,    99.61
   97.01,   599.80,   224.58
   94.88,   600.66,   349.56
  102.31,   723.89,    98.79
  100.17,   724.75,   223.77
   98.04,   725.62,   348.75
  105.46,   848.84,    97.98
  103.33,   849.71,   222.96
  101.19,   850.58,   347.94
  224.09,   595.79,   101.76
  221.96,   596.65,   226.74
  219.82,   597.52,   351.72
  227.25,   720.74,   100.95
  225.11,   721.61,   225.93
  222.98,   722.48,   350.91
  230.40,   845.70,   100.13
  228.27,   846.57,   225.11
  226.13,   847.44,   350.09
  349.03,   592.64,   103.92
  346.90,   593.51,   228.90
  344.76,   594.38,   353.88
  352.19,   717.60,   103.10
  350.05,   718.47,   228.08
  347.92,   719.34,   353.06
  355.35,   842.56,   102.29
  353.21,   843.43,   227.27
  351.08,   844.30,   352.25
  101.85,   598.70,   226.71
  105.17,   601.48,   351.63
  108.49,   604.26,   476.56
  101.71,   723.67,   223.93
  105.02,   726.45,   348.86
  108.34,   729.23,   473.78
  101.56,   848.64,   221.15
  104.88,   851.42,   346.08
  108.19,   854.20,   471.00
  226.81,   598.78,   223.39
  230.13,   601.56,   348.31
  233.45,   604.34,   473.24
  226.66,   723.75,   220.61
  229.98,   726.53,   345.54
  233.30,   729.31,   470.46
  226.51,   848.72,   217.83
  229.83,   851.50,   342.76
  233.15,   854.28,   467.68
  351.76,   598.85,   220.07
  355.08,   601.63,   344.99
  358.40,   604.41,   469.92
  351.62,   723.82,   217.29
  354.94,   726.60,   342.21
  358.25,   729.38,   467.14
  351.47,   848.79,   214.51
  354.79,   851.57,   339.44
  358.11,   854.35,   464.36
  101.06,   601.66,   351.76
   99.73,   598.45,   476.71
   98.40,   595.25,   601.66
   99.14,   726.60,   354.94
   97.81,   723.40,   479.89
   96.48,   720.20,   604.84
   97.21,   851.55,   358.12
   95.88,   848.34,   483.07
   94.55,   845.14,   608.02
  226.04,   603.54,   353.13
  224.71,   600.34,   478.09
  223.38,   597.14,   603.04
  224.11,   728.49,   356.32
  222.78,   725.29,   481.27
  221.45,   722.08,   606.22
  222.19,   853.43,   359.50
  220.86,   850.23,   484.45
  219.53,   847.03,   609.40
  351.01,   605.43,   354.51
  349.68,   602.23,   479.47
  348.35,   599.03,   604.42
  349.09,   730.38,   357.69
  347.76,   727.17,   482.65
  346.43,   723.97,   607.60
  347.17,   855.32,   360.88
  345.84,   852.12,   485.83
  344.51,   848.92,   610.78
  101.91,   601.20,   475.51
  102.92,   598.19,   600.47
  103.93,   595.18,   725.43
  102.06,   726.16,   478.52
  103.07,   723.15,   603.48
  104.09,   720.15,   728.44
  102.21,   851.13,   481.53
  103.22,   848.12,   606.49
  104.24,   845.11,   731.45
  226.91,   601.07,   474.50
  227.92,   598.06,   599.46
  228.93,   595.06,   724.42
  227.06,   726.04,   477.50
  228.07,   723.03,   602.46
  229.08,   720.02,   727.42
  227.21,   851.00,   480.51
  228.22,   847.99,   605.47
  229.23,   844.98,   730.43
  351.90,   600.95,   473.48
  352.91,   597.94,   598.44
  353.93,   594.93,   723.40
  352.05,   725.91,   476.49
  353.07,   722.90,   601.45
  354.08,   719.89,   726.41
  352.20,   850.87,   479.50
  353.22,   847.87,   604.46
  354.23,   844.86,   729.42
   98.30,   599.84,   600.56
   97.62,   600.04,   725.56
   96.93,   600.24,   850.55
   96.39,   724.83,   600.35
   95.71,   725.02,   725.35
   95.02,   725.22,   850.35
   94.48,   849.81,   600.14
   93.79,   850.01,   725.14
   93.11,   850.21,   850.14
  223.28,   601.75,   601.24
  222.60,   601.95,   726.24
  221.92,   602.15,   851.23
  221.37,   726.74,   601.03
  220.69,   726.94,   726.03
  220.01,   727.13,   851.03
  219.46,   851.72,   600.82
  218.78,   851.92,   725.82
  218.09,   852.12,   850.82
  348.27,   603.67,   601.92
  347.58,   603.86,   726.92
  346.90,   604.06,   851.91
  346.36,   728.65,   601.71
  345.67,   728.85,   726.71
  344.99,   729.05,   851.71
  344.44,   853.64,   601.50
  343.76,   853.84,   726.50
  343.08,   854.03,   851.50
  224.00,   100.97,    98.80
  222.43,   102.02,   223.79
  220.86,   103.07,   348.77
  225.84,   225.96,    97.78
  224.27,   227.00,   222.76
  222.70,   228.05,   347.75
  227.68,   350.94,    96.75
  226.11,   351.98,   221.74
  224.54,   353.03,   346.72
  348.97,    99.15,   100.38
  347.40,   100.19,   225.37
  345.84,   101.24,   350.36
  350.81,   224.13,    99.36
  349.25,   225.17,   224.35
  347.68,   226.22,   349.33
  352.65,   349.11,    98.34
  351.09,   350.16,   223.32
  349.52,   351.20,   348.31
  473.95,    97.32,   101.97
  472.38,    98.37,   226.95
  470.81,    99.41,   351.94
  475.79,   222.30,   100.94
  474.22,   223.35,   225.93
  472.65,   224.39,   350.91
  477.63,   347.28,    99.92
  476.06,   348.33,   224.90
  474.49,   349.38,   349.89
  223.26,    98.13,   226.11
  226.96,   101.30,   351.01
  230.65,   104.47,   475.92
  221.22,   223.07,   223.00
  224.91,   226.24,   347.90
  228.61,   229.42,   472.81
  219.17,   348.02,   219.88
  222.87,   351.19,   344.79
  226.57,   354.36,   469.69
  348.19,   100.08,   222.36
  351.89,   103.25,   347.27
  355.58,   106.42,   472.17
  346.14,   225.02,   219.25
  349.84,   228.19,   344.15
  353.54,   231.37,   469.06
  344.10,   349.97,   216.14
  347.80,   353.14,   341.04
  351.50,   356.31,   465.95
  473.12,   102.03,   218.61
  476.81,   105.20,   343.52
  480.51,   108.37,   468.42
  471.07,   226.97,   215.50
  474.77,   230.14,   340.41
  478.47,   233.32,   465.31
  469.03,   351.92,   212.39
  472.73,   355.09,   337.29
  476.42,   358.26,   462.20
  223.42,    99.10,   351.48
  226.96,   102.63,   476.38
  230.50,   106.15,   601.28
  224.68,   224.04,   347.91
  228.22,   227.57,   472.81
  231.76,   231.10,   597.71
  225.94,   348.98,   344.35
  229.48,   352.51,   469.25
  233.02,   356.04,   594.15
  348.36,    97.74,   347.98
  351.90,   101.27,   472.88
  355.44,   104.79,   597.78
  349.62,   222.68,   344.41
  353.16,   226.21,   469.31
  356.70,   229.74,   594.21
  350.88,   347.62,   340.85
  354.42,   351.15,   465.75
  357.96,   354.68,   590.65
  473.31,    96.38,   344.47
  476.85,    99.91,   469.37
  480.38,   103.43,   594.27
  474.57,   221.32,   340.91
  478.11,   224.85,   465.81
  481.64,   228.37,   590.71
  475.83,   346.26,   337.35
  479.37,   349.79,   462.25
  482.91,   353.32,   587.15
  224.14,    99.41,   474.28
  220.59,    95.99,   599.18
  217.04,    92.57,   724.08
  222.99,   224.36,   477.67
  219.44,   220.94,   602.57
  215.89,   217.52,   727.47
  221.84,   349.31,   481.05
  218.29,   345.89,   605.95
  214.74,   342.47,   730.86
  349.09,   100.46,   477.86
  345.53,    97.05,   602.77
  341.98,    93.63,   727.67
  347.94,   225.41,   481.25
  344.38,   221.99,   606.15
  340.83,   218.58,   731.05
  346.79,   350.36,   484.63
  343.23,   346.94,   609.54
  339.68,   343.53,   734.44
  474.03,   101.52,   481.45
  470.48,    98.10,   606.35
  466.92,    94.68,   731.25
  472.88,   226.46,   484.83
  469.33,   223.05,   609.73
  465.77,   219.63,   734.64
  471.73,   351.41,   488.22
  468.18,   348.00,   613.12
  464.62,   344.58,   738.02
  225.71,    99.77,   598.13
  226.45,    98.22,   723.12
  227.18,    96.68,   848.11
  228.25,   224.73,   599.66
  228.98,   223.19,   724.65
  229.71,   221.64,   849.64
  230.78,   349.70,   601.19
  231.51,   348.15,   726.18
  232.24,   346.61,   851.17
  350.69,    97.25,   597.37
  351.42,    95.70,   722.35
  352.15,    94.16,   847.34
  353.22,   222.21,   598.90
  353.95,   220.67,   723.88
  354.68,   219.12,   848.87
  355.75,   347.18,   600.43
  356.48,   345.63,   725.41
  357.21,   344.09,   850.40
  475.66,    94.73,   596.60
  476.39,    93.18,   721.59
  477.12,    91.64,   846.58
  478.19,   219.69,   598.13
  478.92,   218.15,   723.12
  479.65,   216.60,   848.11
  480.72,   344.66,   599.66
  481.45,   343.11,   724.65
  482.18,   341.57,   849.64
  223.21,   225.36,   101.79
  226.82,   226.92,   226.73
  230.42,   228.49,   351.67
  220.25,   350.31,   100.31
  223.85,   351.88,   225.25
  227.45,   353.45,   350.19
  217.28,   475.27,    98.83
  220.88,   476.84,   223.77
  224.48,   478.40,   348.71
  348.13,   228.28,    98.15
  351.73,   229.85,   223.09
  355.33,   231.42,   348.03
  345.16,   353.24,    96.67
  348.76,   354.81,   221.61
  352.36,   356.37,   346.55
  342.19,   478.20,    95.19
  345.79,   479.76,   220.13
  349.39,   481.33,   345.07
  473.04,   231.21,    94.52
  476.64,   232.78,   219.45
  480.24,   234.34,   344.39
  470.07,   356.16,    93.03
  473.67,   357.73,   217.97
  477.27,   359.30,   342.91
  467.10,   481.12,    91.55
  470.70,   482.69,   216.49
  474.30,   484.25,   341.43
  223.49,   226.63,   226.99
  225.85,   228.29,   351.96
  228.21,   229.95,   476.93
  225.51,   351.60,   225.30
  227.87,   353.26,   350.26
  230.23,   354.92,   475.23
  227.52,   476.58,   223.60
  229.88,   478.23,   348.57
  232.24,   479.89,   473.54
  348.46,   224.59,   224.66
  350.82,   226.24,   349.63
  353.18,   227.90,   474.59
  350.47,   349.56,   222.96
  352.83,   351.22,   347.93
  355.19,   352.87,   472.90
  352.48,   474.53,   221.27
  354.84,   476.19,   346.24
  357.20,   477.85,   471.20
  473.42,   222.54,   222.33
  475.78,   224.20,   347.29
  478.14,   225.86,   472.26
  475.43,   347.52,   220.63
  477.79,   349.17,   345.60
  480.15,   350.83,   470.56
  477.44,   472.49,   218.94
  479.80,   474.15,   343.90
  482.16,   475.80,   468.87
  225.41,   223.48,   348.52
  223.36,   224.81,   473.50
  221.31,   226.14,   598.47
  222.07,   348.43,   347.14
  220.02,   349.76,   472.11
  217.97,   351.09,   597.09
  218.73,   473.38,   345.75
  216.68,   474.71,   470.73
  214.63,   476.04,   595.70
  350.35,   226.84,   350.53
  348.30,   228.18,   475.51
  346.25,   229.51,   600.48
  347.01,   351.79,   349.15
  344.96,   353.12,   474.12
  342.91,   354.45,   599.10
  343.67,   476.74,   347.76
  341.62,   478.07,   472.74
  339.57,   479.40,   597.71
  475.29,   230.21,   352.54
  473.24,   231.54,   477.52
  471.19,   232.87,   602.50
  471.95,   355.15,   351.16
  469.90,   356.48,   476.14
  467.85,   357.81,   601.11
  468.61,   480.10,   349.77
  466.56,   481.43,   474.75
  464.51,   482.76,   599.73
  224.42,   223.27,   474.00
  227.22,   226.39,   598.93
  230.02,   229.51,   723.86
  223.07,   348.23,   470.91
  225.87,   351.34,   595.84
  228.68,   354.46,   720.77
  221.73,   473.18,   467.82
  224.53,   476.30,   592.75
  227.33,   479.41,   717.68
  349.38,   224.55,   471.16
  352.18,   227.66,   596.09
  354.98,   230.78,   721.02
  348.04,   349.50,   468.08
  350.84,   352.62,   593.00
  353.64,   355.74,   717.93
  346.69,   474.46,   464.99
  349.49,   477.57,   589.92
  352.29,   480.69,   714.85
  474.34,   225.82,   468.33
  477.14,   228.94,   593.26
  479.94,   232.06,   718.19
  473.00,   350.78,   465.24
  475.80,   353.89,   590.17
  478.60,   357.01,   715.10
  471.65,   475.73,   462.15
  474.45,   478.85,   587.08
  477.25,   481.97,   712.01
  223.44,   225.12,   601.25
  222.82,   225.38,   726.25
  222.21,   225.64,   851.24
  226.34,   350.09,   601.01
  225.73,   350.35,   726.00
  225.11,   350.60,   851.00
  229.24,   475.05,   600.76
  228.63,   475.31,   725.76
  228.01,   475.57,   850.76
  348.40,   222.22,   601.87
  347.79,   222.48,   726.87
  347.17,   222.74,   851.87
  351.31,   347.19,   601.63
  350.69,   347.44,   726.62
  350.08,   347.70,   851.62
  354.21,   472.15,   601.38
  353.59,   472.41,   726.38
  352.98,   472.67,   851.38
  473.37,   219.32,   602.49
  472.75,   219.58,   727.49
  472.14,   219.84,   852.49
  476.27,   344.29,   602.25
  475.66,   344.54,   727.25
  475.04,   344.80,   852.24
  479.17,   469.25,   602.01
  478.56,   469.51,   727.00
  477.94,   469.77,   852.00
  224.75,   349.79,    98.84
  227.90,   346.24,   223.75
  231.05,   342.70,   348.66
  228.24,   474.69,   102.29
  231.39,   471.15,   227.20
  234.55,   467.61,   352.11
  231.74,   599.59,   105.74
  234.89,   596.05,   230.65
  238.04,   592.51,   355.56
  349.66,   346.38,    95.59
  352.81,   342.84,   220.50
  355.96,   339.29,   345.41
  353.16,   471.28,    99.04
  356.31,   467.74,   223.95
  359.46,   464.20,   348.86
  356.65,   596.18,   102.50
  359.80,   592.64,   227.41
  362.96,   589.10,   352.32
  474.57,   342.97,    92.34
  477.72,   339.43,   217.25
  480.87,   335.88,   342.16
  478.07,   467.87,    95.80
  481.22,   464.33,   220.71
  484.37,   460.79,   345.62
  481.57,   592.77,    99.25
  484.72,   589.23,   224.16
  487.87,   585.69,   349.07
  223.16,   348.84,   226.26
  223.60,   351.89,   351.22
  224.04,   354.93,   476.18
  226.67,   473.76,   223.20
  227.12,   476.80,   348.17
  227.56,   479.84,   473.13
  230.19,   598.67,   220.15
  230.64,   601.71,   345.11
  231.08,   604.75,   470.07
  348.11,   345.31,   225.90
  348.55,   348.36,   350.86
  348.99,   351.40,   475.82
  351.62,   470.23,   222.85
  352.07,   473.27,   347.81
  352.51,   476.31,   472.77
  355.14,   595.14,   219.79
  355.59,   598.18,   344.76
  356.03,   601.22,   469.72
  473.05,   341.78,   225.54
  473.50,   344.83,   350.51
  473.94,   347.87,   475.47
  476.57,   466.70,   222.49
  477.02,   469.74,   347.45
  477.46,   472.78,   472.42
  480.09,   591.61,   219.44
  480.54,   594.65,   344.40
  480.98,   597.70,   469.36
  225.02,   350.12,   350.83
  228.53,   346.60,   475.73
  232.04,   343.08,   600.63
  228.40,   475.03,   354.26
  231.91,   471.51,   479.16
  235.42,   467.98,   604.06
  231.78,   599.94,   357.69
  235.29,   596.41,   482.59
  238.80,   592.89,   607.49
  349.93,   346.84,   347.22
  353.43,   343.32,   472.13
  356.94,   339.79,   597.03
  353.31,   471.75,   350.65
  356.82,   468.23,   475.56
  360.32,   464.70,   600.46
  356.69,   596.66,   354.08
  360.20,   593.13,   478.99
  363.71,   589.61,   603.89
  474.83,   343.56,   343.62
  478.34,   340.04,   468.52
  481.85,   336.51,   593.43
  478.21,   468.47,   347.05
  481.72,   464.94,   471.95
  485.23,   461.42,   596.86
  481.59,   593.38,   350.48
  485.10,   589.85,   475.38
  488.61,   586.33,   600.28
  225.85,   349.32,   474.78
  229.16,   349.96,   599.74
  232.47,   350.61,   724.69
  226.03,   474.31,   474.13
  229.34,   474.96,   599.08
  232.66,   475.61,   724.04
  226.22,   599.31,   473.48
  229.53,   599.96,   598.43
  232.84,   600.61,   723.39
  350.80,   349.11,   471.47
  354.12,   349.76,   596.43
  357.43,   350.41,   721.38
  350.99,   474.11,   470.82
  354.30,   474.76,   595.77
  357.61,   475.41,   720.73
  351.17,   599.11,   470.16
  354.48,   599.76,   595.12
  357.80,   600.41,   720.07
  475.76,   348.91,   468.16
  479.07,   349.56,   593.11
  482.38,   350.21,   718.07
  475.94,   473.91,   467.51
  479.26,   474.56,   592.46
  482.57,   475.21,   717.42
  476.13,   598.91,   466.85
  479.44,   599.56,   591.81
  482.75,   600.21,   716.76
  223.79,   349.36,   599.21
  224.56,   350.87,   724.20
  225.33,   352.38,   849.18
  226.17,   474.33,   597.69
  226.94,   475.84,   722.67
  227.72,   477.35,   847.66
  228.55,   599.30,   596.16
  229.33,   600.81,   721.15
  230.10,   602.31,   846.14
  348.76,   346.97,   598.46
  349.53,   348.48,   723.45
  350.31,   349.99,   848.44
  351.14,   471.94,   596.94
  351.92,   473.45,   721.93
  352.69,   474.95,   846.92
  353.53,   596.91,   595.42
  354.30,   598.42,   720.41
  355.07,   599.92,   845.40
  473.74,   344.58,   597.72
  474.51,   346.09,   722.70
  475.28,   347.59,   847.69
  476.12,   469.55,   596.19
  476.89,   471.06,   721.18
  477.67,   472.56,   846.17
  478.50,   594.52,   594.67
  479.28,   596.02,   719.66
  480.05,   597.53,   844.65
  224.67,   473.58,   100.11
  225.52,   473.62,   225.11
  226.37,   473.67,   350.10
  224.50,   598.58,   100.07
  225.35,   598.62,   225.07
  226.20,   598.67,   350.06
  224.33,   723.58,   100.03
  225.18,   723.62,   225.02
  226.03,   723.67,   350.02
  349.66,   473.75,    99.26
  350.51,   473.79,   224.26
  351.36,   473.83,   349.25
  349.50,   598.75,    99.22
  350.35,   598.79,   224.21
  351.20,   598.83,   349.21
  349.33,   723.74,    99.18
  350.18,   723.79,   224.17
  351.03,   723.83,   349.17
  474.66,   473.91,    98.41
  475.51,   473.95,   223.41
  476.36,   474.00,   348.40
  474.49,   598.91,    98.37
  475.34,   598.95,   223.36
  476.19,   599.00,   348.36
  474.33,   723.91,    98.33
  475.18,   723.95,   223.32
  476.03,   724.00,   348.32
  224.67,   474.13,   223.76
  225.66,   470.87,   348.71
  226.65,   467.62,   473.67
  223.87,   599.08,   227.02
  224.85,   595.83,   351.97
  225.84,   592.57,   476.93
  223.06,   724.04,   230.28
  224.04,   720.78,   355.23
  225.03,   717.53,   480.19
  349.67,   474.96,   222.79
  350.66,   471.71,   347.75
  351.64,   468.45,   472.70
  348.86,   599.91,   226.05
  349.85,   596.66,   351.01
  350.83,   593.41,   475.96
  348.05,   724.87,   229.31
  349.04,   721.62,   354.27
  350.03,   718.36,   479.22
  474.66,   475.79,   221.83
  475.65,   472.54,   346.78
  476.64,   469.29,   471.73
  473.85,   600.75,   225.09
  474.84,   597.50,   350.04
  475.83,   594.24,   474.99
  473.04,   725.70,   228.34
  474.03,   722.45,   353.30
  475.02,   719.20,   478.25
  223.13,   475.34,   349.93
  219.60,   476.43,   474.88
  216.08,   477.51,   599.82
  221.30,   600.32,   348.80
  217.77,   601.41,   473.74
  214.25,   602.49,   598.69
  219.47,   725.30,   347.66
  215.94,   726.39,   472.61
  212.42,   727.47,   597.55
  348.06,   477.20,   353.44
  344.54,   478.28,   478.39
  341.01,   479.37,   603.33
  346.24,   602.18,   352.31
  342.71,   603.27,   477.25
  339.18,   604.35,   602.20
  344.41,   727.16,   351.17
  340.88,   728.25,   476.11
  337.36,   729.33,   601.06
  473.00,   479.06,   356.95
  469.48,   480.14,   481.90
  465.95,   481.23,   606.84
  471.17,   604.04,   355.81
  467.65,   605.13,   480.76
  464.12,   606.21,   605.71
  469.34,   729.02,   354.68
  465.82,   730.11,   479.62
  462.29,   731.19,   604.57
  225.58,   475.29,   475.37
  224.65,   473.80,   600.35
  223.73,   472.30,   725.34
  226.75,   600.28,   476.87
  225.82,   598.78,   601.86
  224.90,   597.29,   726.84
  227.92,   725.26,   478.37
  226.99,   723.77,   603.36
  226.07,   722.27,   728.35
  350.57,   474.11,   476.28
  349.64,   472.62,   601.27
  348.72,   471.12,   726.25
  351.74,   599.10,   477.78
  350.81,   597.60,   602.77
  349.89,   596.11,   727.76
  352.91,   724.08,   479.28
  351.98,   722.59,   604.27
  351.06,   721.09,   729.26
  475.56,   472.93,   477.19
  474.64,   471.44,   602.18
  473.71,   469.94,   727.17
  476.73,   597.92,   478.69
  475.81,   596.42,   603.68
  474.88,   594.93,   728.67
  477.90,   722.90,   480.20
  476.98,   721.41,   605.19
  476.05,   719.91,   730.17
  225.95,   474.60,   598.18
  223.84,   474.29,   723.16
  221.73,   473.97,   848.14
  225.98,   599.60,   598.49
  223.87,   599.28,   723.47
  221.76,   598.97,   848.45
  226.01,   724.60,   598.80
  223.89,   724.28,   723.78
  221.78,   723.97,   848.77
  350.93,   474.56,   600.29
  348.82,   474.25,   725.27
  346.71,   473.94,   850.25
  350.96,   599.56,   600.60
  348.85,   599.25,   725.58
  346.74,   598.94,   850.56
  350.99,   724.56,   600.91
  348.88,   724.25,   725.89
  346.77,   723.94,   850.88
  475.91,   474.53,   602.40
  473.80,   474.22,   727.38
  471.69,   473.91,   852.36
  475.94,   599.53,   602.71
  473.83,   599.22,   727.69
  471.72,   598.91,   852.68
  475.97,   724.53,   603.02
  473.86,   724.22,   728.01
  471.75,   723.91,   852.99
  226.78,   601.95,   101.75
  225.79,   602.83,   226.74
  224.80,   603.70,   351.74
  225.47,   726.94,   100.86
  224.49,   727.82,   225.86
  223.50,   728.69,   350.85
  224.17,   851.93,    99.98
  223.18,   852.81,   224.97
  222.19,   853.68,   349.97
  351.77,   603.27,   102.73
  350.78,   604.14,   227.72
  349.79,   605.02,   352.71
  350.46,   728.26,   101.84
  349.47,   729.13,   226.84
  348.49,   730.01,   351.83
  349.16,   853.25,   100.96
  348.17,   854.12,   225.95
  347.18,   855.00,   350.94
  476.76,   604.58,   103.71
  475.77,   605.46,   228.70
  474.78,   606.33,   353.69
  475.45,   729.57,   102.82
  474.46,   730.45,   227.82
  473.48,   731.32,   352.81
  474.15,   854.56,   101.94
  473.16,   855.44,   226.93
  472.17,   856.31,   351.92
  224.45,   599.73,   226.86
  224.55,   596.14,   351.81
  224.66,   592.56,   476.76
  224.06,   724.67,   230.45
  224.16,   721.09,   355.40
  224.27,   717.50,   480.35
  223.67,   849.62,   234.03
  223.77,   846.04,   358.98
  223.87,   842.45,   483.93
  349.45,   600.12,   226.77
  349.55,   596.53,   351.72
  349.66,   592.95,   476.67
  349.06,   725.07,   230.36
  349.16,   721.48,   355.31
  349.26,   717.90,   480.25
  348.67,   850.02,   233.94
  348.77,   846.43,   358.89
  348.87,   842.85,   483.84
  474.45,   600.51,   226.68
  474.55,   596.93,   351.63
  474.66,   593.34,   476.58
  474.06,   725.46,   230.27
  474.16,   721.88,   355.22
  474.26,   718.29,   480.16
  473.67,   850.41,   233.85
  473.77,   846.82,   358.80
  473.87,   843.24,   483.75
  223.33,   601.40,   350.02
  220.95,   602.36,   475.00
  218.58,   603.32,   599.97
  224.54,   726.39,   349.09
  222.16,   727.35,   474.06
  219.79,   728.31,   599.03
  225.75,   851.39,   348.15
  223.37,   852.34,   473.12
  221.00,   853.30,   598.10
  348.30,   600.21,   352.41
  345.92,   601.17,   477.38
  343.55,   602.13,   602.35
  349.51,   725.20,   351.47
  347.13,   726.16,   476.44
  344.76,   727.12,   601.42
  350.72,   850.19,   350.53
  348.34,   851.15,   475.51
  345.97,   852.11,   600.48
  473.27,   599.02,   354.79
  470.89,   599.98,   479.76
  468.52,   600.94,   604.74
  474.48,   724.01,   353.85
  472.11,   724.97,   478.83
  469.73,   725.93,   603.80
  475.69,   849.00,   352.92
  473.32,   849.96,   477.89
  470.94,   850.92,   602.87
  224.37,   599.31,   474.75
  226.90,   596.79,   599.70
  229.44,   594.27,   724.65
  221.32,   724.25,   477.33
  223.86,   721.73,   602.28
  226.39,   719.21,   727.23
  218.28,   849.19,   479.91
  220.81,   846.67,   604.86
  223.34,   844.14,   729.81
  349.31,   602.41,   472.28
  351.84,   599.89,   597.23
  354.37,   597.37,   722.17
  346.26,   727.35,   474.86
  348.79,   724.83,   599.81
  351.33,   722.31,   724.76
  343.21,   852.28,   477.44
  345.75,   849.76,   602.39
  348.28,   847.24,   727.34
  474.24,   605.51,   469.81
  476.78,   602.99,   594.76
  479.31,   600.47,   719.70
  471.20,   730.45,   472.39
  473.73,   727.93,   597.34
  476.26,   725.40,   722.29
  468.15,   855.38,   474.97
  470.68,   852.86,   599.92
  473.22,   850.34,   724.87
  223.21,   600.39,   600.61
  224.20,   603.91,   725.56
  225.19,   607.43,   850.51
  223.45,   725.34,   597.09
  224.44,   728.86,   722.04
  225.44,   732.38,   846.98
  223.69,   850.29,   593.56
  224.69,   853.81,   718.51
  225.68,   857.33,   843.46
  348.21,   600.12,   599.63
  349.20,   603.64,   724.58
  350.19,   607.16,   849.52
  348.45,   725.07,   596.11
  349.44,   728.59,   721.05
  350.43,   732.11,   846.00
  348.69,   850.02,   592.58
  349.68,   853.54,   717.53
  350.67,   857.06,   842.47
  473.21,   599.85,   598.65
  474.20,   603.37,   723.59
  475.19,   606.89,   848.54
  473.45,   724.80,   595.12
  474.44,   728.32,   720.07
  475.43,   731.84,   845.02
  473.69,   849.75,   591.60
  474.68,   853.27,   716.54
  475.67,   856.80,   841.49
  351.28,    99.35,   100.21
  355.00,   100.15,   225.15
  358.72,   100.96,   350.10
  354.36,   224.31,    99.32
  358.08,   225.11,   224.26
  361.81,   225.92,   349.20
  357.45,   349.27,    98.42
  361.17,   350.07,   223.37
  364.89,   350.87,   348.31
  476.19,    96.24,    96.51
  479.91,    97.05,   221.45
  483.63,    97.85,   346.40
  479.27,   221.20,    95.62
  482.99,   222.00,   220.56
  486.71,   222.81,   345.50
  482.35,   346.16,    94.72
  486.07,   346.96,   219.67
  489.79,   347.77,   344.61
  601.09,    93.13,    92.81
  604.81,    93.94,   217.75
  608.53,    94.74,   342.70
  604.18,   218.09,    91.92
  607.90,   218.90,   216.86
  611.62,   219.70,   341.80
  607.26,   343.05,    91.02
  610.98,   343.85,   215.97
  614.70,   344.66,   340.91
  351.04,   101.41,   225.96
  350.02,   104.70,   350.91
  349.01,   107.99,   475.86
  347.78,   226.32,   222.64
  346.76,   229.61,   347.59
  345.75,   232.90,   472.55
  344.52,   351.24,   219.33
  343.50,   354.53,   344.28
  342.49,   357.82,   469.23
  475.99,   104.70,   226.88
  474.97,   107.99,   351.84
  473.96,   111.28,   476.79
  472.73,   229.61,   223.57
  471.71,   232.90,   348.52
  470.70,   236.19,   473.47
  469.47,   354.52,   220.25
  468.45,   357.81,   345.21
  467.44,   361.10,   470.16
  600.94,   107.98,   227.81
  599.93,   111.27,   352.76
  598.91,   114.56,   477.72
  597.68,   232.90,   224.50
  596.67,   236.19,   349.45
  595.65,   239.47,   474.40
  594.42,   357.81,   221.18
  593.41,   361.10,   346.14
  592.39,   364.39,   471.09
  349.62,   101.25,   351.91
  347.44,   100.53,   476.89
  345.26,    99.80,   601.87
  351.59,   226.23,   352.67
  349.41,   225.51,   477.65
  347.23,   224.78,   602.63
  353.56,   351.21,   353.43
  351.38,   350.49,   478.41
  349.20,   349.77,   603.39
  474.59,    99.27,   354.08
  472.41,    98.54,   479.06
  470.23,    97.82,   604.04
  476.55,   224.25,   354.84
  474.38,   223.53,   479.82
  472.20,   222.80,   604.80
  478.52,   349.23,   355.60
  476.34,   348.51,   480.57
  474.17,   347.78,   605.55
  599.55,    97.29,   356.24
  597.37,    96.56,   481.22
  595.20,    95.84,   606.20
  601.52,   222.27,   357.00
  599.34,   221.55,   481.98
  597.16,   220.82,   606.96
  603.49,   347.25,   357.76
  601.31,   346.53,   482.74
  599.13,   345.80,   607.72
  351.80,    99.13,   476.13
  353.92,   102.00,   601.08
  356.05,   104.86,   726.03
  350.01,   224.09,   473.30
  352.14,   226.95,   598.25
  354.26,   229.82,   723.19
  348.23,   349.04,   470.46
  350.35,   351.91,   595.41
  352.47,   354.77,   720.36
  476.77,   100.87,   473.97
  478.89,   103.74,   598.92
  481.02,   106.60,   723.87
  474.98,   225.83,   471.13
  477.11,   228.69,   596.08
  479.23,   231.56,   721.03
  473.20,   350.78,   468.30
  475.32,   353.65,   593.25
  477.44,   356.51,   718.20
  601.74,   102.61,   471.81
  603.86,   105.47,   596.75
  605.98,   108.34,   721.70
  599.95,   227.56,   468.97
  602.08,   230.43,   593.92
  604.20,   233.29,   718.87
  598.17,   352.52,   466.14
  600.29,   355.38,   591.09
  602.41,   358.25,   716.03
  348.66,   101.80,   600.90
  348.10,   103.34,   725.89
  347.55,   104.88,   850.88
  345.89,   226.76,   599.35
  345.34,   228.30,   724.34
  344.78,   229.84,   849.33
  343.13,   351.72,   597.80
  342.57,   353.26,   722.79
  342.02,   354.80,   847.78
  473.63,   104.57,   601.42
  473.07,   106.11,   726.41
  472.52,   107.65,   851.40
  470.86,   229.53,   599.87
  470.31,   231.07,   724.86
  469.75,   232.61,   849.85
  468.10,   354.49,   598.32
  467.54,   356.03,   723.31
  466.99,   357.57,   848.30
  598.59,   107.35,   601.94
  598.04,   108.88,   726.93
  597.48,   110.42,   851.92
  595.83,   232.31,   600.39
  595.27,   233.84,   725.38
  594.72,   235.38,   850.37
  593.07,   357.27,   598.84
  592.51,   358.80,   723.83
  591.96,   360.34,   848.82
  350.50,   223.08,   101.75
  351.44,   224.81,   226.74
  352.38,   226.54,   351.72
  348.60,   348.06,   100.04
  349.54,   349.78,   225.02
  350.49,   351.51,   350.00
  346.71,   473.03,    98.32
  347.65,   474.76,   223.30
  348.59,   476.49,   348.29
  475.48,   224.96,   100.78
  476.42,   226.69,   225.77
  477.36,   228.42,   350.75
  473.58,   349.94,    99.07
  474.53,   351.67,   224.05
  475.47,   353.40,   349.04
  471.69,   474.91,    97.35
  472.63,   476.64,   222.34
  473.57,   478.37,   347.32
  600.46,   226.84,    99.82
  601.40,   228.57,   224.80
  602.34,   230.30,   349.78
  598.57,   351.82,    98.10
  599.51,   353.55,   223.08
  600.45,   355.28,   348.07
  596.67,   476.79,    96.38
  597.61,   478.52,   221.37
  598.56,   480.25,   346.35
  350.97,   224.75,   223.92
  353.65,   221.45,   348.85
  356.33,   218.15,   473.78
  351.45,   349.71,   227.21
  354.13,   346.41,   352.14
  356.81,   343.11,   477.07
  351.93,   474.66,   230.50
  354.61,   471.36,   355.43
  357.29,   468.06,   480.35
  475.94,   224.34,   221.23
  478.62,   221.04,   346.16
  481.30,   217.75,   471.09
  476.42,   349.30,   224.52
  479.10,   346.00,   349.45
  481.78,   342.70,   474.37
  476.90,   474.25,   227.81
  479.58,   470.96,   352.74
  482.26,   467.66,   477.66
  600.91,   223.93,   218.54
  603.59,   220.64,   343.47
  606.27,   217.34,   468.39
  601.39,   348.89,   221.83
  604.07,   345.59,   346.75
  606.75,   342.29,   471.68
  601.87,   473.85,   225.12
  604.55,   470.55,   350.04
  607.23,   467.25,   474.97
  351.58,   226.97,   350.03
  353.60,   226.15,   475.01
  355.63,   225.34,   599.99
  353.20,   351.95,   350.82
  355.23,   351.14,   475.80
  357.25,   350.33,   600.78
  354.83,   476.94,   351.60
  356.85,   476.13,   476.59
  358.88,   475.31,   601.57
  476.55,   225.35,   347.99
  478.57,   224.54,   472.97
  480.60,   223.73,   597.96
  478.17,   350.34,   348.78
  480.20,   349.53,   473.76
  482.23,   348.71,   598.74
  479.80,   475.33,   349.57
  481.82,   474.51,   474.55
  483.85,   473.70,   599.53
  601.52,   223.74,   345.96
  603.55,   222.93,   470.94
  605.57,   222.11,   595.92
  603.15,   348.73,   346.75
  605.17,   347.92,   471.73
  607.20,   347.10,   596.71
  604.77,   473.72,   347.53
  606.80,   472.90,   472.51
  608.82,   472.09,   597.49
  349.78,   223.93,   476.35
  352.76,   220.81,   601.28
  355.74,   217.68,   726.21
  347.51,   348.87,   479.53
  350.49,   345.74,   604.46
  353.47,   342.62,   729.39
  345.25,   473.81,   482.72
  348.22,   470.68,   607.64
  351.20,   467.56,   732.57
  474.73,   226.27,   473.44
  477.70,   223.15,   598.36
  480.68,   220.02,   723.29
  472.46,   351.21,   476.62
  475.44,   348.09,   601.54
  478.41,   344.96,   726.47
  470.19,   476.15,   479.80
  473.17,   473.03,   604.72
  476.15,   469.90,   729.65
  599.67,   228.62,   470.52
  602.65,   225.49,   595.44
  605.62,   222.36,   720.37
  597.40,   353.55,   473.70
  600.38,   350.43,   598.62
  603.36,   347.30,   723.55
  595.14,   478.49,   476.88
  598.11,   475.37,   601.80
  601.09,   472.24,   726.73
  348.79,   223.58,   600.06
  349.57,   224.81,   725.05
  350.35,   226.04,   850.04
  351.05,   348.55,   598.81
  351.83,   349.78,   723.80
  352.61,   351.01,   848.80
  353.30,   473.52,   597.57
  354.08,   474.75,   722.56
  354.86,   475.98,   847.55
  473.77,   221.31,   599.30
  474.55,   222.54,   724.29
  475.33,   223.77,   849.28
  476.02,   346.29,   598.05
  476.80,   347.52,   723.05
  477.58,   348.75,   848.04
  478.28,   471.26,   596.81
  479.06,   472.49,   721.80
  479.84,   473.72,   846.79
  598.74,   219.05,   598.54
  599.52,   220.28,   723.53
  600.31,   221.51,   848.52
  601.00,   344.02,   597.30
  601.78,   345.25,   722.29
  602.56,   346.48,   847.28
  603.26,   469.00,   596.05
  604.04,   470.23,   721.04
  604.82,   471.46,   846.03
  348.36,   350.50,   101.58
  350.22,   351.19,   226.56
  352.07,   351.89,   351.55
  347.43,   475.49,   100.90
  349.29,   476.19,   225.88
  351.14,   476.88,   350.86
  346.51,   600.49,   100.21
  348.36,   601.18,   225.20
  350.22,   601.88,   350.18
  473.34,   351.41,    99.72
  475.20,   352.11,   224.70
  477.05,   352.81,   349.69
  472.42,   476.41,    99.04
  474.27,   477.11,   224.02
  476.13,   477.80,   349.00
  471.49,   601.40,    98.35
  473.34,   602.10,   223.34
  475.20,   602.80,   348.32
  598.33,   352.33,    97.86
  600.18,   353.03,   222.84
  602.04,   353.72,   347.83
  597.40,   477.33,    97.18
  599.25,   478.02,   222.16
  601.11,   478.72,   347.14
  596.47,   602.32,    96.49
  598.33,   603.02,   221.48
  600.18,   603.71,   346.46
  348.07,   349.00,   225.82
  350.28,   346.01,   350.77
  352.50,   343.01,   475.71
  349.29,   473.96,   228.80
  351.50,   470.96,   353.74
  353.72,   467.97,   478.69
  350.51,   598.92,   231.77
  352.72,   595.92,   356.72
  354.93,   592.93,   481.66
  473.05,   347.84,   223.58
  475.26,   344.84,   348.53
  477.47,   341.85,   473.47
  474.26,   472.80,   226.56
  476.48,   469.80,   351.50
  478.69,   466.80,   476.45
  475.48,   597.75,   229.53
  477.70,   594.76,   354.48
  479.91,   591.76,   479.42
  598.02,   346.67,   221.34
  600.23,   343.68,   346.28
  602.45,   340.68,   471.23
  599.24,   471.63,   224.31
  601.45,   468.63,   349.26
  603.67,   465.64,   474.20
  600.46,   596.59,   227.29
  602.67,   593.59,   352.23
  604.88,   590.60,   477.18
  350.56,   349.82,   348.35
  349.40,   351.41,   473.34
  348.24,   352.99,   598.32
  353.64,   474.77,   346.79
  352.48,   476.36,   471.78
  351.32,   477.94,   596.76
  356.72,   599.72,   345.24
  355.56,   601.31,   470.22
  354.40,   602.90,   595.21
  475.51,   346.75,   349.55
  474.35,   348.34,   474.54
  473.19,   349.93,   599.52
  478.59,   471.71,   347.99
  477.43,   473.29,   472.98
  476.27,   474.88,   597.96
  481.67,   596.66,   346.44
  480.51,   598.24,   471.42
  479.35,   599.83,   596.41
  600.47,   343.69,   350.75
  599.31,   345.27,   475.73
  598.15,   346.86,   600.72
  603.55,   468.64,   349.19
  602.39,   470.23,   474.18
  601.23,   471.81,   599.16
  606.63,   593.59,   347.64
  605.47,   595.18,   472.62
  604.31,   596.77,   597.60
  349.38,   348.02,   475.02
  350.68,   351.17,   599.98
  351.98,   354.32,   724.93
  350.07,   472.98,   471.87
  351.37,   476.13,   596.82
  352.66,   479.28,   721.77
  350.76,   597.94,   468.71
  352.05,   601.09,   593.66
  353.35,   604.24,   718.62
  474.38,   347.30,   473.74
  475.67,   350.45,   598.70
  476.97,   353.60,   723.65
  475.06,   472.26,   470.59
  476.36,   475.41,   595.54
  477.65,   478.56,   720.49
  475.75,   597.22,   467.43
  477.04,   600.37,   592.38
  478.34,   603.52,   717.34
  599.37,   346.59,   472.47
  600.66,   349.74,   597.42
  601.96,   352.89,   722.37
  600.05,   471.54,   469.31
  601.35,   474.69,   594.26
  602.65,   477.84,   719.22
  600.74,   596.50,   466.15
  602.04,   599.65,   591.11
  603.33,   602.80,   716.06
  351.70,   349.33,   600.98
  350.22,   347.01,   725.95
  348.75,   344.69,   850.92
  352.78,   474.30,   603.31
  351.30,   471.98,   728.28
  349.83,   469.66,   853.25
  353.86,   599.28,   605.64
  352.38,   596.96,   730.61
  350.91,   594.64,   855.58
  476.68,   348.22,   602.43
  475.21,   345.90,   727.40
  473.74,   343.58,   852.37
  477.76,   473.20,   604.76
  476.29,   470.88,   729.73
  474.82,   468.56,   854.70
  478.84,   598.17,   607.09
  477.37,   595.85,   732.06
  475.90,   593.53,   857.03
  601.67,   347.12,   603.88
  600.20,   344.80,   728.85
  598.72,   342.48,   853.82
  602.75,   472.09,   606.21
  601.28,   469.77,   731.18
  599.80,   467.45,   856.15
  603.83,   597.06,   608.55
  602.36,   594.74,   733.52
  600.88,   592.42,   858.49
  349.00,   474.00,    98.21
  350.94,   473.43,   223.20
  352.88,   472.87,   348.18
  350.26,   598.99,    98.76
  352.20,   598.42,   223.74
  354.14,   597.86,   348.72
  351.52,   723.98,    99.30
  353.46,   723.42,   224.28
  355.40,   722.85,   349.27
  473.98,   472.74,    96.26
  475.92,   472.18,   221.25
  477.86,   471.62,   346.23
  475.24,   597.74,    96.81
  477.18,   597.17,   221.79
  479.12,   596.61,   346.78
  476.50,   722.73,    97.35
  478.44,   722.16,   222.34
  480.38,   721.60,   347.32
  598.95,   471.49,    94.32
  600.90,   470.93,   219.30
  602.84,   470.36,   344.28
  600.22,   596.48,    94.86
  602.16,   595.92,   219.84
  604.10,   595.36,   344.83
  601.48,   721.48,    95.40
  603.42,   720.91,   220.39
  605.36,   720.35,   345.37
  348.42,   473.99,   226.29
  348.59,   471.26,   351.26
  348.77,   468.53,   476.23
  345.17,   598.91,   229.02
  345.34,   596.19,   353.99
  345.52,   593.46,   478.96
  341.92,   723.84,   231.75
  342.10,   721.12,   356.72
  342.27,   718.39,   481.69
  473.38,   477.24,   226.18
  473.55,   474.51,   351.15
  473.72,   471.79,   476.12
  470.13,   602.17,   228.91
  470.30,   599.44,   353.88
  470.48,   596.71,   478.85
  466.88,   727.09,   231.64
  467.05,   724.37,   356.61
  467.23,   721.64,   481.58
  598.34,   480.49,   226.08
  598.51,   477.77,   351.05
  598.68,   475.04,   476.02
  595.09,   605.42,   228.81
  595.26,   602.69,   353.78
  595.43,   599.97,   478.75
  591.84,   730.35,   231.54
  592.01,   727.62,   356.51
  592.18,   724.90,   481.48
  349.41,   476.90,   348.55
  350.47,   478.67,   473.53
  351.52,   480.45,   598.51
  346.35,   601.85,   346.80
  347.40,   603.62,   471.78
  348.46,   605.40,   596.76
  343.28,   726.80,   345.05
  344.34,   728.57,   470.03
  345.40,   730.35,   595.01
  474.37,   479.94,   347.45
  475.42,   481.72,   472.43
  476.48,   483.49,   597.41
  471.30,   604.89,   345.70
  472.36,   606.67,   470.68
  473.42,   608.44,   595.66
  468.24,   729.84,   343.95
  469.30,   731.62,   468.93
  470.36,   733.39,   593.91
  599.32,   482.99,   346.34
  600.38,   484.77,   471.33
  601.44,   486.54,   596.31
  596.26,   607.94,   344.59
  597.32,   609.72,   469.58
  598.38,   611.49,   594.56
  593.20,   732.89,   342.85
  594.26,   734.67,   467.83
  595.32,   736.44,   592.81
  349.07,   473.74,   473.51
  347.21,   470.20,   598.44
  345.36,   466.66,   723.38
  350.61,   598.68,   477.07
  348.76,   595.14,   602.01
  346.90,   591.60,   726.94
  352.15,   723.62,   480.63
  350.30,   720.08,   605.57
  348.44,   716.54,   730.50
  474.05,   472.15,   475.32
  472.19,   468.61,   600.25
  470.34,   465.07,   725.19
  475.59,   597.09,   478.88
  473.73,   593.55,   603.82
  471.88,   590.01,   728.75
  477.13,   722.03,   482.44
  475.27,   718.49,   607.38
  473.42,   714.95,   732.31
  599.02,   470.55,   477.13
  597.17,   467.01,   602.06
  595.31,   463.48,   727.00
  600.56,   595.49,   480.69
  598.71,   591.95,   605.63
  596.85,   588.42,   730.56
  602.11,   720.43,   484.25
  600.25,   716.89,   609.19
  598.40,   713.36,   734.12
  349.84,   473.66,   601.42
  347.17,   473.24,   726.39
  344.49,   472.82,   851.36
  346.53,   598.62,   601.77
  343.86,   598.20,   726.74
  341.18,   597.77,   851.72
  343.22,   723.57,   602.13
  340.55,   723.15,   727.10
  337.87,   722.73,   852.07
  474.77,   476.96,   604.11
  472.09,   476.54,   729.08
  469.42,   476.12,   854.05
  471.46,   601.92,   604.46
  468.79,   601.50,   729.43
  466.11,   601.07,   854.40
  468.15,   726.88,   604.81
  465.48,   726.45,   729.78
  462.80,   726.03,   854.75
  599.70,   480.26,   606.79
  597.02,   479.84,   731.76
  594.35,   479.42,   856.73
  596.39,   605.22,   607.14
  593.71,   604.80,   732.11
  591.04,   604.37,   857.09
  593.08,   730.18,   607.50
  590.40,   729.75,   732.47
  587.73,   729.33,   857.44
  351.65,   600.41,    98.64
  352.01,   600.69,   223.64
  352.38,   600.96,   348.64
  352.03,   725.41,    98.36
  352.39,   725.68,   223.36
  352.76,   725.96,   348.36
  352.41,   850.41,    98.08
  352.77,   850.68,   223.08
  353.14,   850.96,   348.08
  476.65,   600.03,    98.28
  477.01,   600.30,   223.28
  477.38,   600.58,   348.28
  477.03,   725.03,    98.00
  477.39,   725.30,   223.00
  477.76,   725.58,   348.00
  477.41,   850.02,    97.72
  477.77,   850.30,   222.72
  478.14,   850.58,   347.72
  601.65,   599.65,    97.91
  602.01,   599.92,   222.91
  602.38,   600.20,   347.91
  602.03,   724.64,    97.63
  602.39,   724.92,   222.63
  602.76,   725.20,   347.63
  602.41,   849.64,    97.35
  602.77,   849.92,   222.35
  603.14,   850.20,   347.35
  349.34,   598.08,   225.19
  349.47,   597.35,   350.19
  349.60,   596.62,   475.19
  351.10,   723.06,   225.92
  351.23,   722.33,   350.91
  351.36,   721.61,   475.91
  352.87,   848.05,   226.64
  353.00,   847.32,   351.64
  353.13,   846.59,   476.64
  474.33,   596.31,   225.05
  474.45,   595.59,   350.05
  474.58,   594.86,   475.05
  476.09,   721.30,   225.78
  476.22,   720.57,   350.77
  476.35,   719.84,   475.77
  477.85,   846.28,   226.50
  477.98,   845.56,   351.50
  478.11,   844.83,   476.50
  599.31,   594.55,   224.91
  599.44,   593.82,   349.91
  599.57,   593.10,   474.91
  601.08,   719.53,   225.64
  601.21,   718.81,   350.63
  601.34,   718.08,   475.63
  602.84,   844.52,   226.36
  602.97,   843.79,   351.36
  603.10,   843.07,   476.36
  348.78,   598.37,   351.10
  351.97,   600.61,   476.04
  355.15,   602.85,   600.98
  349.88,   723.35,   348.83
  353.07,   725.59,   473.77
  356.25,   727.82,   598.71
  350.98,   848.32,   346.57
  354.17,   850.56,   471.51
  357.35,   852.80,   596.45
  473.74,   597.22,   347.93
  476.92,   599.46,   472.87
  480.11,   601.69,   597.81
  474.83,   722.19,   345.67
  478.02,   724.43,   470.60
  481.21,   726.67,   595.54
  475.93,   847.17,   343.40
  479.12,   849.40,   468.34
  482.31,   851.64,   593.28
  598.69,   596.06,   344.76
  601.88,   598.30,   469.70
  605.06,   600.54,   594.64
  599.79,   721.04,   342.50
  602.98,   723.27,   467.44
  606.16,   725.51,   592.38
  600.89,   846.01,   340.23
  604.07,   848.25,   465.17
  607.26,   850.49,   590.11
  350.88,   598.84,   475.20
  350.01,   598.40,   600.20
  349.13,   597.97,   725.19
  347.42,   723.79,   475.61
  346.54,   723.36,   600.61
  345.67,   722.92,   725.60
  343.96,   848.74,   476.02
  343.08,   848.31,   601.02
  342.21,   847.87,   726.01
  475.83,   602.30,   476.09
  474.96,   601.86,   601.09
  474.08,   601.43,   726.08
  472.37,   727.25,   476.50
  471.49,   726.82,   601.49
  470.62,   726.38,   726.49
  468.91,   852.20,   476.91
  468.03,   851.77,   601.90
  467.16,   851.33,   726.90
  600.78,   605.76,   476.98
  599.91,   605.32,   601.97
  599.03,   604.89,   726.97
  597.32,   730.71,   477.39
  596.44,   730.28,   602.38
  595.57,   729.84,   727.38
  593.86,   855.66,   477.79
  592.98,   855.23,   602.79
  592.10,   854.79,   727.79
  350.74,   600.41,   598.82
  350.93,   599.52,   723.81
  351.13,   598.63,   848.81
  353.64,   725.38,   599.71
  353.83,   724.48,   724.70
  354.03,   723.59,   849.70
  356.54,   850.34,   600.60
  356.73,   849.45,   725.59
  356.93,   848.55,   850.59
  475.70,   597.52,   598.60
  475.90,   596.62,   723.60
  476.09,   595.73,   848.59
  478.60,   722.48,   599.49
  478.80,   721.58,   724.49
  478.99,   720.69,   849.48
  481.50,   847.44,   600.38
  481.70,   846.55,   725.38
  481.89,   845.65,   850.37
  600.67,   594.62,   598.39
  600.86,   593.72,   723.38
  601.06,   592.83,   848.38
  603.57,   719.58,   599.27
  603.76,   718.69,   724.27
  603.96,   717.79,   849.27
  606.47,   844.54,   600.16
  606.66,   843.65,   725.16
  606.86,   842.76,   850.16
  475.85,   101.12,   100.27
  474.85,    99.41,   225.26
  473.85,    97.71,   350.24
  478.86,   226.07,   102.00
  477.86,   224.37,   226.98
  476.86,   222.66,   351.96
  481.87,   351.02,   103.72
  480.87,   349.32,   228.71
  479.87,   347.62,   353.69
  600.81,    98.09,   101.23
  599.81,    96.39,   226.21
  598.81,    94.69,   351.20
  603.82,   223.04,   102.95
  602.82,   221.34,   227.94
  601.82,   219.64,   352.92
  606.82,   348.00,   104.68
  605.83,   346.30,   229.66
  604.83,   344.59,   354.65
  725.77,    95.07,   102.18
  724.77,    93.37,   227.17
  723.77,    91.67,   352.15
  728.78,   220.02,   103.91
  727.78,   218.32,   228.89
  726.78,   216.62,   353.88
  731.78,   344.97,   105.63
  730.79,   343.27,   230.62
  729.79,   341.57,   355.60
  474.97,   101.29,   224.26
  475.18,   104.21,   349.23
  475.39,   107.12,   474.19
  472.53,   226.23,   221.35
  472.74,   229.15,   346.31
  472.95,   232.07,   471.28
  470.09,   351.17,   218.43
  470.30,   354.09,   343.40
  470.52,   357.01,   468.36
  599.94,   103.72,   223.99
  600.16,   106.64,   348.96
  600.37,   109.56,   473.92
  597.51,   228.66,   221.08
  597.72,   231.58,   346.04
  597.93,   234.50,   471.01
  595.07,   353.60,   218.16
  595.28,   356.52,   343.13
  595.49,   359.44,   468.10
  724.92,   106.15,   223.72
  725.13,   109.07,   348.69
  725.34,   111.99,   473.65
  722.48,   231.09,   220.81
  722.69,   234.01,   345.77
  722.91,   236.93,   470.74
  720.04,   356.04,   217.89
  720.26,   358.95,   342.86
  720.47,   361.87,   467.83
  474.83,    98.98,   349.59
  478.47,   102.39,   474.49
  482.11,   105.79,   599.39
  476.70,   223.92,   346.13
  480.34,   227.33,   471.03
  483.99,   230.73,   595.93
  478.58,   348.86,   342.67
  482.22,   352.27,   467.57
  485.86,   355.67,   592.47
  599.76,    97.01,   346.00
  603.40,   100.41,   470.90
  607.04,   103.82,   595.80
  601.64,   221.95,   342.54
  605.28,   225.35,   467.44
  608.92,   228.76,   592.34
  603.51,   346.88,   339.08
  607.15,   350.29,   463.98
  610.80,   353.69,   588.88
  724.69,    95.03,   342.41
  728.33,    98.44,   467.31
  731.98,   101.84,   592.21
  726.57,   219.97,   338.95
  730.21,   223.38,   463.85
  733.85,   226.78,   588.75
  728.45,   344.91,   335.49
  732.09,   348.31,   460.39
  735.73,   351.72,   585.29
  474.68,    99.73,   476.80
  472.24,    96.15,   601.72
  469.80,    92.57,   726.65
  478.38,   224.62,   480.45
  475.94,   221.04,   605.37
  473.50,   217.46,   730.30
  482.08,   349.51,   484.10
  479.64,   345.93,   609.03
  477.20,   342.35,   733.95
  599.61,    95.96,   479.13
  597.17,    92.38,   604.05
  594.73,    88.80,   728.98
  603.30,   220.85,   482.78
  600.86,   217.27,   607.71
  598.42,   213.69,   732.63
  607.00,   345.75,   486.43
  604.56,   342.17,   611.36
  602.12,   338.59,   736.28
  724.53,    92.20,   481.46
  722.09,    88.62,   606.39
  719.65,    85.04,   731.31
  728.22,   217.09,   485.11
  725.78,   213.51,   610.04
  723.34,   209.93,   734.96
  731.92,   341.98,   488.76
  729.48,   338.40,   613.69
  727.04,   334.82,   738.61
  476.74,   101.73,   598.14
  477.11,   101.74,   723.14
  477.48,   101.74,   848.14
  476.52,   226.73,   598.13
  476.89,   226.73,   723.13
  477.25,   226.74,   848.13
  476.29,   351.73,   598.13
  476.66,   351.73,   723.13
  477.03,   351.74,   848.13
  601.74,   101.95,   597.77
  602.11,   101.96,   722.77
  602.47,   101.96,   847.77
  601.52,   226.95,   597.77
  601.88,   226.96,   722.77
  602.25,   226.96,   847.77
  601.29,   351.95,   597.76
  601.66,   351.96,   722.76
  602.03,   351.96,   847.76
  726.74,   102.18,   597.40
  727.11,   102.18,   722.40
  727.47,   102.18,   847.40
  726.52,   227.17,   597.40
  726.88,   227.18,   722.40
  727.25,   227.18,   847.40
  726.29,   352.17,   597.39
  726.66,   352.18,   722.39
  727.03,   352.18,   847.39
  476.31,   224.10,    98.08
  473.73,   224.70,   223.05
  471.15,   225.31,   348.02
  474.84,   349.09,    97.45
  472.26,   349.69,   222.42
  469.68,   350.30,   347.39
  473.36,   474.08,    96.81
  470.78,   474.68,   221.78
  468.20,   475.29,   346.76
  601.28,   225.59,   100.65
  598.70,   226.19,   225.62
  596.12,   226.80,   350.60
  599.80,   350.58,   100.02
  597.22,   351.18,   224.99
  594.64,   351.79,   349.96
  598.32,   475.57,    99.38
  595.74,   476.17,   224.36
  593.16,   476.78,   349.33
  726.24,   227.08,   103.22
  723.66,   227.68,   228.20
  721.08,   228.29,   353.17
  724.77,   352.07,   102.59
  722.19,   352.67,   227.56
  719.61,   353.28,   352.53
  723.29,   477.06,   101.96
  720.71,   477.66,   226.93
  718.13,   478.27,   351.90
  475.88,   223.93,   226.73
  477.40,   222.20,   351.71
  478.93,   220.48,   476.69
  478.49,   348.89,   228.43
  480.02,   347.17,   353.40
  481.54,   345.44,   478.38
  481.11,   473.85,   230.12
  482.63,   472.13,   355.10
  484.16,   470.40,   480.08
  600.84,   221.34,   225.17
  602.37,   219.61,   350.15
  603.89,   217.88,   475.13
  603.46,   346.30,   226.86
  604.98,   344.57,   351.84
  606.51,   342.85,   476.82
  606.07,   471.26,   228.56
  607.59,   469.53,   353.54
  609.12,   467.81,   478.52
  725.81,   218.75,   223.61
  727.33,   217.02,   348.59
  728.86,   215.29,   473.57
  728.42,   343.71,   225.30
  729.94,   341.98,   350.28
  731.47,   340.25,   475.26
  731.03,   468.67,   227.00
  732.56,   466.94,   351.98
  734.08,   465.22,   476.96
  476.82,   224.43,   348.70
  473.40,   224.45,   473.66
  469.98,   224.46,   598.61
  478.10,   349.43,   348.72
  474.68,   349.44,   473.68
  471.26,   349.46,   598.63
  479.38,   474.42,   348.74
  475.96,   474.44,   473.70
  472.54,   474.45,   598.65
  601.77,   223.16,   352.12
  598.35,   223.17,   477.07
  594.93,   223.19,   602.03
  603.04,   348.15,   352.14
  599.63,   348.16,   477.09
  596.21,   348.18,   602.05
  604.32,   473.14,   352.16
  600.91,   473.16,   477.11
  597.49,   473.17,   602.07
  726.71,   221.88,   355.54
  723.30,   221.89,   480.49
  719.88,   221.91,   605.44
  727.99,   346.87,   355.56
  724.57,   346.89,   480.51
  721.16,   346.90,   605.46
  729.27,   471.86,   355.58
  725.85,   471.88,   480.53
  722.43,   471.89,   605.48
  476.72,   226.55,   476.72
  473.50,   225.26,   601.67
  470.28,   223.97,   726.63
  473.28,   351.50,   477.92
  470.05,   350.20,   602.88
  466.83,   348.91,   727.83
  469.83,   476.44,   479.13
  466.61,   475.15,   604.08
  463.39,   473.86,   729.03
  601.63,   229.96,   479.98
  598.41,   228.67,   604.93
  595.19,   227.38,   729.88
  598.19,   354.91,   481.18
  594.97,   353.62,   606.13
  591.74,   352.33,   731.08
  594.74,   479.85,   482.38
  591.52,   478.56,   607.33
  588.30,   477.27,   732.29
  726.54,   233.37,   483.23
  723.32,   232.08,   608.19
  720.10,   230.79,   733.14
  723.10,   358.32,   484.44
  719.88,   357.03,   609.39
  716.65,   355.74,   734.34
  719.65,   483.27,   485.64
  716.43,   481.98,   610.59
  713.21,   480.69,   735.54
  473.71,   226.62,   601.38
  474.66,   224.57,   726.36
  475.62,   222.52,   851.34
  473.54,   351.61,   603.44
  474.50,   349.56,   728.42
  475.46,   347.50,   853.40
  473.38,   476.59,   605.49
  474.34,   474.54,   730.47
  475.29,   472.49,   855.45
  598.70,   226.80,   600.43
  599.66,   224.75,   725.41
  600.62,   222.70,   850.39
  598.54,   351.79,   602.48
  599.50,   349.74,   727.46
  600.45,   347.68,   852.44
  598.37,   476.77,   604.54
  599.33,   474.72,   729.52
  600.29,   472.67,   854.50
  723.70,   226.98,   599.48
  724.66,   224.93,   724.46
  725.61,   222.88,   849.44
  723.54,   351.97,   601.53
  724.49,   349.92,   726.51
  725.45,   347.86,   851.49
  723.37,   476.95,   603.58
  724.33,   474.90,   728.56
  725.29,   472.85,   853.54
  475.58,   350.66,   101.71
  477.38,   352.61,   226.68
  479.17,   354.55,   351.65
  473.78,   475.63,    99.79
  475.58,   477.58,   224.76
  477.37,   479.52,   349.74
  471.98,   600.61,    97.88
  473.78,   602.55,   222.85
  475.57,   604.49,   347.82
  600.55,   352.43,    99.88
  602.35,   354.38,   224.86
  604.15,   356.32,   349.83
  598.75,   477.41,    97.97
  600.55,   479.35,   222.94
  602.35,   481.29,   347.91
  596.95,   602.38,    96.05
  598.75,   604.32,   221.02
  600.55,   606.26,   345.99
  725.53,   354.21,    98.06
  727.32,   356.15,   223.03
  729.12,   358.09,   348.00
  723.73,   479.18,    96.14
  725.52,   481.12,   221.11
  727.32,   483.06,   346.09
  721.93,   604.15,    94.22
  723.72,   606.09,   219.20
  725.52,   608.04,   344.17
  475.54,   351.97,   225.32
  472.58,   353.41,   350.27
  469.62,   354.85,   475.23
  479.04,   476.92,   223.96
  476.08,   478.35,   348.92
  473.12,   479.79,   473.88
  482.54,   601.86,   222.61
  479.58,   603.30,   347.57
  476.62,   604.73,   472.52
  600.45,   348.50,   228.32
  597.49,   349.94,   353.27
  594.53,   351.38,   478.23
  603.95,   473.45,   226.96
  600.99,   474.88,   351.92
  598.03,   476.32,   476.88
  607.46,   598.39,   225.61
  604.49,   599.83,   350.57
  601.53,   601.26,   475.52
  725.37,   345.04,   231.32
  722.41,   346.47,   356.27
  719.45,   347.91,   481.23
  728.87,   469.98,   229.96
  725.91,   471.42,   354.92
  722.95,   472.85,   479.88
  732.37,   594.92,   228.61
  729.41,   596.36,   353.57
  726.45,   597.80,   478.53
  474.91,   350.50,   349.61
  471.85,   353.02,   474.55
  468.80,   355.53,   599.49
  476.82,   475.46,   347.15
  473.77,   477.98,   472.08
  470.71,   480.49,   597.02
  478.74,   600.42,   344.68
  475.68,   602.94,   469.61
  472.63,   605.45,   594.55
  599.85,   348.65,   352.71
  596.80,   351.16,   477.64
  593.75,   353.68,   602.58
  601.77,   473.61,   350.24
  598.72,   476.12,   475.17
  595.66,   478.64,   600.11
  603.69,   598.57,   347.77
  600.63,   601.08,   472.71
  597.58,   603.60,   597.64
  724.80,   346.79,   355.80
  721.75,   349.31,   480.74
  718.69,   351.82,   605.67
  726.72,   471.75,   353.33
  723.66,   474.27,   478.27
  720.61,   476.78,   603.20
  728.63,   596.71,   350.86
  725.58,   599.23,   475.80
  722.53,   601.74,   600.74
  476.66,   348.84,   476.99
  473.67,   345.32,   601.90
  470.68,   341.79,   726.82
  478.06,   473.78,   480.55
  475.07,   470.26,   605.46
  472.08,   466.73,   730.38
  479.46,   598.72,   484.11
  476.47,   595.20,   609.02
  473.48,   591.67,   733.93
  601.62,   347.36,   479.94
  598.63,   343.83,   604.85
  595.64,   340.31,   729.76
  603.02,   472.30,   483.49
  600.03,   468.77,   608.41
  597.04,   465.25,   733.32
  604.42,   597.24,   487.05
  601.43,   593.71,   611.97
  598.44,   590.19,   736.88
  726.57,   345.87,   482.88
  723.58,   342.35,   607.80
  720.59,   338.82,   732.71
  727.97,   470.81,   486.44
  724.98,   467.29,   611.36
  721.99,   463.76,   736.27
  729.37,   595.75,   490.00
  726.38,   592.23,   614.92
  723.39,   588.70,   739.83
  473.35,   349.02,   599.21
  476.60,   350.33,   724.16
  479.86,   351.64,   849.11
  473.30,   474.01,   597.90
  476.56,   475.32,   722.85
  479.82,   476.63,   847.80
  473.26,   599.00,   596.59
  476.52,   600.31,   721.54
  479.77,   601.62,   846.49
  598.31,   349.03,   595.95
  601.56,   350.34,   720.90
  604.82,   351.65,   845.85
  598.26,   474.02,   594.64
  601.52,   475.33,   719.59
  604.77,   476.64,   844.54
  598.22,   599.01,   593.33
  601.47,   600.32,   718.28
  604.73,   601.63,   843.23
  723.26,   349.04,   592.69
  726.52,   350.35,   717.65
  729.78,   351.66,   842.60
  723.22,   474.03,   591.39
  726.48,   475.34,   716.34
  729.73,   476.65,   841.29
  723.18,   599.02,   590.08
  726.43,   600.33,   715.03
  729.69,   601.64,   839.98
  473.75,   475.53,    99.08
  477.04,   476.55,   224.03
  480.33,   477.58,   348.98
  474.02,   600.52,    98.04
  477.31,   601.55,   223.00
  480.60,   602.58,   347.95
  474.29,   725.52,    97.01
  477.58,   726.54,   221.96
  480.87,   727.57,   346.91
  598.70,   475.23,    95.79
  602.00,   476.26,   220.74
  605.29,   477.28,   345.69
  598.97,   600.23,    94.75
  602.27,   601.25,   219.70
  605.56,   602.28,   344.66
  599.24,   725.22,    93.72
  602.53,   726.25,   218.67
  605.83,   727.28,   343.62
  723.66,   474.93,    92.50
  726.95,   475.96,   217.45
  730.24,   476.99,   342.40
  723.93,   599.93,    91.46
  727.22,   600.96,   216.41
  730.51,   601.98,   341.37
  724.20,   724.92,    90.43
  727.49,   725.95,   215.38
  730.78,   726.98,   340.33
  474.89,   473.11,   224.54
  478.19,   471.25,   349.48
  481.50,   469.40,   474.42
  473.95,   598.09,   226.42
  477.25,   596.24,   351.36
  480.56,   594.38,   476.30
  473.00,   723.07,   228.30
  476.31,   721.22,   353.24
  479.61,   719.36,   478.18
  599.84,   474.10,   221.25
  603.15,   472.25,   346.19
  606.45,   470.39,   471.13
  598.90,   599.08,   223.13
  602.20,   597.23,   348.07
  605.51,   595.37,   473.01
  597.96,   724.07,   225.01
  601.26,   722.21,   349.95
  604.57,   720.36,   474.89
  724.80,   475.09,   217.96
  728.10,   473.24,   342.90
  731.41,   471.38,   467.84
  723.85,   600.08,   219.84
  727.16,   598.22,   344.78
  730.46,   596.37,   469.72
  722.91,   725.06,   221.72
  726.21,   723.20,   346.66
  729.52,   721.35,   471.60
  475.59,   474.46,   350.36
  475.53,   474.94,   475.36
  475.48,   475.41,   600.36
  478.78,   599.42,   349.89
  478.73,   599.89,   474.89
  478.68,   600.37,   599.88
  481.98,   724.37,   349.41
  481.93,   724.85,   474.41
  481.88,   725.33,   599.41
  600.54,   471.26,   350.43
  600.49,   471.74,   475.43
  600.44,   472.22,   600.43
  603.74,   596.22,   349.95
  603.69,   596.70,   474.95
  603.64,   597.17,   599.95
  606.94,   721.18,   349.47
  606.89,   721.65,   474.47
  606.84,   722.13,   599.47
  725.50,   468.06,   350.49
  725.45,   468.54,   475.49
  725.40,   469.02,   600.49
  728.70,   593.02,   350.01
  728.65,   593.50,   475.01
  728.60,   593.98,   600.01
  731.90,   717.98,   349.54
  731.85,   718.46,   474.54
  731.80,   718.93,   599.54
  474.86,   473.33,   476.85
  475.61,   475.72,   601.83
  476.36,   478.11,   726.80
  476.27,   598.30,   474.45
  477.03,   600.69,   599.43
  477.78,   603.08,   724.40
  477.69,   723.27,   472.05
  478.44,   725.66,   597.03
  479.19,   728.05,   722.00
  599.85,   471.91,   476.13
  600.60,   474.30,   601.10
  601.35,   476.69,   726.08
  601.26,   596.88,   473.73
  602.02,   599.27,   598.70
  602.77,   601.66,   723.68
  602.68,   721.84,   471.33
  603.43,   724.24,   596.30
  604.18,   726.63,   721.28
  724.84,   470.48,   475.40
  725.59,   472.87,   600.38
  726.34,   475.26,   725.35
  726.25,   595.45,   473.01
  727.01,   597.84,   597.98
  727.76,   600.23,   722.96
  727.67,   720.42,   470.61
  728.42,   722.81,   595.58
  729.17,   725.20,   720.56
  476.57,   473.37,   599.04
  476.85,   475.26,   724.02
  477.12,   477.15,   849.01
  474.29,   598.34,   597.15
  474.57,   600.23,   722.14
  474.84,   602.12,   847.12
  472.01,   723.30,   595.27
  472.28,   725.19,   720.25
  472.56,   727.08,   845.24
  601.55,   475.65,   598.73
  601.83,   477.54,   723.71
  602.10,   479.43,   848.70
  599.27,   600.62,   596.84
  599.55,   602.51,   721.83
  599.82,   604.40,   846.81
  596.99,   725.58,   594.96
  597.26,   727.47,   719.94
  597.54,   729.36,   844.93
  726.53,   477.93,   598.42
  726.81,   479.82,   723.40
  727.08,   481.71,   848.39
  724.25,   602.89,   596.53
  724.52,   604.78,   721.52
  724.80,   606.67,   846.51
  721.97,   727.86,   594.65
  722.24,   729.75,   719.64
  722.52,   731.64,   844.62
  474.83,   598.01,    99.95
  475.59,   599.31,   224.94
  476.34,   600.62,   349.93
  473.77,   723.00,    98.65
  474.53,   724.30,   223.65
  475.29,   725.61,   348.64
  472.71,   847.99,    97.36
  473.47,   849.29,   222.35
  474.23,   850.60,   347.34
  599.82,   599.06,    99.18
  600.58,   600.36,   224.17
  601.34,   601.67,   349.16
  598.76,   724.05,    97.88
  599.52,   725.35,   222.88
  600.28,   726.66,   347.87
  597.70,   849.04,    96.59
  598.46,   850.34,   221.58
  599.22,   851.64,   346.57
  724.81,   600.11,    98.41
  725.57,   601.41,   223.40
  726.33,   602.72,   348.39
  723.76,   725.10,    97.11
  724.51,   726.40,   222.10
  725.27,   727.70,   347.10
  722.70,   850.08,    95.82
  723.46,   851.39,   220.81
  724.22,   852.69,   345.80
  476.93,   600.68,   226.25
  475.59,   604.21,   351.19
  474.24,   607.74,   476.14
  480.46,   725.58,   222.76
  479.12,   729.11,   347.71
  477.77,   732.64,   472.65
  483.99,   850.48,   219.27
  482.65,   854.01,   344.22
  481.30,   857.54,   469.16
  601.87,   597.19,   227.70
  600.53,   600.71,   352.64
  599.18,   604.24,   477.58
  605.41,   722.09,   224.21
  604.06,   725.62,   349.15
  602.71,   729.14,   474.09
  608.94,   846.99,   220.72
  607.59,   850.52,   345.66
  606.25,   854.05,   470.60
  726.82,   593.69,   229.14
  725.47,   597.22,   354.08
  724.13,   600.75,   479.03
  730.35,   718.59,   225.65
  729.00,   722.12,   350.59
  727.66,   725.65,   475.54
  733.88,   843.50,   222.16
  732.53,   847.02,   347.10
  731.19,   850.55,   472.05
  476.38,   601.05,   349.64
  477.20,   604.01,   474.61
  478.01,   606.97,   599.57
  476.36,   726.01,   346.68
  477.18,   728.98,   471.64
  477.99,   731.94,   596.61
  476.34,   850.98,   343.72
  477.16,   853.94,   468.68
  477.97,   856.90,   593.64
  601.38,   601.05,   348.83
  602.19,   604.01,   473.79
  603.01,   606.97,   598.75
  601.36,   726.01,   345.87
  602.17,   728.98,   470.83
  602.99,   731.94,   595.79
  601.34,   850.98,   342.90
  602.15,   853.94,   467.87
  602.97,   856.90,   592.83
  726.38,   601.05,   348.01
  727.19,   604.01,   472.97
  728.01,   606.97,   597.94
  726.36,   726.02,   345.05
  727.17,   728.98,   470.01
  727.99,   731.94,   594.97
  726.34,   850.98,   342.09
  727.15,   853.94,   467.05
  727.97,   856.90,   592.01
  476.92,   600.58,   473.26
  474.57,   598.44,   598.22
  472.22,   596.29,   723.18
  477.54,   725.56,   475.42
  475.19,   723.42,   600.38
  472.84,   721.27,   725.33
  478.16,   850.54,   477.57
  475.81,   848.40,   602.53
  473.46,   846.25,   727.49
  601.90,   599.92,   475.60
  599.55,   597.77,   600.56
  597.20,   595.63,   725.52
  602.52,   724.90,   477.75
  600.17,   722.75,   602.71
  597.82,   720.61,   727.67
  603.14,   849.88,   479.91
  600.79,   847.73,   604.87
  598.44,   845.59,   729.83
  726.87,   599.25,   477.94
  724.52,   597.11,   602.90
  722.17,   594.97,   727.86
  727.49,   724.23,   480.09
  725.14,   722.09,   605.05
  722.79,   719.95,   730.01
  728.12,   849.21,   482.25
  725.77,   847.07,   607.21
  723.42,   844.93,   732.17
  476.23,   598.80,   598.56
  475.59,   602.54,   723.50
  474.95,   606.28,   848.44
  473.76,   723.72,   594.81
  473.12,   727.46,   719.75
  472.48,   731.20,   844.69
  471.28,   848.64,   591.06
  470.64,   852.38,   716.00
  470.00,   856.12,   840.94
  601.21,   601.30,   599.13
  600.56,   605.03,   724.07
  599.92,   608.77,   849.01
  598.73,   726.21,   595.37
  598.09,   729.95,   720.32
  597.45,   733.69,   845.26
  596.26,   851.13,   591.62
  595.62,   854.87,   716.57
  594.98,   858.61,   841.51
  726.18,   603.79,   599.69
  725.54,   607.53,   724.63
  724.90,   611.26,   849.58
  723.71,   728.71,   595.94
  723.06,   732.44,   720.88
  722.42,   736.18,   845.83
  721.23,   853.63,   592.19
  720.59,   857.36,   717.13
  719.95,   861.10,   842.07
  601.22,   100.47,    98.47
  602.20,    99.42,   223.46
  603.18,    98.36,   348.45
  598.49,   225.44,    99.54
  599.47,   224.38,   224.53
  600.44,   223.33,   349.53
  595.76,   350.40,   100.62
  596.73,   349.35,   225.61
  597.71,   348.29,   350.60
  726.19,   103.21,    97.51
  727.17,   102.16,   222.50
  728.14,   101.10,   347.50
  723.46,   228.18,    98.59
  724.43,   227.12,   223.58
  725.41,   226.07,   348.57
  720.72,   353.14,    99.66
  721.70,   352.09,   224.66
  722.68,   351.03,   349.65
  851.16,   105.95,    96.56
  852.13,   104.90,   221.55
  853.11,   103.84,   346.54
  848.42,   230.92,    97.64
  849.40,   229.86,   222.63
  850.38,   228.81,   347.62
  845.69,   355.88,    98.71
  846.67,   354.83,   223.70
  847.64,   353.78,   348.69
  599.97,    99.80,   223.86
  597.61,    96.77,   348.81
  595.24,    93.74,   473.75
  598.61,   224.76,   226.87
  596.25,   221.73,   351.82
  593.88,   218.69,   476.76
  597.25,   349.72,   229.88
  594.88,   346.68,   354.82
  592.52,   343.65,   479.77
  724.94,   101.11,   226.26
  722.58,    98.08,   351.20
  720.21,    95.04,   476.14
  723.58,   226.07,   229.27
  721.22,   223.03,   354.21
  718.85,   220.00,   479.15
  722.22,   351.02,   232.28
  719.85,   347.99,   357.22
  717.49,   344.95,   482.16
  849.91,   102.42,   228.66
  847.55,    99.38,   353.60
  845.18,    96.35,   478.54
  848.55,   227.37,   231.67
  846.19,   224.34,   356.61
  843.82,   221.30,   481.55
  847.19,   352.33,   234.68
  844.82,   349.29,   359.62
  842.46,   346.26,   484.56
  601.37,    99.92,   350.97
  601.96,    97.95,   475.96
  602.55,    95.97,   600.94
  600.25,   224.90,   352.95
  600.84,   222.93,   477.94
  601.43,   220.95,   602.92
  599.14,   349.88,   354.93
  599.73,   347.91,   479.91
  600.32,   345.93,   604.90
  726.36,   101.04,   350.40
  726.95,    99.07,   475.39
  727.54,    97.10,   600.37
  725.25,   226.02,   352.38
  725.84,   224.05,   477.36
  726.43,   222.08,   602.35
  724.13,   351.00,   354.36
  724.72,   349.03,   479.34
  725.31,   347.06,   604.32
  851.36,   102.17,   349.83
  851.95,   100.20,   474.81
  852.54,    98.22,   599.80
  850.24,   227.15,   351.81
  850.83,   225.17,   476.79
  851.42,   223.20,   601.77
  849.13,   352.13,   353.79
  849.72,   350.15,   478.77
  850.31,   348.18,   603.75
  598.88,   101.24,   476.56
  599.34,   102.63,   601.55
  599.80,   104.03,   726.54
  596.50,   226.21,   475.18
  596.96,   227.60,   600.17
  597.42,   229.00,   725.16
  594.12,   351.18,   473.79
  594.58,   352.57,   598.78
  595.04,   353.97,   723.77
  723.86,   103.61,   476.08
  724.32,   105.01,   601.07
  724.78,   106.40,   726.06
  721.48,   228.58,   474.69
  721.94,   229.98,   599.68
  722.40,   231.37,   724.67
  719.10,   353.55,   473.31
  719.56,   354.95,   598.30
  720.02,   356.34,   723.29
  848.84,   105.99,   475.59
  849.29,   107.38,   600.58
  849.75,   108.78,   725.57
  846.46,   230.96,   474.21
  846.92,   232.35,   599.20
  847.37,   233.75,   724.19
  844.08,   355.93,   472.82
  844.54,   357.32,   597.81
  845.00,   358.72,   722.80
  599.77,   101.25,   599.94
  597.59,   103.27,   724.90
  595.40,   105.30,   849.87
  596.44,   226.19,   597.85
  594.26,   228.21,   722.82
  592.07,   230.24,   847.78
  593.12,   351.12,   595.77
  590.93,   353.15,   720.73
  588.74,   355.18,   845.70
  724.71,   104.61,   602.07
  722.52,   106.64,   727.03
  720.34,   108.66,   852.00
  721.38,   229.55,   599.99
  719.19,   231.58,   724.95
  717.01,   233.60,   849.91
  718.05,   354.49,   597.90
  715.87,   356.51,   722.87
  713.68,   358.54,   847.83
  849.65,   107.97,   604.20
  847.46,   110.00,   729.17
  845.27,   112.03,   854.13
  846.32,   232.91,   602.12
  844.13,   234.94,   727.08
  841.94,   236.97,   852.05
  842.99,   357.85,   600.03
  840.80,   359.88,   725.00
  838.62,   361.90,   849.96
  598.85,   224.75,    98.31
  599.54,   223.03,   223.30
  600.23,   221.30,   348.28
  597.86,   349.74,   100.04
  598.55,   348.01,   225.03
  599.24,   346.29,   350.01
  596.87,   474.72,   101.77
  597.56,   473.00,   226.76
  598.25,   471.27,   351.74
  723.85,   225.75,    97.64
  724.54,   224.03,   222.62
  725.23,   222.31,   347.61
  722.86,   350.74,    99.36
  723.55,   349.01,   224.35
  724.24,   347.29,   349.34
  721.87,   475.72,   101.09
  722.56,   474.00,   226.08
  723.24,   472.27,   351.07
  848.84,   226.75,    96.96
  849.53,   225.03,   221.95
  850.22,   223.31,   346.93
  847.85,   351.74,    98.69
  848.54,   350.01,   223.67
  849.23,   348.29,   348.66
  846.86,   476.72,   100.42
  847.55,   475.00,   225.40
  848.24,   473.27,   350.39
  600.03,   225.53,   225.56
  600.19,   222.02,   350.51
  600.36,   218.51,   475.46
  598.20,   350.46,   229.07
  598.36,   346.95,   354.02
  598.53,   343.45,   478.97
  596.37,   475.40,   232.58
  596.53,   471.89,   357.53
  596.70,   468.38,   482.48
  725.02,   227.36,   225.45
  725.18,   223.85,   350.40
  725.34,   220.34,   475.35
  723.19,   352.30,   228.96
  723.35,   348.79,   353.91
  723.51,   345.28,   478.86
  721.35,   477.23,   232.47
  721.52,   473.73,   357.42
  721.68,   470.22,   482.37
  850.00,   229.19,   225.34
  850.17,   225.69,   350.29
  850.33,   222.18,   475.24
  848.17,   354.13,   228.85
  848.34,   350.62,   353.80
  848.50,   347.11,   478.75
  846.34,   479.07,   232.36
  846.51,   475.56,   357.31
  846.67,   472.05,   482.26
  601.67,   223.19,   351.39
  603.08,   222.70,   476.38
  604.50,   222.20,   601.37
  604.31,   348.16,   351.85
  605.73,   347.67,   476.84
  607.14,   347.17,   601.83
  606.95,   473.13,   352.32
  608.37,   472.64,   477.31
  609.78,   472.14,   602.30
  726.64,   220.56,   349.97
  728.05,   220.06,   474.96
  729.46,   219.57,   599.95
  729.28,   345.53,   350.43
  730.69,   345.03,   475.42
  732.10,   344.54,   600.41
  731.92,   470.50,   350.90
  733.33,   470.00,   475.89
  734.74,   469.51,   600.88
  851.60,   217.92,   348.55
  853.01,   217.43,   473.54
  854.42,   216.93,   598.53
  854.24,   342.89,   349.01
  855.65,   342.40,   474.00
  857.06,   341.90,   598.99
  856.88,   467.86,   349.47
  858.29,   467.37,   474.47
  859.70,   466.87,   599.46
  600.07,   223.83,   473.77
  600.04,   226.94,   598.73
  600.01,   230.06,   723.69
  597.52,   348.76,   470.66
  597.50,   351.88,   595.62
  597.47,   354.99,   720.58
  594.98,   473.70,   467.54
  594.95,   476.81,   592.50
  594.93,   479.93,   717.46
  725.04,   226.37,   473.73
  725.01,   229.48,   598.69
  724.99,   232.60,   723.66
  722.50,   351.30,   470.62
  722.47,   354.42,   595.58
  722.45,   357.53,   720.54
  719.96,   476.24,   467.50
  719.93,   479.35,   592.46
  719.90,   482.47,   717.42
  850.01,   228.91,   473.70
  849.99,   232.03,   598.66
  849.96,   235.14,   723.62
  847.47,   353.85,   470.58
  847.45,   356.96,   595.54
  847.42,   360.08,   720.50
  844.93,   478.78,   467.47
  844.90,   481.90,   592.43
  844.88,   485.01,   717.39
  599.71,   226.65,   600.09
  602.28,   228.17,   725.05
  604.86,   229.70,   850.02
  601.72,   351.62,   598.52
  604.30,   353.14,   723.49
  606.88,   354.67,   848.45
  603.74,   476.59,   596.96
  606.32,   478.12,   721.92
  608.89,   479.64,   846.89
  724.66,   224.60,   597.54
  727.24,   226.12,   722.50
  729.82,   227.65,   847.47
  726.68,   349.57,   595.97
  729.26,   351.10,   720.94
  731.83,   352.62,   845.90
  728.69,   474.55,   594.41
  731.27,   476.07,   719.37
  733.85,   477.60,   844.33
  849.62,   222.55,   594.99
  852.20,   224.08,   719.95
  854.78,   225.60,   844.91
  851.64,   347.53,   593.42
  854.21,   349.05,   718.38
  856.79,   350.58,   843.35
  853.65,   472.50,   591.85
  856.23,   474.02,   716.82
  858.81,   475.55,   841.78
  599.46,   348.82,    98.39
  598.53,   352.24,   223.34
  597.61,   355.67,   348.29
  602.89,   473.72,    95.00
  601.97,   477.15,   219.94
  601.05,   480.58,   344.89
  606.33,   598.63,    91.60
  605.41,   602.06,   216.55
  604.48,   605.48,   341.49
  724.40,   345.41,    99.41
  723.48,   348.83,   224.36
  722.56,   352.26,   349.31
  727.84,   470.31,    96.01
  726.92,   473.74,   220.96
  726.00,   477.17,   345.91
  731.28,   595.22,    92.61
  730.36,   598.65,   217.56
  729.43,   602.07,   342.51
  849.35,   342.00,   100.43
  848.43,   345.42,   225.38
  847.51,   348.85,   350.33
  852.79,   466.90,    97.03
  851.87,   470.33,   221.98
  850.94,   473.75,   346.93
  856.23,   591.81,    93.63
  855.31,   595.23,   218.58
  854.38,   598.66,   343.53
  600.91,   351.19,   223.08
  603.57,   349.89,   348.05
  606.22,   348.59,   473.01
  603.92,   476.15,   224.32
  606.58,   474.85,   349.28
  609.23,   473.55,   474.25
  606.93,   601.11,   225.56
  609.59,   599.81,   350.52
  612.24,   598.50,   475.49
  725.85,   348.21,   220.40
  728.50,   346.91,   345.36
  731.16,   345.61,   470.33
  728.86,   473.17,   221.63
  731.51,   471.87,   346.60
  734.17,   470.56,   471.56
  731.87,   598.13,   222.87
  734.52,   596.82,   347.84
  737.18,   595.52,   472.80
  850.78,   345.23,   217.71
  853.44,   343.93,   342.68
  856.09,   342.62,   467.64
  853.79,   470.19,   218.95
  856.45,   468.88,   343.91
  859.10,   467.58,   468.88
  856.80,   595.15,   220.19
  859.46,   593.84,   345.15
  862.11,   592.54,   470.12
  598.06,   350.42,   351.04
  596.63,   347.76,   476.01
  595.20,   345.09,   600.97
  599.22,   475.39,   353.72
  597.79,   472.72,   478.69
  596.36,   470.06,   603.65
  600.38,   600.35,   356.40
  598.95,   597.69,   481.36
  597.52,   595.02,   606.33
  723.04,   349.23,   352.45
  721.61,   346.57,   477.41
  720.19,   343.90,   602.38
  724.20,   474.20,   355.13
  722.77,   471.53,   480.09
  721.35,   468.87,   605.05
  725.36,   599.16,   357.80
  723.93,   596.50,   482.77
  722.51,   593.83,   607.73
  848.03,   348.04,   353.85
  846.60,   345.37,   478.82
  845.17,   342.71,   603.78
  849.19,   473.01,   356.53
  847.76,   470.34,   481.49
  846.33,   467.68,   606.46
  850.35,   597.97,   359.21
  848.92,   595.31,   484.17
  847.49,   592.64,   609.14
  598.96,   350.08,   474.95
  600.05,   350.80,   599.94
  601.15,   351.52,   724.93
  601.86,   475.04,   474.20
  602.95,   475.76,   599.19
  604.05,   476.49,   724.18
  604.76,   600.00,   473.45
  605.85,   600.73,   598.44
  606.95,   601.45,   723.43
  723.92,   347.17,   473.87
  725.01,   347.89,   598.86
  726.11,   348.62,   723.85
  726.82,   472.13,   473.12
  727.91,   472.86,   598.11
  729.01,   473.58,   723.10
  729.72,   597.10,   472.37
  730.81,   597.82,   597.36
  731.91,   598.55,   722.36
  848.88,   344.26,   472.79
  849.98,   344.99,   597.78
  851.07,   345.71,   722.78
  851.78,   469.23,   472.04
  852.88,   469.95,   597.03
  853.97,   470.68,   722.03
  854.68,   594.19,   471.29
  855.78,   594.92,   596.28
  856.87,   595.64,   721.28
  598.19,   349.38,   599.12
  594.88,   346.36,   724.04
  591.56,   343.35,   848.96
  595.26,   474.31,   602.06
  591.95,   471.29,   726.98
  588.63,   468.28,   851.90
  592.33,   599.24,   605.00
  589.02,   596.23,   729.92
  585.70,   593.21,   854.84
  723.11,   352.23,   602.51
  719.80,   349.21,   727.42
  716.48,   346.20,   852.34
  720.18,   477.16,   605.44
  716.87,   474.14,   730.36
  713.55,   471.13,   855.28
  717.26,   602.09,   608.38
  713.94,   599.07,   733.30
  710.63,   596.06,   858.22
  848.03,   355.08,   605.89
  844.72,   352.06,   730.81
  841.40,   349.05,   855.73
  845.11,   480.01,   608.83
  841.79,   476.99,   733.75
  838.48,   473.98,   858.67
  842.18,   604.94,   611.76
  838.86,   601.92,   736.68
  835.55,   598.91,   861.60
  600.36,   476.90,   100.12
  599.57,   475.99,   225.11
  598.77,   475.08,   350.10
  600.28,   601.90,   101.02
  599.48,   600.99,   226.02
  598.69,   600.08,   351.01
  600.19,   726.89,   101.93
  599.40,   725.98,   226.93
  598.60,   725.07,   351.92
  725.36,   476.98,   100.91
  724.57,   476.07,   225.91
  723.77,   475.16,   350.90
  725.28,   601.97,   101.82
  724.48,   601.06,   226.82
  723.69,   600.15,   351.81
  725.19,   726.97,   102.73
  724.40,   726.06,   227.72
  723.60,   725.15,   352.72
  850.36,   477.06,   101.71
  849.56,   476.15,   226.70
  848.77,   475.24,   351.70
  850.27,   602.05,   102.62
  849.48,   601.14,   227.61
  848.68,   600.23,   352.61
  850.19,   727.05,   103.53
  849.39,   726.14,   228.52
  848.60,   725.23,   353.52
  601.04,   473.46,   226.21
  599.35,   475.10,   351.18
  597.66,   476.74,   476.16
  599.19,   598.43,   224.54
  597.50,   600.07,   349.52
  595.81,   601.72,   474.49
  597.34,   723.41,   222.87
  595.65,   725.05,   347.85
  593.96,   726.69,   472.83
  726.01,   475.33,   227.87
  724.32,   476.97,   352.85
  722.64,   478.61,   477.82
  724.16,   600.30,   226.20
  722.47,   601.95,   351.18
  720.79,   603.59,   476.16
  722.31,   725.28,   224.53
  720.62,   726.92,   349.51
  718.94,   728.56,   474.49
  850.99,   477.20,   229.53
  849.30,   478.84,   354.51
  847.61,   480.48,   479.49
  849.14,   602.17,   227.87
  847.45,   603.82,   352.84
  845.76,   605.46,   477.82
  847.29,   727.15,   226.20
  845.60,   728.79,   351.18
  843.91,   730.44,   476.15
  598.79,   476.83,   350.41
  599.50,   477.76,   475.41
  600.21,   478.69,   600.40
  602.14,   601.78,   349.46
  602.85,   602.71,   474.45
  603.56,   603.65,   599.45
  605.49,   726.73,   348.51
  606.20,   727.66,   473.50
  606.91,   728.60,   598.50
  723.75,   473.47,   349.73
  724.45,   474.41,   474.72
  725.16,   475.34,   599.72
  727.10,   598.42,   348.78
  727.80,   599.36,   473.77
  728.51,   600.29,   598.77
  730.45,   723.38,   347.83
  731.15,   724.31,   472.82
  731.86,   725.24,   597.81
  848.70,   470.12,   349.05
  849.41,   471.05,   474.04
  850.11,   471.98,   599.03
  852.05,   595.07,   348.09
  852.76,   596.00,   473.09
  853.46,   596.93,   598.08
  855.40,   720.02,   347.14
  856.11,   720.95,   472.14
  856.81,   721.89,   597.13
  601.42,   474.92,   474.28
  601.94,   476.05,   599.28
  602.45,   477.19,   724.27
  604.65,   599.88,   473.14
  605.17,   601.01,   598.13
  605.68,   602.14,   723.12
  607.88,   724.83,   471.99
  608.40,   725.96,   596.99
  608.91,   727.09,   721.98
  726.38,   471.69,   473.80
  726.89,   472.82,   598.79
  727.41,   473.95,   723.78
  729.61,   596.64,   472.65
  730.12,   597.77,   597.65
  730.64,   598.91,   722.64
  732.84,   721.60,   471.51
  733.35,   722.73,   596.50
  733.87,   723.86,   721.50
  851.34,   468.46,   473.31
  851.85,   469.59,   598.31
  852.37,   470.72,   723.30
  854.57,   593.41,   472.17
  855.08,   594.54,   597.16
  855.59,   595.67,   722.16
  857.80,   718.36,   471.02
  858.31,   719.49,   596.02
  858.82,   720.62,   721.01
  600.56,   476.94,   598.46
  598.57,   477.88,   723.44
  596.57,   478.81,   848.42
  601.98,   601.93,   597.55
  599.99,   602.87,   722.53
  598.00,   603.80,   847.51
  603.41,   726.92,   596.64
  601.41,   727.85,   721.62
  599.42,   728.79,   846.60
  725.53,   475.54,   600.46
  723.54,   476.47,   725.45
  721.55,   477.40,   850.43
  726.96,   600.52,   599.55
  724.97,   601.46,   724.53
  722.97,   602.39,   849.52
  728.38,   725.51,   598.64
  726.39,   726.45,   723.62
  724.40,   727.38,   848.60
  850.51,   474.13,   602.47
  848.52,   475.06,   727.45
  846.52,   475.99,   852.43
  851.93,   599.11,   601.56
  849.94,   600.05,   726.54
  847.95,   600.98,   851.52
  853.36,   724.10,   600.65
  851.37,   725.04,   725.63
  849.37,   725.97,   850.61
  599.51,   601.35,    99.97
  600.27,   601.29,   224.97
  601.02,   601.23,   349.97
  596.85,   726.32,   100.05
  597.60,   726.26,   225.04
  598.36,   726.20,   350.04
  594.19,   851.29,   100.12
  594.94,   851.23,   225.12
  595.69,   851.17,   350.12
  724.48,   604.01,    99.22
  725.24,   603.95,   224.22
  725.99,   603.89,   349.21
  721.82,   728.99,    99.29
  722.57,   728.93,   224.29
  723.33,   728.87,   349.29
  719.16,   853.96,    99.37
  719.91,   853.90,   224.37
  720.66,   853.84,   349.37
  849.45,   606.68,    98.47
  850.21,   606.62,   223.46
  850.96,   606.56,   348.46
  846.79,   731.65,    98.54
  847.54,   731.59,   223.54
  848.30,   731.53,   348.54
  844.12,   856.62,    98.62
  844.88,   856.56,   223.62
  845.63,   856.50,   348.61
  601.44,   600.66,   224.59
  602.57,   603.38,   349.56
  603.69,   606.09,   474.52
  599.22,   725.62,   221.90
  600.35,   728.33,   346.86
  601.47,   731.04,   471.83
  597.01,   850.57,   219.21
  598.13,   853.28,   344.17
  599.25,   855.99,   469.14
  726.42,   602.86,   223.42
  727.54,   605.57,   348.38
  728.67,   608.28,   473.35
  724.20,   727.81,   220.73
  725.32,   730.52,   345.69
  726.45,   733.24,   470.66
  721.98,   852.76,   218.03
  723.10,   855.47,   343.00
  724.23,   858.19,   467.96
  851.39,   605.05,   222.25
  852.52,   607.77,   347.21
  853.64,   610.48,   472.18
  849.17,   730.00,   219.55
  850.30,   732.72,   344.52
  851.42,   735.43,   469.49
  846.96,   854.96,   216.86
  848.08,   857.67,   341.83
  849.20,   860.38,   466.79
  601.42,   600.14,   349.77
  598.99,   596.51,   474.69
  596.56,   592.88,   599.61
  603.75,   725.07,   353.44
  601.31,   721.44,   478.36
  598.88,   717.81,   603.29
  606.07,   849.99,   357.12
  603.64,   846.36,   482.04
  601.20,   842.73,   606.96
  726.38,   597.75,   352.13
  723.95,   594.12,   477.05
  721.51,   590.49,   601.98
  728.70,   722.67,   355.80
  726.27,   719.04,   480.73
  723.84,   715.41,   605.65
  731.02,   847.60,   359.48
  728.59,   843.97,   484.40
  726.16,   840.34,   609.33
  851.33,   595.36,   354.49
  848.90,   591.73,   479.41
  846.47,   588.10,   604.34
  853.65,   720.28,   358.17
  851.22,   716.65,   483.09
  848.79,   713.02,   608.01
  855.98,   845.21,   361.84
  853.55,   841.58,   486.76
  851.11,   837.95,   611.69
  599.93,   599.16,   474.63
  599.81,   598.92,   599.63
  599.70,   598.67,   724.63
  601.21,   724.16,   474.88
  601.10,   723.91,   599.88
  600.99,   723.66,   724.88
  602.50,   849.15,   475.13
  602.38,   848.90,   600.13
  602.27,   848.65,   725.13
  724.92,   597.88,   474.74
  724.81,   597.63,   599.74
  724.70,   597.38,   724.74
  726.20,   722.87,   474.99
  726.09,   722.62,   599.99
  725.98,   722.38,   724.99
  727.49,   847.86,   475.24
  727.38,   847.62,   600.24
  727.27,   847.37,   725.24
  849.91,   596.59,   474.85
  849.80,   596.35,   599.85
  849.69,   596.10,   724.85
  851.20,   721.59,   475.10
  851.09,   721.34,   600.10
  850.98,   721.09,   725.10
  852.48,   846.58,   475.35
  852.37,   846.33,   600.35
  852.26,   846.08,   725.35
  600.71,   600.87,   599.86
  601.60,   597.67,   724.82
  602.49,   594.48,   849.77
  602.54,   725.82,   603.04
  603.43,   722.62,   728.00
  604.32,   719.42,   852.96
  604.38,   850.76,   606.23
  605.27,   847.56,   731.18
  606.16,   844.37,   856.14
  725.69,   599.06,   598.93
  726.58,   595.86,   723.88
  727.47,   592.66,   848.84
  727.53,   724.00,   602.11
  728.42,   720.81,   727.07
  729.31,   717.61,   852.02
  729.36,   848.95,   605.29
  730.25,   845.75,   730.25
  731.14,   842.56,   855.20
  850.68,   597.25,   597.99
  851.56,   594.05,   722.95
  852.45,   590.85,   847.90
  852.51,   722.19,   601.17
  853.40,   719.00,   726.13
  854.29,   715.80,   851.09
  854.35,   847.14,   604.36
  855.23,   843.94,   729.31
  856.12,   840.74,   854.27
