27, 125, pa2-debug-b-output1.txt
  194.73,   198.25,   203.03
  393.77,   403.67,   204.87
  100.65,    99.23,    99.83
   98.27,   100.86,   224.13
   95.19,   102.48,   349.88
  103.08,   223.76,    97.98
  100.71,   225.52,   222.97
   97.26,   227.24,   347.54
  105.24,   348.77,    96.66
  102.30,   350.75,   220.78
   99.74,   352.22,   346.11
  225.82,    96.85,   102.30
  222.61,    98.59,   226.85
  220.82,   100.77,   351.93
  227.81,   222.22,   100.47
  224.97,   223.24,   225.50
  222.42,   225.05,   350.44
  229.84,   346.73,    98.98
  227.15,   348.14,   223.95
  224.51,   349.86,   348.51
  350.21,    94.74,   105.09
  348.18,    96.35,   229.95
  345.70,    98.62,   355.22
  352.73,   219.59,   103.38
  349.90,   221.82,   228.02
  347.92,   223.15,   353.50
  354.93,   344.86,   101.89
  352.06,   345.96,   226.09
  350.03,   347.65,   351.41
  100.94,    98.87,   224.86
  102.13,   102.35,   349.01
  103.51,   105.86,   474.60
  103.84,   223.20,   220.40
  105.22,   227.60,   345.70
  106.46,   230.56,   470.30
  107.48,   347.94,   216.89
  109.18,   351.78,   342.35
  110.16,   355.68,   466.99
  226.02,    95.21,   223.10
  227.38,    99.31,   348.40
  228.82,   103.05,   473.20
  228.57,   220.50,   219.94
  230.03,   223.60,   344.32
  231.58,   227.74,   469.35
  232.07,   344.66,   215.34
  234.15,   348.30,   340.97
  235.30,   352.90,   465.55
  350.27,    91.74,   221.58
  352.44,    95.28,   346.62
  353.48,    99.40,   472.26
  353.69,   216.59,   217.74
  355.54,   220.34,   343.06
  356.94,   224.15,   467.69
  357.35,   341.57,   214.91
  358.87,   345.63,   339.16
  360.00,   349.63,   464.06
   98.67,    99.90,   351.04
   98.22,    97.56,   475.70
   97.10,    94.21,   600.37
   95.40,   225.18,   353.91
   95.37,   222.55,   478.64
   94.54,   219.54,   603.81
   93.18,   350.31,   357.06
   92.72,   347.29,   481.72
   92.04,   343.70,   606.61
  223.59,   102.87,   350.97
  223.01,    99.91,   475.81
  222.42,    96.48,   601.15
  220.51,   227.58,   354.82
  220.31,   224.79,   479.56
  219.57,   221.52,   604.18
  218.35,   352.41,   357.88
  217.37,   349.35,   482.57
  217.01,   346.73,   607.71
  348.40,   105.87,   351.62
  347.49,   101.93,   476.37
  347.34,    99.01,   601.78
  345.82,   230.44,   354.93
  344.99,   227.18,   479.72
  344.83,   223.77,   605.11
  343.02,   355.18,   357.89
  342.94,   351.83,   482.71
  342.14,   348.92,   608.26
  100.19,   102.25,   475.21
   98.87,   102.38,   600.39
   97.42,   102.18,   724.88
  102.32,   227.40,   474.35
   99.96,   227.54,   599.55
   99.01,   227.50,   724.29
  103.82,   351.63,   474.57
  102.31,   351.98,   599.75
  100.87,   351.87,   724.93
  224.91,   100.37,   476.49
  223.29,   100.27,   601.26
  221.79,   100.23,   726.70
  226.69,   224.96,   476.46
  225.38,   225.07,   601.69
  223.95,   225.94,   726.25
  228.45,   350.51,   475.98
  226.73,   350.02,   600.96
  225.19,   350.96,   725.82
  350.55,    98.51,   477.91
  349.07,    98.66,   602.72
  347.55,    98.75,   728.16
  351.61,   223.65,   477.96
  350.39,   224.12,   602.85
  348.95,   223.78,   727.66
  354.04,   348.14,   477.79
  351.84,   348.39,   602.44
  350.90,   348.55,   727.35
   99.94,   100.94,   601.39
  101.37,   103.26,   726.60
  101.74,   105.69,   851.06
  102.72,   224.90,   598.42
  103.71,   227.97,   723.60
  105.01,   230.72,   848.18
  105.09,   350.38,   595.41
  105.96,   352.98,   720.89
  107.61,   355.57,   845.82
  224.70,    97.31,   600.22
  226.39,   101.06,   725.52
  226.95,   103.39,   850.37
  227.15,   223.11,   597.54
  228.75,   225.24,   721.83
  230.08,   228.63,   846.98
  230.28,   347.79,   595.01
  230.93,   350.17,   719.42
  232.62,   353.26,   844.22
  350.10,    94.81,   598.88
  351.00,    97.89,   723.86
  352.13,   100.69,   848.97
  352.74,   220.23,   596.70
  353.43,   222.62,   720.81
  354.67,   225.91,   845.71
  355.19,   345.25,   593.29
  356.27,   347.93,   718.50
  357.38,   350.45,   843.62
  100.55,   224.10,   101.27
   99.11,   221.19,   225.96
   98.90,   218.19,   350.72
   98.20,   349.04,   103.83
   96.55,   345.86,   228.68
   95.81,   343.33,   354.39
   94.95,   474.18,   107.18
   94.02,   470.81,   231.73
   93.22,   468.57,   357.29
  225.90,   227.58,   102.05
  224.77,   224.12,   226.93
  223.81,   221.42,   351.87
  222.43,   352.43,   105.03
  222.31,   349.08,   229.61
  221.23,   345.99,   354.64
  219.77,   476.96,   108.06
  219.21,   473.95,   233.23
  217.70,   470.53,   358.53
  350.80,   229.79,   103.58
  349.81,   227.12,   228.10
  348.69,   223.64,   352.84
  347.94,   354.93,   106.21
  346.92,   351.82,   230.98
  345.49,   348.43,   356.55
  345.36,   479.90,   108.98
  343.72,   476.67,   234.06
  343.32,   473.97,   359.61
   99.68,   225.25,   224.32
  100.19,   227.77,   349.56
  101.77,   229.41,   474.03
   97.56,   350.62,   222.74
   99.01,   352.76,   347.75
   99.85,   354.25,   472.42
   95.53,   475.30,   220.37
   97.41,   476.88,   345.47
   97.67,   479.21,   470.35
  224.64,   226.55,   223.21
  225.39,   229.38,   348.40
  226.09,   230.55,   473.33
  222.43,   351.83,   221.08
  223.24,   353.68,   346.58
  224.93,   356.44,   471.46
  220.31,   476.59,   218.71
  222.32,   479.33,   344.12
  223.07,   480.82,   468.91
  349.31,   228.56,   221.82
  350.27,   231.15,   347.11
  351.23,   232.62,   472.26
  347.06,   353.15,   219.80
  348.77,   355.98,   344.99
  350.26,   357.50,   470.05
  345.37,   478.99,   217.66
  347.17,   480.91,   342.55
  347.79,   482.40,   467.99
   98.98,   224.43,   350.25
   96.67,   225.47,   475.17
   93.75,   226.81,   600.20
  100.46,   349.80,   349.28
   98.25,   350.71,   474.86
   95.42,   351.05,   599.41
  102.49,   474.67,   348.88
   99.77,   476.00,   474.10
   96.85,   476.80,   599.07
  224.59,   223.64,   352.54
  222.01,   224.01,   477.68
  219.29,   225.37,   602.75
  225.68,   348.31,   351.71
  223.46,   349.25,   477.42
  220.37,   350.41,   602.40
  227.14,   473.36,   351.87
  224.62,   474.26,   476.69
  221.92,   475.11,   601.04
  349.09,   222.04,   355.57
  347.06,   223.15,   480.09
  344.56,   223.57,   605.10
  350.78,   347.03,   355.19
  348.58,   347.86,   479.81
  345.81,   348.36,   604.94
  352.26,   471.96,   353.62
  349.63,   472.83,   478.49
  346.70,   473.57,   603.77
  101.69,   223.75,   475.26
  100.98,   226.19,   600.01
   98.87,   228.80,   725.83
  103.97,   348.09,   472.92
  102.36,   350.89,   597.98
  100.67,   354.42,   722.85
  104.99,   473.49,   469.67
  103.65,   475.88,   594.75
  103.12,   478.95,   720.19
  226.72,   221.71,   477.10
  225.48,   224.83,   601.58
  224.29,   227.17,   726.82
  228.99,   346.32,   473.69
  227.27,   349.20,   599.06
  226.37,   352.19,   723.76
  230.65,   471.73,   471.26
  229.40,   474.73,   596.07
  227.96,   476.79,   721.09
  351.54,   220.01,   478.21
  350.97,   223.24,   603.05
  349.48,   225.48,   727.55
  353.23,   344.54,   475.31
  351.82,   347.59,   600.12
  351.44,   350.97,   725.04
  355.42,   469.83,   472.23
  354.18,   472.48,   597.44
  352.98,   475.44,   722.12
  101.58,   225.75,   598.47
  103.82,   227.96,   723.67
  106.63,   229.71,   848.06
   97.60,   351.01,   596.47
  100.88,   352.68,   720.97
  103.61,   354.69,   846.33
   94.88,   475.77,   594.38
   97.39,   477.48,   719.44
  100.56,   479.39,   844.46
  225.88,   228.86,   595.09
  229.47,   231.49,   720.88
  232.09,   232.84,   845.45
  222.76,   354.32,   593.52
  225.32,   355.51,   718.47
  228.28,   358.00,   843.78
  219.96,   479.26,   591.35
  222.00,   480.70,   716.23
  224.63,   482.73,   841.39
  351.52,   231.96,   592.43
  353.61,   234.72,   717.95
  356.58,   236.99,   842.54
  347.77,   356.80,   591.10
  350.96,   359.43,   715.82
  352.99,   360.98,   840.68
  344.06,   481.74,   588.30
  347.22,   484.51,   713.95
  350.30,   486.26,   838.67
   98.61,   349.58,   100.68
  101.27,   347.88,   225.97
  104.02,   346.88,   351.40
   98.93,   474.31,   102.02
  101.09,   473.44,   226.90
  104.00,   472.29,   352.24
   98.69,   599.88,   103.32
  101.54,   598.51,   228.26
  104.16,   597.21,   352.85
  223.65,   349.81,    98.41
  226.39,   348.11,   223.70
  228.37,   347.68,   348.64
  223.83,   474.57,    99.43
  226.11,   473.75,   224.58
  228.66,   472.70,   349.30
  224.10,   599.73,   100.68
  226.40,   598.46,   225.89
  228.35,   597.63,   351.17
  349.20,   349.19,    96.01
  351.14,   348.91,   220.74
  353.69,   347.33,   345.78
  348.83,   474.65,    96.89
  350.87,   473.70,   221.87
  353.77,   471.86,   347.04
  348.92,   600.06,    98.23
  350.87,   598.42,   223.21
  353.31,   597.23,   348.19
   99.35,   351.10,   224.48
   96.01,   354.55,   349.59
   92.79,   357.49,   474.63
   98.93,   476.33,   221.42
   96.26,   479.53,   346.18
   92.32,   482.58,   471.67
   99.33,   601.81,   218.24
   96.65,   604.34,   343.81
   92.74,   607.66,   468.40
  223.99,   351.25,   228.43
  220.55,   354.74,   353.07
  217.30,   357.51,   478.02
  224.49,   476.47,   224.46
  220.54,   479.42,   349.82
  217.69,   482.96,   474.58
  224.38,   601.66,   221.28
  221.31,   603.98,   346.77
  217.77,   607.73,   472.05
  349.02,   351.73,   231.20
  346.16,   354.42,   355.84
  342.35,   357.59,   481.36
  348.68,   475.88,   228.14
  346.03,   479.68,   353.05
  342.30,   482.30,   477.88
  349.06,   601.22,   224.78
  345.99,   603.86,   350.34
  342.57,   607.64,   475.21
  101.00,   351.38,   351.45
   98.32,   354.25,   476.14
   94.81,   357.58,   601.39
   99.88,   475.52,   347.76
   96.83,   479.12,   472.82
   93.11,   482.48,   597.45
   98.33,   601.17,   344.87
   95.16,   604.37,   469.80
   91.93,   607.32,   594.69
  225.98,   352.87,   354.16
  222.63,   355.79,   479.11
  219.56,   359.18,   603.63
  224.35,   477.81,   350.65
  221.84,   480.54,   475.46
  218.19,   484.44,   600.47
  222.93,   602.88,   347.51
  219.87,   605.89,   472.16
  216.81,   608.93,   597.37
  351.08,   353.71,   356.74
  348.32,   356.94,   481.87
  344.56,   360.76,   606.99
  349.65,   478.68,   353.27
  346.41,   482.50,   478.54
  343.21,   485.72,   603.47
  347.95,   603.87,   350.01
  344.73,   607.10,   475.72
  341.44,   610.97,   600.65
  100.85,   350.27,   475.97
   98.01,   353.65,   601.08
   94.00,   356.74,   726.13
  102.16,   475.07,   473.25
   98.93,   478.88,   598.01
   95.73,   482.63,   722.98
  103.34,   599.47,   469.69
  100.34,   603.30,   594.65
   96.40,   606.98,   718.91
  225.98,   348.82,   480.41
  222.75,   352.73,   604.40
  218.71,   356.39,   730.00
  227.58,   473.61,   476.31
  223.73,   477.32,   601.79
  220.68,   481.17,   725.77
  229.12,   598.84,   473.36
  224.88,   602.60,   597.69
  221.65,   606.28,   723.11
  351.02,   348.23,   483.33
  347.60,   351.23,   608.74
  343.54,   355.02,   733.46
  352.73,   472.91,   480.38
  348.93,   476.44,   605.44
  345.27,   479.53,   730.07
  354.06,   597.24,   476.13
  350.47,   601.29,   601.80
  346.86,   604.30,   726.50
   98.55,   350.00,   600.93
   99.10,   351.01,   725.50
  100.12,   352.05,   850.77
   98.50,   474.68,   599.78
   99.21,   475.65,   724.42
  100.06,   476.41,   849.77
   99.23,   599.02,   598.37
   99.80,   600.91,   723.40
  100.47,   601.64,   848.64
  222.81,   349.02,   599.91
  223.80,   350.58,   724.53
  225.07,   351.46,   849.39
  223.54,   474.27,   598.68
  224.40,   475.06,   723.17
  225.62,   476.21,   848.24
  223.59,   599.43,   597.53
  224.36,   600.41,   722.34
  225.33,   600.85,   847.09
  348.22,   349.35,   599.36
  349.40,   350.19,   724.22
  350.12,   351.06,   848.81
  348.17,   474.01,   598.26
  349.62,   474.58,   723.14
  350.10,   475.68,   848.19
  349.33,   598.79,   596.66
  349.50,   599.62,   721.38
  350.07,   601.32,   846.82
   99.93,   475.52,   101.32
   96.25,   476.47,   226.29
   92.96,   477.07,   351.86
  103.66,   601.17,   100.88
   99.82,   601.74,   226.42
   96.81,   602.81,   350.57
  107.07,   726.32,   100.56
  103.82,   726.50,   224.89
  100.57,   727.13,   350.73
  224.57,   472.03,   104.98
  221.32,   472.93,   229.28
  218.64,   473.75,   355.05
  228.12,   597.55,   104.13
  225.15,   598.00,   229.04
  222.03,   598.60,   353.84
  231.98,   722.03,   103.19
  228.43,   723.02,   228.65
  226.15,   723.46,   353.18
  349.77,   468.44,   107.59
  346.64,   469.71,   233.19
  343.15,   469.84,   357.96
  353.39,   593.78,   107.57
  349.60,   594.37,   232.43
  346.85,   595.12,   356.84
  357.02,   718.24,   106.71
  353.33,   718.85,   231.66
  350.25,   720.09,   356.06
  101.88,   473.78,   224.94
  104.25,   471.27,   349.61
  106.94,   468.91,   474.64
   98.66,   598.39,   227.62
  101.48,   596.09,   352.01
  103.66,   593.65,   477.49
   95.73,   723.30,   230.14
   98.10,   720.98,   354.71
  100.78,   718.80,   479.07
  226.80,   476.18,   222.22
  229.69,   474.43,   347.65
  232.17,   472.59,   472.72
  223.78,   601.16,   224.51
  226.54,   599.66,   350.22
  229.51,   596.98,   475.10
  220.92,   726.92,   227.28
  223.33,   724.11,   351.73
  225.44,   721.83,   477.34
  351.41,   479.80,   220.27
  354.43,   477.80,   344.86
  356.97,   475.56,   470.10
  348.71,   605.30,   222.37
  350.85,   602.29,   347.63
  353.90,   600.79,   472.49
  345.80,   730.10,   224.36
  348.03,   727.61,   349.44
  350.54,   725.02,   474.03
   99.86,   475.94,   348.57
  101.24,   473.08,   473.01
  102.54,   470.07,   597.71
   99.50,   600.56,   351.03
  101.31,   598.30,   475.95
  102.78,   594.85,   601.17
   99.08,   725.86,   353.67
  101.57,   722.80,   478.70
  102.40,   720.29,   603.85
  224.75,   476.24,   346.36
  225.84,   473.21,   471.05
  227.72,   470.54,   596.39
  224.32,   600.55,   349.41
  225.79,   598.01,   473.87
  227.42,   595.08,   599.18
  224.26,   725.90,   352.56
  225.95,   722.74,   477.66
  228.18,   719.91,   602.18
  349.71,   476.38,   344.78
  350.75,   472.92,   469.90
  353.32,   470.55,   594.47
  349.47,   600.65,   347.59
  350.65,   597.71,   472.82
  352.40,   595.50,   597.90
  348.99,   725.57,   350.69
  351.00,   723.19,   475.56
  352.38,   720.02,   600.77
   97.83,   474.85,   476.63
   99.47,   471.24,   601.69
   99.38,   467.78,   727.31
  101.25,   599.37,   480.76
  102.07,   596.91,   605.67
  102.75,   592.92,   730.37
  104.20,   724.38,   483.51
  105.49,   721.15,   608.33
  105.93,   718.06,   734.07
  223.07,   472.06,   475.99
  223.59,   467.98,   601.02
  224.21,   465.34,   725.94
  226.21,   596.88,   479.47
  227.48,   593.51,   604.42
  227.44,   589.44,   729.58
  229.79,   721.23,   482.59
  230.45,   717.84,   608.20
  231.57,   714.29,   732.73
  348.60,   468.78,   475.56
  349.12,   465.39,   599.79
  349.75,   461.60,   725.52
  351.08,   593.46,   478.80
  352.09,   590.12,   603.59
  353.25,   586.79,   728.65
  354.78,   718.37,   481.90
  354.96,   714.67,   607.31
  356.07,   711.33,   731.46
  100.05,   475.69,   599.68
   96.83,   476.29,   724.66
   93.12,   477.49,   850.22
  102.49,   600.97,   599.32
   99.22,   601.19,   723.96
   96.24,   602.10,   849.18
  104.76,   725.64,   598.57
  100.99,   725.99,   723.76
   98.08,   727.41,   848.79
  225.19,   473.45,   602.80
  221.83,   474.47,   727.89
  218.32,   474.38,   853.11
  227.49,   598.17,   602.37
  224.49,   599.57,   727.52
  220.85,   599.54,   852.34
  229.30,   723.37,   601.64
  226.59,   723.85,   727.18
  223.61,   724.91,   851.92
  350.24,   471.23,   606.80
  346.48,   471.67,   731.57
  343.91,   472.74,   856.75
  352.00,   596.24,   605.64
  348.63,   597.01,   731.00
  345.50,   597.72,   855.89
  355.05,   721.65,   605.41
  351.74,   721.69,   730.30
  348.26,   722.48,   855.38
   98.77,   600.79,    97.61
   98.26,   604.83,   223.00
   97.25,   608.10,   347.48
   95.53,   726.13,    94.66
   95.13,   730.13,   219.12
   94.68,   732.93,   344.22
   92.75,   851.05,    90.52
   91.61,   854.99,   215.20
   91.05,   858.13,   340.51
  223.57,   603.96,    98.93
  222.99,   607.56,   223.78
  222.02,   611.38,   348.60
  221.10,   729.64,    95.44
  220.28,   733.37,   219.68
  219.78,   736.88,   345.06
  217.42,   854.53,    91.44
  216.66,   857.51,   216.52
  216.55,   861.20,   340.93
  348.42,   607.64,    99.37
  348.30,   611.36,   224.49
  347.51,   615.11,   348.78
  346.01,   732.73,    95.19
  345.09,   736.30,   221.01
  344.45,   740.03,   345.84
  342.71,   857.63,    91.74
  341.95,   860.63,   217.39
  341.03,   864.29,   342.30
  100.53,   600.59,   224.45
  103.58,   597.94,   349.00
  106.50,   595.95,   474.24
  100.83,   725.13,   226.92
  104.40,   723.27,   351.50
  107.58,   720.58,   476.67
  101.24,   850.05,   229.17
  104.41,   848.62,   353.90
  108.19,   846.13,   478.42
  225.20,   600.16,   220.68
  228.40,   597.49,   345.82
  232.28,   595.60,   471.17
  225.78,   724.87,   223.53
  229.65,   722.59,   348.55
  232.21,   720.69,   473.21
  226.02,   849.97,   226.01
  229.33,   848.28,   350.12
  232.74,   845.92,   475.05
  350.31,   599.44,   218.24
  353.64,   597.80,   342.84
  356.63,   595.22,   468.05
  350.98,   724.45,   219.72
  353.70,   722.52,   344.53
  357.44,   720.36,   469.93
  350.85,   849.82,   222.63
  355.02,   847.33,   347.54
  358.39,   845.34,   472.23
  100.94,   597.71,   350.58
  103.32,   595.54,   475.73
  106.23,   592.48,   600.08
  103.97,   722.71,   353.70
  106.63,   720.35,   478.47
  109.04,   716.93,   602.96
  106.69,   847.78,   356.22
  108.79,   845.34,   480.78
  111.15,   841.50,   606.56
  226.62,   595.12,   347.49
  228.74,   592.18,   472.53
  230.82,   589.60,   598.05
  229.12,   719.84,   351.09
  231.73,   717.60,   475.33
  234.12,   714.23,   601.06
  231.80,   845.27,   354.32
  234.20,   842.35,   478.89
  236.55,   838.75,   603.70
  351.20,   592.12,   345.91
  353.70,   589.17,   470.32
  355.94,   586.86,   595.61
  354.39,   717.74,   348.60
  355.78,   714.74,   473.41
  358.71,   711.05,   598.79
  356.53,   842.71,   351.33
  359.09,   839.31,   476.46
  361.38,   836.59,   601.23
  100.07,   599.84,   476.91
   96.98,   596.97,   601.46
   94.08,   593.90,   727.09
   99.92,   724.44,   479.88
   96.24,   722.40,   604.91
   93.91,   719.42,   729.64
   98.64,   849.73,   482.79
   95.80,   847.17,   607.32
   92.97,   844.62,   732.02
  225.74,   600.97,   480.01
  222.69,   597.89,   604.55
  219.79,   594.46,   729.38
  224.49,   725.58,   483.01
  221.64,   722.25,   607.42
  219.08,   719.95,   732.40
  224.22,   850.10,   485.70
  221.38,   847.97,   610.57
  217.76,   844.50,   735.16
  350.65,   601.35,   482.88
  347.62,   598.72,   607.97
  343.93,   595.76,   732.38
  349.18,   726.25,   485.38
  346.23,   722.84,   610.52
  343.74,   720.53,   735.06
  348.87,   850.78,   488.35
  345.99,   848.19,   613.14
  343.14,   845.51,   738.07
  101.23,   602.10,   601.84
   97.36,   603.27,   726.82
   94.89,   603.74,   851.76
  104.00,   726.95,   600.63
  101.27,   727.52,   725.45
   97.94,   729.44,   850.58
  106.86,   851.73,   598.78
  104.11,   852.51,   723.69
  101.03,   854.20,   848.90
  225.91,   598.51,   605.09
  222.42,   599.43,   729.56
  219.50,   601.37,   854.96
  229.30,   723.82,   603.37
  225.39,   724.74,   728.14
  222.37,   725.64,   852.96
  232.42,   848.04,   602.58
  229.40,   849.73,   727.14
  225.81,   851.05,   851.83
  350.41,   595.07,   607.32
  347.73,   597.02,   732.77
  344.82,   598.02,   858.12
  353.77,   720.01,   606.94
  350.49,   721.87,   731.24
  347.83,   722.37,   856.73
  356.91,   845.43,   605.41
  353.54,   847.01,   730.37
  351.31,   848.08,   855.27
  223.83,    98.71,    98.94
  219.96,    97.86,   224.11
  217.18,    97.59,   348.99
  222.31,   223.65,    98.93
  218.25,   222.44,   224.55
  214.87,   222.82,   348.85
  220.04,   348.43,    99.05
  217.23,   347.85,   224.50
  213.53,   347.78,   349.03
  349.14,    99.80,   101.99
  345.28,   100.06,   227.47
  341.80,    99.37,   351.59
  347.32,   224.57,   102.80
  343.22,   224.75,   227.37
  339.78,   223.72,   352.10
  345.28,   350.20,   103.07
  342.26,   349.24,   227.49
  338.03,   349.57,   352.77
  474.07,   101.62,   105.14
  470.63,   101.13,   230.17
  466.72,   100.88,   355.27
  471.83,   226.88,   106.32
  468.59,   226.16,   231.02
  464.88,   225.84,   355.98
  470.12,   351.35,   106.27
  466.46,   350.80,   231.74
  462.97,   350.72,   356.54
  223.43,   100.60,   227.07
  219.92,   100.08,   352.12
  216.98,    99.23,   476.81
  225.20,   225.25,   227.57
  221.73,   225.67,   352.62
  218.79,   224.27,   477.55
  227.57,   350.67,   227.58
  223.96,   350.64,   353.33
  221.37,   349.46,   477.68
  348.52,    98.53,   229.73
  345.03,    97.77,   355.39
  341.45,    97.95,   479.59
  350.48,   223.39,   230.28
  346.79,   222.91,   355.16
  343.52,   222.46,   480.48
  352.12,   348.40,   231.31
  349.06,   348.12,   356.11
  345.78,   347.52,   480.72
  472.60,    96.66,   233.31
  470.21,    95.89,   357.96
  466.80,    94.96,   483.23
  475.34,   221.72,   233.26
  471.96,   220.27,   358.37
  469.37,   220.25,   483.99
  477.59,   346.54,   233.98
  474.29,   346.01,   359.50
  471.24,   345.09,   484.24
  226.89,   100.10,   351.77
  225.11,    97.01,   476.27
  224.27,    93.24,   601.53
  224.47,   225.09,   355.22
  223.31,   221.91,   479.52
  221.91,   218.82,   604.47
  221.86,   349.81,   357.83
  220.80,   346.72,   483.34
  219.68,   343.81,   608.15
  351.03,   101.73,   352.80
  350.09,    98.53,   477.71
  349.10,    95.39,   603.00
  349.40,   227.04,   356.12
  348.66,   223.94,   480.42
  347.04,   220.84,   605.79
  347.13,   351.53,   358.87
  346.02,   348.61,   483.80
  345.58,   345.14,   608.84
  476.82,   103.94,   353.22
  475.86,   101.14,   478.85
  474.37,    97.78,   603.57
  474.17,   229.13,   357.02
  473.02,   226.23,   481.87
  472.68,   222.35,   607.22
  472.02,   353.94,   360.22
  471.39,   351.25,   484.84
  470.01,   347.82,   609.88
  224.76,   100.02,   476.76
  224.77,    97.05,   602.07
  224.80,    94.32,   726.44
  222.78,   225.29,   479.55
  222.82,   222.66,   604.64
  222.96,   218.99,   729.89
  220.19,   350.38,   482.63
  220.54,   347.03,   607.62
  219.75,   343.87,   732.45
  349.47,   102.69,   477.12
  350.48,    99.93,   602.05
  349.95,    96.30,   727.01
  347.06,   227.65,   480.18
  347.70,   224.97,   604.72
  347.87,   221.33,   730.03
  345.34,   352.28,   483.07
  345.44,   349.56,   607.49
  345.53,   346.22,   732.36
  474.74,   104.73,   476.96
  475.43,   102.51,   601.98
  474.70,    99.08,   726.79
  471.85,   230.54,   479.44
  472.26,   227.47,   604.29
  472.54,   223.84,   729.34
  469.52,   355.34,   483.05
  470.37,   352.14,   607.71
  470.46,   348.83,   732.97
  224.24,    99.15,   598.88
  228.43,    97.55,   723.65
  231.23,    95.20,   848.59
  228.19,   224.56,   600.28
  231.34,   222.10,   726.02
  234.74,   220.56,   850.93
  230.80,   349.54,   602.86
  233.79,   347.07,   727.26
  237.77,   345.10,   852.87
  349.39,    96.59,   595.49
  352.90,    94.00,   719.97
  355.81,    91.77,   845.53
  353.04,   221.09,   597.57
  355.60,   219.33,   722.47
  359.38,   216.82,   846.86
  355.67,   346.01,   599.67
  359.38,   344.74,   724.20
  361.92,   341.89,   849.55
  474.85,    93.09,   591.45
  478.04,    91.57,   716.56
  481.38,    89.66,   841.36
  477.90,   218.07,   593.71
  481.00,   216.75,   718.52
  484.44,   214.07,   843.37
  480.65,   343.02,   595.94
  484.15,   340.76,   720.58
  487.35,   339.57,   845.36
  223.65,   226.73,   101.30
  224.74,   222.44,   226.08
  224.74,   218.74,   350.80
  227.70,   351.30,   105.20
  227.71,   347.87,   229.47
  228.92,   344.10,   354.76
  231.43,   476.09,   108.43
  232.06,   472.38,   233.21
  232.64,   469.29,   358.79
  349.04,   223.44,   100.98
  348.90,   219.76,   225.09
  350.14,   215.95,   350.86
  352.62,   348.16,   103.81
  352.52,   343.77,   229.63
  353.56,   340.28,   354.01
  355.56,   472.57,   107.77
  357.05,   468.57,   232.73
  357.17,   465.62,   357.64
  474.19,   219.24,    99.90
  474.14,   215.94,   225.39
  474.59,   211.65,   350.15
  477.54,   343.97,   103.52
  477.50,   341.02,   228.98
  478.73,   336.48,   353.11
  480.86,   469.33,   107.72
  481.28,   465.28,   232.19
  482.21,   462.06,   357.58
  224.88,   226.25,   225.87
  228.08,   224.47,   350.19
  230.21,   222.16,   475.46
  226.36,   350.70,   227.15
  228.75,   348.94,   352.87
  232.07,   347.24,   477.40
  228.56,   475.58,   228.98
  230.21,   474.08,   354.45
  233.36,   471.87,   479.53
  350.44,   224.42,   222.95
  352.88,   222.74,   348.27
  354.82,   220.18,   473.19
  351.86,   349.34,   225.24
  354.27,   347.71,   350.38
  356.60,   345.15,   475.18
  353.06,   475.06,   227.39
  355.47,   472.16,   351.71
  358.07,   470.45,   476.76
  475.30,   223.00,   220.34
  477.54,   221.52,   345.41
  479.67,   219.15,   470.18
  476.37,   348.65,   222.91
  479.06,   345.92,   347.96
  481.97,   344.50,   472.00
  477.90,   473.06,   224.39
  480.18,   471.06,   349.28
  483.04,   468.98,   473.93
  223.53,   226.14,   348.45
  220.42,   224.96,   473.41
  216.34,   223.53,   598.43
  223.80,   352.03,   349.37
  219.99,   349.54,   474.55
  217.02,   348.06,   599.90
  223.97,   476.52,   351.28
  220.23,   474.65,   476.60
  217.26,   473.29,   601.12
  348.23,   225.99,   351.47
  345.50,   224.45,   476.75
  341.24,   223.03,   601.24
  348.45,   351.63,   353.28
  345.24,   349.99,   478.01
  341.56,   348.17,   603.49
  348.60,   476.06,   354.75
  345.59,   474.73,   480.30
  342.27,   473.09,   604.53
  473.29,   225.88,   355.45
  470.19,   223.93,   480.08
  466.70,   222.41,   605.31
  473.97,   351.05,   356.88
  470.49,   349.71,   482.24
  466.47,   347.58,   606.22
  473.71,   476.19,   358.42
  470.02,   474.48,   483.34
  466.70,   472.49,   608.41
  223.95,   223.27,   473.59
  220.64,   222.50,   598.80
  216.76,   221.75,   724.07
  221.74,   348.27,   474.57
  218.50,   347.65,   599.80
  214.88,   346.98,   724.07
  219.55,   473.62,   475.00
  215.95,   472.62,   600.42
  212.80,   471.98,   725.13
  348.50,   225.99,   477.21
  345.89,   224.91,   602.17
  341.57,   224.30,   727.21
  346.28,   351.55,   477.74
  343.44,   350.55,   603.13
  339.54,   349.74,   728.07
  344.08,   476.14,   478.70
  340.64,   474.95,   603.82
  337.44,   473.88,   728.91
  473.34,   228.18,   480.71
  470.67,   227.19,   605.26
  467.17,   227.29,   730.83
  470.88,   352.96,   481.52
  468.43,   352.17,   606.56
  464.17,   351.88,   731.26
  468.57,   478.53,   481.92
  465.83,   477.42,   607.53
  462.61,   476.60,   732.09
  226.03,   224.74,   598.28
  228.62,   222.11,   723.49
  232.03,   218.50,   848.04
  223.90,   349.66,   601.85
  227.50,   346.81,   726.76
  230.34,   343.51,   852.00
  222.04,   474.53,   605.24
  226.20,   471.85,   729.48
  229.31,   468.40,   854.30
  350.51,   227.10,   595.16
  353.70,   223.71,   720.67
  356.97,   220.10,   844.95
  348.84,   351.38,   598.36
  351.95,   348.71,   723.01
  355.33,   345.89,   847.96
  347.10,   476.24,   601.71
  350.89,   473.93,   726.50
  354.45,   470.63,   851.24
  475.16,   228.54,   591.92
  478.51,   225.74,   717.31
  481.81,   222.58,   842.22
  473.94,   353.68,   595.62
  477.19,   350.13,   720.03
  480.09,   347.33,   845.32
  471.98,   478.37,   598.14
  475.90,   474.86,   723.55
  479.38,   472.16,   848.23
  223.41,   349.08,   100.89
  222.40,   346.01,   225.61
  221.71,   342.80,   351.13
  225.07,   474.36,   104.08
  224.36,   470.44,   228.98
  223.72,   467.52,   354.01
  227.29,   598.57,   107.66
  226.31,   595.88,   232.52
  225.93,   591.97,   357.98
  348.42,   347.73,   102.09
  348.21,   344.44,   227.05
  346.89,   340.86,   351.09
  350.27,   472.69,   104.93
  349.81,   469.06,   230.45
  348.30,   465.78,   355.22
  351.74,   597.31,   108.69
  351.14,   593.89,   233.06
  350.91,   590.01,   358.27
  473.09,   345.75,   101.91
  472.78,   342.16,   227.27
  471.69,   338.86,   352.03
  474.77,   470.43,   106.02
  474.00,   467.22,   230.30
  474.02,   464.27,   355.51
  476.87,   595.51,   109.10
  475.75,   592.55,   234.05
  475.45,   589.12,   358.84
  226.06,   348.93,   223.99
  228.29,   350.67,   348.84
  230.30,   352.76,   474.11
  226.58,   473.57,   222.38
  229.16,   475.57,   347.30
  231.28,   477.51,   472.11
  227.60,   599.01,   220.33
  229.09,   600.77,   344.94
  231.97,   603.27,   470.15
  351.42,   348.32,   221.38
  354.00,   350.50,   347.00
  355.71,   352.79,   472.09
  352.03,   473.56,   219.58
  354.21,   475.35,   344.54
  356.45,   477.31,   469.97
  352.07,   598.34,   218.40
  354.14,   600.81,   343.21
  356.58,   601.89,   468.25
  476.03,   347.64,   219.28
  478.32,   349.84,   344.76
  480.56,   351.69,   469.49
  477.40,   472.82,   217.29
  479.14,   475.21,   342.32
  481.25,   477.12,   467.90
  476.98,   598.10,   216.16
  479.59,   600.14,   341.21
  481.85,   602.23,   465.26
  226.45,   348.78,   351.38
  223.95,   348.03,   476.50
  222.31,   348.29,   601.77
  222.79,   473.53,   351.29
  220.87,   473.84,   476.72
  219.08,   472.98,   601.13
  220.34,   598.89,   352.01
  218.23,   598.56,   476.65
  215.90,   598.32,   601.87
  351.32,   352.07,   353.43
  349.19,   351.63,   478.50
  347.57,   351.53,   603.07
  348.21,   476.21,   353.75
  345.91,   476.61,   478.18
  344.07,   476.66,   603.57
  344.56,   601.70,   354.04
  342.97,   601.15,   478.17
  341.13,   601.55,   604.00
  475.59,   354.92,   354.95
  474.35,   355.00,   480.55
  472.00,   354.63,   604.58
  472.92,   479.99,   354.94
  470.95,   479.83,   479.87
  469.19,   479.82,   605.69
  470.22,   604.69,   355.57
  467.80,   605.03,   480.53
  466.11,   604.39,   605.83
  224.52,   348.00,   473.20
  223.90,   348.86,   597.87
  223.50,   349.46,   722.76
  221.51,   473.62,   472.17
  221.79,   473.80,   597.25
  221.38,   474.78,   722.05
  219.79,   598.19,   471.30
  219.90,   599.07,   596.24
  219.07,   600.38,   721.25
  349.19,   350.55,   473.13
  348.94,   350.93,   598.08
  348.28,   352.38,   723.44
  346.97,   474.79,   472.41
  346.47,   475.69,   597.26
  346.27,   477.13,   723.05
  344.94,   599.90,   472.09
  344.53,   600.79,   596.71
  344.69,   601.82,   722.18
  473.72,   352.01,   473.26
  473.61,   353.22,   598.38
  473.31,   353.84,   723.34
  472.42,   477.52,   473.00
  471.27,   478.18,   597.86
  471.58,   479.23,   722.99
  469.87,   602.14,   472.30
  469.26,   603.15,   597.23
  469.39,   604.40,   722.03
  225.02,   348.97,   600.94
  228.30,   345.90,   725.81
  230.86,   343.85,   851.41
  225.92,   473.77,   603.63
  228.51,   471.22,   728.94
  232.01,   468.37,   853.63
  225.70,   598.96,   606.43
  229.53,   595.96,   731.01
  232.52,   594.09,   856.74
  350.36,   348.53,   597.82
  352.48,   345.64,   723.09
  355.71,   343.32,   848.24
  350.88,   473.44,   601.26
  353.07,   471.30,   726.32
  356.60,   467.78,   850.37
  351.34,   598.07,   603.11
  354.28,   595.64,   728.17
  357.11,   593.07,   853.46
  474.49,   347.90,   594.90
  477.83,   345.63,   720.63
  480.38,   342.54,   845.44
  475.67,   472.76,   598.35
  478.07,   469.79,   722.61
  481.05,   468.07,   847.34
  476.39,   597.44,   600.49
  479.50,   594.79,   725.47
  481.79,   592.82,   850.03
  225.24,   475.05,    98.87
  223.70,   471.98,   224.14
  223.14,   468.90,   348.93
  228.19,   599.97,   101.96
  227.27,   597.13,   227.26
  226.20,   594.66,   351.64
  231.78,   724.76,   104.92
  230.62,   722.22,   229.33
  230.32,   719.29,   354.97
  350.29,   471.31,    99.50
  349.48,   469.03,   224.89
  348.14,   465.80,   350.05
  352.97,   596.58,   103.02
  352.35,   593.40,   227.65
  351.86,   590.38,   352.50
  356.69,   720.94,   105.24
  355.71,   718.33,   230.21
  355.48,   716.09,   355.53
  474.39,   468.40,   101.05
  474.20,   465.60,   225.70
  473.00,   462.04,   350.42
  478.64,   593.06,   103.00
  477.13,   589.90,   228.33
  476.42,   587.16,   353.25
  482.01,   717.82,   106.61
  480.90,   715.41,   231.04
  480.11,   712.58,   355.91
  223.23,   473.93,   224.90
  226.33,   470.77,   349.41
  228.86,   468.05,   474.15
  225.70,   598.55,   227.11
  228.20,   595.92,   352.47
  231.20,   592.98,   477.25
  228.23,   723.60,   229.76
  231.16,   720.29,   354.42
  233.30,   718.40,   479.81
  347.88,   470.78,   222.22
  351.35,   468.72,   346.69
  353.34,   465.87,   471.92
  350.22,   595.84,   224.65
  353.32,   593.67,   349.73
  355.83,   591.11,   474.79
  353.35,   721.54,   226.62
  355.53,   718.39,   351.83
  358.15,   715.98,   476.87
  472.84,   468.52,   219.59
  475.73,   466.35,   343.74
  478.36,   463.58,   469.24
  475.81,   593.69,   221.80
  478.27,   591.01,   346.65
  480.74,   588.16,   471.84
  477.74,   718.96,   224.84
  480.72,   716.42,   349.11
  483.27,   713.90,   474.11
  225.15,   476.06,   348.18
  223.70,   475.31,   473.47
  221.39,   473.44,   598.74
  225.73,   601.27,   349.85
  224.06,   599.81,   474.73
  222.80,   598.27,   599.25
  227.03,   726.53,   350.79
  225.92,   725.31,   476.52
  224.36,   723.57,   600.77
  349.56,   475.23,   349.95
  348.41,   473.30,   474.59
  346.24,   472.17,   599.94
  350.72,   600.30,   351.31
  349.33,   598.67,   476.49
  348.09,   597.72,   601.34
  351.97,   725.37,   352.76
  350.48,   723.43,   477.74
  348.98,   722.80,   602.69
  474.59,   473.77,   351.67
  473.08,   472.46,   477.07
  471.22,   471.14,   601.21
  475.80,   599.20,   352.88
  474.40,   597.47,   478.02
  472.82,   596.47,   602.74
  477.46,   724.31,   354.07
  476.12,   722.05,   479.48
  474.09,   721.58,   603.93
  225.40,   476.34,   474.12
  229.18,   477.65,   598.67
  233.42,   478.94,   724.29
  224.22,   601.38,   472.27
  227.85,   602.71,   598.09
  231.08,   604.23,   722.74
  222.10,   726.66,   471.60
  226.04,   727.49,   595.86
  229.31,   728.95,   721.17
  350.70,   478.16,   470.11
  354.06,   479.41,   594.93
  357.65,   481.07,   719.73
  348.54,   603.15,   468.68
  352.94,   605.18,   594.31
  355.84,   605.89,   718.72
  347.23,   728.73,   467.65
  350.32,   730.15,   592.31
  354.08,   731.14,   717.68
  476.06,   479.91,   466.39
  479.14,   482.14,   591.04
  482.77,   483.55,   716.56
  473.46,   605.59,   465.74
  477.09,   606.59,   590.24
  480.62,   608.35,   715.27
  472.06,   730.46,   463.64
  475.49,   731.60,   588.48
  479.39,   732.66,   714.29
  227.07,   473.64,   600.22
  229.82,   470.68,   724.38
  233.50,   467.64,   849.71
  228.54,   599.05,   602.83
  231.37,   595.95,   727.54
  235.15,   592.81,   852.43
  230.70,   723.63,   605.51
  233.89,   720.64,   731.01
  236.33,   717.98,   855.75
  351.93,   472.45,   596.83
  354.86,   469.44,   721.13
  357.70,   466.13,   846.19
  353.51,   596.89,   599.41
  356.86,   594.25,   724.48
  359.31,   590.97,   849.38
  355.18,   721.91,   602.99
  358.08,   718.86,   727.25
  361.59,   716.18,   852.54
  476.87,   470.47,   593.72
  480.18,   467.38,   718.74
  483.06,   464.35,   843.42
  478.11,   595.95,   596.64
  481.71,   592.84,   721.56
  484.65,   588.85,   846.77
  480.65,   720.64,   599.18
  483.47,   716.99,   724.13
  486.68,   714.58,   849.79
  224.21,   598.57,   101.28
  227.65,   596.17,   226.64
  231.44,   593.85,   351.29
  227.26,   723.42,   104.35
  230.40,   721.29,   228.72
  234.32,   718.49,   353.98
  230.00,   848.84,   106.48
  233.32,   845.62,   231.41
  236.66,   843.51,   356.57
  349.27,   595.71,    97.82
  352.64,   592.94,   223.46
  356.49,   590.84,   348.48
  352.67,   721.11,   100.72
  355.96,   717.95,   225.97
  358.70,   715.89,   350.24
  355.00,   845.60,   103.32
  359.16,   843.28,   227.86
  362.36,   841.05,   352.66
  474.59,   592.81,    94.93
  477.58,   590.57,   219.24
  480.89,   588.05,   345.07
  477.66,   717.79,    97.25
  481.04,   715.47,   221.74
  483.64,   712.71,   347.37
  480.60,   842.38,    99.93
  483.63,   840.25,   224.74
  486.58,   837.49,   349.33
  223.88,   600.93,   223.63
  227.87,   603.71,   348.74
  231.47,   606.84,   473.92
  228.07,   725.10,   220.97
  231.23,   729.01,   345.43
  234.72,   731.70,   470.21
  230.84,   850.11,   217.44
  235.19,   853.40,   342.49
  238.71,   856.78,   466.86
  349.02,   596.93,   220.90
  353.11,   599.84,   345.96
  356.25,   603.57,   470.21
  352.93,   721.60,   217.56
  356.27,   725.01,   342.67
  359.45,   728.50,   467.27
  356.48,   847.09,   214.10
  359.56,   850.15,   338.70
  363.74,   853.47,   463.66
  473.67,   593.54,   217.53
  477.86,   596.21,   342.09
  481.10,   600.06,   466.50
  477.15,   717.95,   213.71
  481.58,   721.38,   338.82
  485.11,   724.40,   463.73
  480.93,   843.12,   210.55
  484.84,   846.15,   335.57
  488.45,   849.29,   460.23
  226.05,   599.24,   350.73
  228.93,   602.13,   475.78
  231.82,   604.88,   600.69
  224.85,   723.66,   348.18
  227.91,   726.92,   473.21
  231.13,   729.60,   597.25
  223.62,   848.61,   345.35
  227.20,   851.58,   470.16
  230.29,   854.29,   595.00
  351.41,   600.25,   347.47
  353.85,   602.59,   472.46
  357.25,   606.16,   597.16
  350.25,   725.20,   345.16
  353.01,   727.61,   469.73
  356.32,   730.61,   594.13
  348.69,   849.63,   341.50
  352.15,   852.55,   467.12
  355.26,   855.82,   591.19
  476.17,   600.59,   344.94
  478.80,   603.87,   469.46
  481.77,   606.31,   594.02
  475.25,   725.50,   341.67
  478.27,   728.40,   466.53
  481.55,   732.11,   591.82
  474.15,   850.40,   338.46
  476.59,   854.01,   463.78
  480.52,   856.32,   588.72
  224.62,   598.71,   476.52
  221.67,   597.99,   601.44
  219.02,   596.87,   726.25
  221.14,   724.39,   477.53
  218.03,   723.45,   601.55
  215.24,   721.89,   726.71
  217.25,   849.15,   477.63
  214.69,   848.11,   603.17
  211.86,   847.15,   728.01
  349.74,   602.83,   479.20
  347.14,   601.48,   603.68
  343.94,   600.21,   728.84
  345.67,   727.31,   480.37
  342.73,   726.75,   604.81
  340.38,   725.74,   730.26
  343.02,   852.61,   480.74
  339.63,   852.07,   606.08
  336.35,   850.99,   731.35
  474.82,   606.54,   481.75
  471.13,   605.27,   606.90
  469.08,   603.73,   732.10
  471.23,   731.47,   483.17
  467.86,   730.09,   608.17
  465.33,   729.40,   733.28
  467.85,   856.46,   483.85
  464.36,   855.24,   608.85
  461.96,   854.34,   733.47
  226.49,   601.15,   601.36
  224.97,   601.09,   726.52
  223.54,   602.19,   852.06
  228.13,   725.71,   600.89
  227.23,   726.48,   726.32
  225.48,   726.76,   851.16
  230.21,   850.44,   600.25
  228.82,   851.89,   725.55
  227.31,   852.26,   850.16
  352.18,   598.77,   602.89
  350.66,   600.26,   727.84
  348.70,   600.19,   853.45
  353.63,   724.17,   602.89
  351.79,   724.37,   727.60
  350.50,   725.65,   852.65
  354.91,   848.99,   601.76
  353.64,   850.32,   727.16
  352.00,   850.28,   851.62
  477.14,   597.67,   604.54
  475.11,   598.51,   729.87
  473.71,   598.93,   854.37
  478.61,   722.82,   604.32
  476.97,   723.80,   729.24
  475.66,   724.31,   853.78
  479.85,   847.23,   603.12
  478.03,   848.40,   727.99
  477.47,   849.01,   853.00
  349.42,    98.21,   101.06
  351.10,   101.75,   225.97
  353.03,   105.07,   351.14
  348.40,   223.76,    98.41
  350.52,   226.51,   223.46
  353.11,   229.76,   347.80
  348.40,   348.59,    94.78
  350.55,   351.48,   219.31
  351.87,   354.98,   344.71
  474.05,    99.39,    99.67
  476.21,   101.96,   224.24
  477.99,   105.88,   348.80
  473.22,   223.48,    95.75
  475.22,   227.53,   220.53
  477.96,   230.04,   345.47
  472.77,   348.57,    92.43
  474.62,   352.42,   217.90
  477.34,   355.12,   342.57
  598.76,    99.43,    97.19
  600.89,   102.88,   222.12
  603.56,   106.22,   347.21
  598.76,   224.92,    94.03
  601.01,   227.72,   219.19
  602.30,   231.21,   343.78
  598.43,   349.31,    90.19
  599.59,   352.89,   215.41
  602.00,   356.10,   340.40
  349.92,    98.38,   224.29
  353.22,    94.80,   349.07
  356.78,    91.43,   473.54
  348.33,   223.66,   227.30
  351.31,   219.71,   352.49
  355.14,   216.18,   477.39
  346.36,   348.92,   230.60
  349.41,   345.47,   356.03
  353.37,   341.88,   481.04
  474.59,   100.74,   220.25
  478.55,    96.56,   345.09
  481.64,    93.41,   470.46
  473.27,   225.03,   224.37
  476.49,   221.85,   349.25
  480.01,   217.84,   473.43
  470.91,   350.08,   227.44
  474.61,   346.26,   351.91
  478.37,   342.83,   476.76
  599.59,   102.44,   217.19
  602.56,    99.07,   341.61
  606.85,    94.70,   466.84
  597.43,   227.42,   220.82
  601.36,   223.66,   345.62
  604.72,   220.23,   470.11
  596.50,   351.55,   223.65
  599.28,   348.32,   348.28
  603.34,   345.10,   473.84
  350.29,   100.98,   349.47
  353.37,   102.34,   475.40
  357.30,   103.62,   600.04
  349.40,   225.38,   348.32
  352.96,   227.94,   473.44
  357.31,   229.01,   598.55
  350.00,   351.25,   346.85
  353.09,   352.89,   471.90
  356.34,   353.74,   596.51
  474.87,   101.30,   346.38
  478.15,   103.07,   471.29
  482.16,   104.39,   596.65
  475.01,   225.83,   344.81
  478.46,   227.37,   469.80
  481.66,   228.98,   594.48
  474.84,   351.27,   343.06
  477.89,   352.74,   468.10
  481.59,   353.86,   592.72
  599.66,   100.99,   342.75
  603.33,   103.13,   467.97
  607.39,   103.87,   592.33
  600.14,   226.43,   341.32
  603.46,   227.90,   465.90
  607.01,   229.69,   591.25
  599.37,   350.94,   339.41
  602.71,   352.75,   464.11
  606.68,   354.26,   589.87
  349.95,    99.07,   473.57
  354.32,    96.07,   598.29
  357.75,    91.88,   723.11
  353.45,   224.55,   477.00
  356.91,   220.30,   601.60
  360.06,   216.64,   726.83
  355.49,   349.25,   480.68
  358.76,   345.61,   605.12
  363.06,   341.48,   730.01
  475.79,    96.99,   470.09
  479.39,    93.17,   594.72
  482.85,    89.55,   719.74
  478.14,   221.51,   473.09
  481.70,   218.50,   598.02
  485.41,   214.91,   722.61
  480.11,   347.12,   476.43
  483.96,   342.90,   601.70
  487.28,   339.44,   726.92
  599.90,    94.75,   466.27
  603.94,    90.59,   591.31
  607.90,    86.87,   716.22
  602.59,   219.61,   469.22
  606.65,   215.93,   594.53
  609.74,   211.95,   719.45
  605.65,   344.23,   473.52
  609.45,   340.91,   597.81
  612.77,   336.89,   723.12
  348.70,   100.44,   599.05
  348.34,   101.70,   723.79
  346.95,   103.28,   849.31
  352.71,   225.01,   597.63
  351.90,   226.61,   722.26
  350.10,   228.43,   847.85
  355.74,   349.66,   595.18
  354.88,   351.49,   720.62
  354.10,   353.92,   845.22
  473.62,    96.43,   600.61
  473.21,    98.37,   725.55
  471.64,   100.19,   850.27
  477.07,   221.72,   598.44
  476.72,   223.03,   723.86
  475.18,   224.70,   848.68
  481.20,   346.75,   596.48
  480.27,   347.83,   721.45
  478.77,   349.71,   846.27
  598.73,    93.44,   601.02
  598.08,    95.07,   726.05
  596.46,    96.59,   851.63
  602.35,   217.64,   599.71
  601.05,   220.36,   724.70
  600.77,   221.50,   849.96
  606.33,   343.48,   597.95
  605.44,   345.14,   723.23
  603.73,   346.58,   848.15
  348.38,   226.00,   100.60
  348.70,   223.13,   225.23
  350.25,   220.85,   350.15
  349.27,   350.91,   102.37
  349.76,   348.61,   227.48
  350.89,   346.23,   352.35
  350.33,   476.27,   104.65
  350.95,   473.91,   229.81
  351.75,   471.26,   354.47
  473.79,   225.50,    99.92
  474.38,   223.02,   224.14
  474.80,   220.10,   349.96
  474.65,   349.92,   102.09
  474.63,   347.42,   227.00
  476.13,   345.01,   351.85
  475.12,   474.89,   104.14
  476.39,   472.35,   229.62
  476.42,   470.85,   354.39
  598.70,   224.09,    99.21
  598.86,   221.43,   223.82
  600.00,   219.81,   348.54
  599.32,   349.40,   101.51
  600.42,   346.68,   226.15
  600.34,   345.02,   350.88
  600.23,   474.39,   103.84
  600.96,   471.82,   228.69
  601.25,   470.05,   353.61
  351.64,   225.84,   223.70
  348.82,   223.51,   348.54
  346.06,   219.61,   473.36
  353.50,   351.11,   227.30
  350.34,   348.45,   351.79
  347.84,   344.56,   477.35
  355.32,   475.95,   230.12
  352.51,   473.36,   355.26
  349.94,   469.57,   480.58
  475.72,   224.88,   226.25
  474.02,   221.57,   351.11
  470.95,   217.88,   476.34
  478.25,   349.12,   229.15
  475.55,   346.54,   354.16
  473.71,   343.42,   479.44
  479.73,   474.39,   232.69
  477.16,   471.07,   357.38
  475.62,   468.43,   482.92
  601.33,   222.41,   228.86
  599.20,   219.37,   353.21
  596.19,   215.76,   478.95
  602.97,   347.57,   232.24
  600.18,   344.75,   356.90
  598.02,   341.21,   481.21
  604.68,   472.82,   235.15
  602.34,   468.75,   359.63
  600.07,   466.35,   485.08
  348.79,   223.17,   348.21
  349.96,   221.88,   472.72
  351.88,   219.83,   597.69
  348.88,   348.27,   349.88
  350.65,   347.16,   474.79
  351.69,   345.16,   599.44
  350.10,   473.55,   351.17
  350.41,   472.23,   476.29
  352.05,   470.36,   601.57
  474.26,   223.70,   347.39
  475.58,   221.26,   471.74
  476.97,   220.39,   596.94
  474.10,   348.75,   348.27
  475.10,   346.46,   473.84
  477.01,   345.25,   598.84
  475.03,   473.31,   349.86
  475.92,   471.86,   475.02
  477.31,   470.33,   600.57
  599.23,   223.45,   346.06
  599.96,   221.91,   470.35
  601.26,   220.13,   596.01
  599.02,   347.65,   347.74
  600.39,   346.85,   472.81
  602.16,   344.95,   597.10
  599.90,   472.59,   348.86
  601.12,   471.10,   473.50
  601.59,   469.62,   599.42
  348.44,   223.84,   475.01
  348.63,   225.46,   600.30
  347.85,   227.18,   725.35
  348.47,   349.01,   473.70
  348.05,   350.58,   598.23
  348.07,   352.33,   723.12
  348.31,   473.17,   471.75
  348.09,   475.77,   596.28
  347.71,   476.81,   721.53
  473.87,   223.84,   475.08
  473.35,   225.95,   600.65
  472.77,   227.62,   725.56
  473.06,   348.64,   473.15
  472.62,   351.05,   598.14
  472.78,   352.75,   723.51
  472.52,   473.78,   471.57
  472.27,   476.04,   596.25
  472.07,   477.13,   721.71
  598.62,   224.45,   475.21
  597.92,   226.24,   600.26
  598.08,   227.54,   725.82
  598.49,   349.09,   474.19
  598.29,   350.75,   599.08
  597.41,   353.36,   724.08
  597.59,   473.93,   472.24
  598.01,   475.77,   597.31
  597.06,   477.69,   721.63
  349.43,   224.20,   598.91
  351.67,   227.22,   724.18
  353.77,   229.89,   848.52
  348.85,   349.92,   596.53
  350.91,   351.53,   721.07
  352.56,   354.02,   846.66
  347.80,   474.58,   594.03
  349.42,   477.09,   719.24
  352.51,   479.17,   843.52
  474.41,   225.78,   596.97
  476.39,   228.10,   721.70
  478.71,   230.49,   846.54
  473.72,   350.66,   594.01
  476.16,   353.30,   719.01
  477.46,   355.27,   844.08
  472.50,   475.08,   591.86
  474.82,   477.74,   716.75
  477.31,   480.34,   841.44
  598.79,   226.08,   593.94
  601.27,   228.60,   719.30
  604.11,   231.58,   844.73
  598.16,   350.86,   591.85
  600.90,   353.39,   717.09
  603.35,   356.39,   841.41
  597.52,   476.46,   589.14
  600.24,   478.30,   714.69
  602.49,   481.10,   839.73
  352.26,   349.35,   100.76
  353.79,   347.45,   225.03
  355.93,   345.58,   350.59
  351.35,   474.40,   102.46
  353.94,   472.53,   227.59
  355.84,   470.66,   352.01
  351.96,   599.06,   103.63
  353.55,   597.30,   228.81
  355.25,   595.91,   353.59
  476.40,   349.31,    98.71
  478.70,   347.72,   223.66
  481.29,   345.52,   347.96
  477.04,   474.15,    99.77
  478.62,   472.40,   225.49
  480.49,   470.39,   349.95
  476.16,   599.76,   101.71
  478.10,   597.28,   226.79
  480.53,   595.60,   352.12
  601.76,   349.30,    96.04
  603.54,   348.32,   220.78
  605.67,   345.98,   346.40
  601.81,   474.52,    98.41
  603.25,   472.64,   222.86
  606.05,   470.97,   347.89
  601.80,   599.55,    99.77
  603.99,   598.16,   224.78
  605.87,   596.38,   349.84
  350.17,   349.29,   222.92
  349.31,   350.01,   348.15
  348.21,   351.09,   472.79
  350.84,   474.53,   222.45
  350.45,   475.12,   347.46
  349.38,   476.72,   472.58
  352.97,   599.42,   221.62
  351.77,   599.91,   345.82
  350.46,   601.42,   470.90
  475.46,   347.58,   223.86
  473.83,   349.06,   349.13
  473.34,   349.66,   473.77
  476.38,   473.34,   222.93
  475.75,   473.77,   347.82
  474.11,   475.47,   472.65
  477.72,   598.25,   222.38
  476.87,   599.24,   346.93
  476.11,   599.79,   472.19
  600.22,   346.88,   224.78
  599.13,   347.65,   349.98
  598.10,   349.24,   475.24
  601.29,   471.46,   224.48
  600.77,   472.86,   348.95
  599.11,   473.32,   473.72
  602.24,   596.54,   223.22
  601.75,   598.16,   347.88
  600.79,   598.50,   473.18
  351.42,   348.00,   349.67
  350.28,   345.61,   474.45
  347.86,   342.82,   600.23
  355.46,   473.25,   352.43
  353.85,   470.36,   477.39
  351.79,   467.77,   602.84
  358.53,   597.73,   355.39
  357.26,   595.68,   480.13
  355.06,   592.87,   605.32
  476.69,   344.23,   351.92
  474.36,   341.24,   476.20
  472.96,   339.24,   601.03
  479.74,   469.68,   354.24
  478.89,   466.79,   478.96
  476.46,   463.94,   604.23
  483.33,   593.85,   356.41
  482.09,   591.65,   481.94
  480.53,   588.92,   606.51
  600.98,   340.95,   353.50
  599.70,   337.70,   478.00
  598.48,   335.04,   602.47
  605.42,   465.08,   356.22
  603.33,   462.60,   480.52
  601.35,   459.78,   606.06
  608.54,   590.49,   358.93
  607.39,   588.15,   483.16
  605.18,   585.41,   608.20
  351.00,   349.49,   475.96
  348.93,   345.70,   601.14
  347.25,   342.93,   725.89
  354.36,   474.18,   479.05
  352.28,   471.49,   604.13
  350.42,   468.03,   729.52
  356.39,   599.05,   482.94
  354.96,   596.18,   607.71
  353.09,   592.26,   732.29
  476.81,   347.21,   477.61
  474.34,   342.96,   602.71
  472.79,   339.58,   727.47
  478.73,   471.51,   481.39
  476.89,   468.38,   606.32
  474.90,   464.62,   730.63
  482.20,   596.45,   484.43
  479.70,   592.79,   609.64
  477.98,   589.39,   734.34
  601.01,   343.85,   479.85
  599.26,   340.31,   605.01
  597.04,   337.25,   729.28
  603.76,   468.69,   483.47
  601.75,   465.72,   607.72
  600.16,   462.51,   733.04
  606.45,   593.66,   486.93
  605.08,   590.70,   611.78
  603.21,   586.59,   736.00
  349.98,   349.11,   601.26
  346.41,   345.48,   725.53
  343.19,   342.78,   850.49
  349.60,   473.53,   603.77
  346.06,   470.20,   729.08
  342.81,   467.45,   853.66
  349.69,   599.17,   607.16
  346.56,   595.48,   731.79
  342.76,   592.48,   857.38
  475.13,   348.52,   604.18
  470.95,   345.78,   728.65
  468.32,   342.28,   854.26
  474.45,   474.26,   607.18
  471.74,   470.91,   732.11
  468.08,   468.10,   857.20
  474.73,   598.57,   610.59
  471.16,   595.81,   735.49
  467.76,   592.40,   860.27
  599.28,   348.67,   607.66
  596.66,   345.50,   731.89
  593.18,   342.47,   856.84
  599.70,   473.52,   610.61
  595.86,   470.62,   735.39
  593.31,   467.47,   860.61
  599.33,   598.65,   613.66
  596.62,   595.64,   738.21
  593.20,   592.37,   863.58
  349.09,   475.47,   102.24
  351.52,   474.87,   226.90
  354.23,   474.56,   351.43
  351.75,   600.83,   102.02
  354.35,   599.58,   226.80
  357.37,   599.71,   351.90
  355.78,   725.43,   103.13
  358.03,   724.56,   227.59
  360.61,   724.33,   352.71
  474.22,   471.87,    99.05
  476.71,   472.32,   224.14
  478.99,   471.28,   349.19
  477.19,   597.05,    99.62
  479.80,   597.25,   225.14
  482.54,   596.56,   350.16
  480.64,   722.40,   100.18
  482.46,   721.93,   225.14
  485.78,   721.13,   350.47
  599.03,   468.80,    97.13
  601.21,   469.19,   222.25
  603.52,   468.70,   346.65
  601.77,   593.92,    97.29
  604.95,   593.22,   222.41
  607.11,   593.64,   347.31
  604.72,   719.03,    97.79
  607.67,   718.52,   222.13
  610.63,   718.23,   347.45
  350.17,   475.82,   225.42
  350.52,   476.91,   350.62
  351.08,   477.83,   475.50
  347.04,   600.54,   224.16
  347.14,   601.81,   349.15
  347.93,   602.99,   474.73
  343.46,   725.27,   223.46
  344.00,   727.13,   348.60
  344.32,   727.47,   472.86
  475.77,   479.14,   224.82
  476.20,   480.48,   349.96
  476.02,   481.10,   474.77
  472.30,   604.54,   223.81
  472.24,   605.52,   349.28
  472.38,   606.33,   473.54
  468.32,   729.23,   222.49
  468.70,   730.25,   348.03
  469.33,   731.03,   473.26
  600.25,   482.27,   224.01
  600.86,   483.58,   349.55
  601.19,   485.09,   474.18
  596.92,   607.48,   223.96
  597.68,   608.21,   348.63
  597.34,   609.30,   473.47
  593.91,   732.17,   222.58
  593.92,   733.75,   347.54
  594.02,   734.56,   472.74
  349.07,   474.84,   348.59
  350.49,   472.34,   473.04
  351.71,   470.78,   598.35
  351.79,   599.71,   349.84
  352.61,   598.05,   475.15
  354.35,   596.06,   600.29
  353.92,   725.08,   352.51
  355.83,   723.21,   476.77
  356.94,   720.81,   602.10
  474.20,   472.12,   346.81
  475.59,   470.52,   471.63
  476.91,   468.10,   596.58
  476.28,   597.00,   349.29
  478.14,   595.56,   473.65
  479.71,   592.95,   598.77
  479.10,   721.94,   350.49
  480.63,   719.97,   476.09
  481.64,   718.29,   601.05
  598.62,   469.56,   345.07
  600.28,   467.73,   470.48
  602.18,   465.94,   595.46
  601.43,   594.72,   347.25
  602.50,   592.70,   472.23
  604.61,   590.65,   597.24
  604.10,   719.26,   349.41
  605.59,   717.63,   474.08
  607.29,   715.29,   599.03
  348.94,   475.82,   474.61
  351.59,   472.96,   599.12
  353.79,   469.83,   724.81
  345.28,   601.03,   477.49
  348.76,   597.51,   602.60
  351.34,   594.73,   727.29
  342.50,   725.64,   480.84
  345.20,   722.93,   606.35
  347.69,   719.87,   730.54
  473.62,   479.99,   471.60
  476.08,   476.15,   597.30
  479.41,   473.19,   722.26
  470.22,   604.82,   475.56
  473.07,   601.74,   600.11
  475.33,   598.11,   725.11
  467.51,   729.82,   477.98
  470.28,   725.70,   603.46
  472.12,   723.48,   728.14
  598.65,   482.93,   469.57
  601.19,   479.90,   594.49
  603.58,   476.30,   719.36
  595.93,   607.76,   472.69
  598.49,   604.37,   597.77
  600.74,   601.97,   722.41
  592.41,   732.84,   476.07
  594.98,   729.65,   600.84
  597.85,   726.36,   725.31
  351.68,   475.23,   601.43
  348.78,   478.98,   726.76
  345.32,   482.69,   851.61
  349.77,   600.40,   597.97
  346.88,   603.32,   723.40
  344.22,   607.38,   848.11
  348.46,   725.02,   595.03
  345.44,   728.39,   719.80
  343.09,   732.11,   844.48
  476.19,   476.48,   604.19
  472.91,   480.55,   729.00
  470.12,   483.29,   854.19
  474.71,   601.53,   601.55
  472.21,   605.41,   725.58
  469.24,   608.78,   850.77
  473.42,   726.97,   598.15
  470.27,   729.92,   722.96
  467.98,   733.16,   847.32
  601.15,   478.13,   607.30
  598.25,   481.65,   732.43
  595.01,   484.64,   856.97
  599.51,   603.07,   604.50
  596.82,   606.38,   728.83
  593.93,   609.94,   853.58
  599.22,   727.69,   601.14
  595.49,   731.37,   725.78
  592.78,   734.41,   850.91
  350.44,   601.61,   100.27
  347.52,   601.45,   225.05
  345.15,   601.23,   350.04
  349.72,   726.50,   100.08
  346.35,   726.35,   224.95
  343.98,   726.90,   349.92
  347.68,   851.28,   100.18
  345.08,   851.77,   225.19
  343.11,   851.52,   350.66
  475.65,   602.78,   103.55
  473.34,   602.38,   228.45
  470.56,   603.09,   353.67
  474.63,   727.68,   103.28
  471.73,   727.44,   228.13
  468.57,   727.77,   353.07
  473.46,   852.60,   103.13
  470.43,   852.44,   227.81
  468.10,   852.36,   352.55
  600.90,   603.77,   106.38
  597.50,   603.79,   231.38
  595.63,   604.50,   355.52
  599.48,   728.96,   106.38
  596.84,   729.40,   231.32
  594.30,   728.61,   355.75
  597.81,   853.86,   105.94
  594.83,   853.83,   231.14
  592.99,   854.05,   356.09
  349.73,   601.39,   225.49
  352.50,   601.34,   350.64
  354.51,   601.91,   475.80
  349.38,   726.62,   225.34
  351.22,   726.71,   349.81
  353.23,   726.86,   475.08
  349.10,   851.33,   224.40
  351.16,   851.47,   349.70
  353.22,   852.43,   474.49
  475.27,   601.83,   223.90
  477.53,   602.88,   348.18
  479.11,   602.97,   473.35
  474.91,   726.66,   222.65
  476.15,   727.44,   348.51
  478.30,   727.54,   473.49
  473.87,   851.66,   223.09
  475.36,   852.91,   347.48
  477.85,   852.56,   472.60
  600.20,   603.12,   221.35
  601.74,   602.91,   346.41
  604.30,   603.17,   470.93
  599.06,   727.76,   220.87
  601.78,   728.21,   346.37
  603.53,   728.84,   471.45
  598.71,   852.65,   220.34
  600.47,   853.12,   345.64
  602.78,   853.65,   471.05
  350.37,   599.79,   350.94
  349.87,   600.23,   476.18
  349.70,   600.92,   601.53
  353.36,   724.62,   350.62
  352.57,   725.68,   475.35
  351.64,   726.17,   599.84
  356.00,   849.40,   349.61
  355.46,   849.84,   474.29
  355.02,   851.20,   599.34
  474.76,   596.88,   352.06
  474.91,   597.75,   476.76
  474.20,   598.44,   601.52
  477.50,   721.92,   350.32
  477.28,   722.60,   475.67
  476.96,   723.47,   600.16
  480.47,   846.14,   349.32
  480.15,   847.55,   474.32
  479.70,   848.01,   599.66
  599.77,   593.98,   351.73
  599.50,   594.49,   476.60
  599.64,   595.88,   601.76
  602.99,   718.52,   351.47
  602.40,   719.66,   475.97
  602.24,   720.79,   600.80
  605.26,   844.01,   350.19
  605.66,   844.86,   474.57
  604.54,   845.66,   600.10
  350.63,   601.30,   473.79
  351.20,   598.97,   598.29
  352.25,   597.31,   724.25
  351.15,   726.07,   476.00
  352.00,   724.44,   601.02
  353.52,   722.16,   725.53
  352.57,   851.53,   477.02
  353.57,   849.62,   602.32
  354.41,   847.59,   727.47
  475.67,   600.49,   472.43
  476.49,   598.03,   597.51
  477.61,   596.38,   722.37
  476.43,   725.33,   474.46
  476.99,   723.55,   599.27
  478.18,   722.05,   724.75
  476.95,   849.97,   476.32
  478.11,   848.47,   601.19
  479.55,   847.11,   725.93
  600.09,   598.93,   471.57
  601.49,   597.70,   596.06
  602.95,   596.06,   721.63
  601.36,   724.07,   473.34
  602.85,   722.08,   598.12
  603.07,   720.95,   722.83
  602.30,   849.09,   475.29
  603.52,   847.91,   600.42
  604.56,   845.51,   725.10
  351.41,   601.52,   598.74
  350.32,   601.85,   723.97
  348.72,   602.52,   848.97
  354.38,   726.33,   598.63
  352.83,   726.74,   723.17
  351.48,   727.34,   848.40
  357.01,   851.38,   597.61
  355.56,   851.62,   722.67
  354.16,   852.65,   848.23
  476.75,   598.96,   600.90
  474.83,   599.02,   725.68
  473.23,   599.54,   850.64
  479.25,   723.19,   599.60
  477.39,   723.88,   724.64
  476.47,   725.30,   850.00
  481.60,   848.91,   599.89
  480.25,   849.43,   724.38
  478.39,   849.48,   849.37
  601.79,   596.02,   602.23
  599.83,   596.76,   727.07
  598.33,   597.17,   852.49
  604.20,   720.43,   601.62
  602.27,   721.59,   726.51
  601.06,   722.37,   851.81
  606.79,   846.37,   600.49
  605.13,   846.51,   726.16
  603.53,   847.16,   850.98
  475.23,   101.41,   101.45
  475.22,   101.46,   226.88
  475.23,   100.62,   352.01
  474.26,   226.88,   102.78
  474.23,   226.16,   227.08
  474.60,   225.29,   352.14
  472.96,   351.47,   102.67
  472.96,   351.43,   228.51
  473.39,   350.38,   353.40
  599.81,   103.18,   101.62
  599.62,   101.64,   226.86
  600.47,   101.21,   351.57
  599.08,   227.77,   102.09
  599.30,   227.33,   227.27
  599.10,   225.92,   352.30
  598.45,   353.01,   103.11
  598.63,   352.41,   228.40
  598.31,   351.09,   353.06
  725.18,   103.91,   101.95
  725.14,   102.73,   226.59
  725.19,   101.76,   351.51
  724.02,   228.87,   102.50
  724.23,   227.93,   226.98
  724.33,   227.46,   352.46
  722.79,   353.30,   103.33
  723.00,   352.53,   228.05
  723.38,   352.22,   353.11
  474.47,    99.42,   224.01
  471.66,    99.56,   348.88
  468.98,   100.02,   473.86
  478.07,   224.57,   223.94
  474.90,   224.37,   348.79
  472.55,   225.36,   473.87
  482.14,   349.47,   222.88
  479.05,   350.19,   347.79
  476.07,   350.62,   473.10
  599.69,    95.64,   227.28
  596.51,    96.48,   352.33
  593.28,    96.69,   476.66
  602.93,   220.90,   226.86
  600.07,   221.67,   352.10
  597.07,   221.90,   476.91
  606.67,   345.76,   226.42
  603.85,   345.78,   351.28
  600.58,   346.61,   476.28
  725.03,    92.43,   229.90
  721.21,    93.02,   355.43
  718.30,    93.67,   479.62
  728.42,   217.57,   230.04
  724.60,   217.32,   354.77
  722.48,   217.78,   479.35
  731.75,   341.69,   229.58
  728.82,   342.51,   354.57
  725.12,   342.82,   479.72
  473.77,    98.41,   350.03
  471.97,    94.95,   474.70
  469.84,    91.69,   599.52
  472.58,   223.65,   353.19
  471.08,   219.62,   477.79
  469.14,   216.71,   602.93
  471.85,   348.00,   355.60
  469.69,   344.81,   480.72
  468.00,   341.58,   605.61
  599.19,    99.38,   351.44
  597.33,    96.73,   476.71
  594.88,    93.17,   601.74
  598.02,   224.11,   355.20
  596.05,   221.59,   479.72
  594.26,   218.16,   605.05
  596.75,   349.33,   357.99
  594.63,   346.48,   482.95
  592.96,   342.87,   607.91
  724.22,   100.29,   353.51
  721.81,    97.49,   478.72
  720.46,    94.47,   603.77
  722.60,   225.45,   356.72
  721.33,   222.74,   481.48
  719.27,   219.37,   606.91
  721.80,   350.87,   360.31
  719.41,   346.90,   485.25
  717.58,   344.28,   609.75
  474.63,   101.25,   473.77
  475.51,   103.36,   599.03
  476.94,   105.87,   723.56
  474.63,   226.92,   471.59
  476.31,   228.50,   596.41
  477.19,   230.98,   721.79
  475.32,   351.14,   469.63
  477.01,   353.35,   593.96
  478.48,   356.21,   719.45
  599.76,   101.17,   472.30
  600.55,   103.22,   597.73
  601.89,   105.48,   722.48
  600.29,   226.19,   469.97
  601.66,   228.01,   594.92
  602.46,   230.47,   720.35
  600.05,   350.55,   467.77
  602.12,   353.00,   593.01
  603.28,   355.01,   718.32
  723.85,   100.74,   471.47
  725.69,   102.01,   595.70
  726.43,   104.36,   721.07
  724.95,   225.83,   468.89
  726.14,   227.62,   593.58
  727.24,   229.60,   718.81
  725.20,   350.40,   466.49
  726.27,   352.00,   591.55
  728.31,   354.88,   717.10
  476.50,    99.45,   598.30
  478.88,    99.80,   723.38
  479.98,   100.88,   848.84
  475.28,   224.38,   597.37
  476.14,   225.46,   722.63
  478.36,   225.82,   847.82
  472.74,   348.92,   596.92
  474.93,   350.32,   721.25
  476.17,   350.84,   846.78
  601.58,   100.99,   597.34
  603.50,   102.00,   721.63
  604.85,   102.73,   847.42
  600.11,   226.08,   595.80
  601.42,   227.41,   720.94
  602.80,   228.40,   845.70
  598.42,   350.70,   594.56
  599.58,   352.07,   720.00
  600.79,   353.03,   844.91
  726.78,   103.26,   595.49
  728.48,   103.49,   720.74
  729.89,   105.39,   844.99
  725.07,   228.01,   594.33
  726.64,   228.80,   718.98
  728.13,   229.90,   844.78
  723.11,   353.26,   593.72
  725.08,   353.76,   718.59
  725.71,   355.14,   843.12
  475.77,   222.82,    99.64
  478.57,   219.51,   224.23
  481.77,   216.15,   349.18
  471.87,   347.68,   102.83
  474.89,   345.08,   227.72
  478.24,   341.26,   352.76
  468.40,   472.65,   106.38
  471.19,   469.30,   231.62
  474.10,   466.20,   356.76
  600.31,   226.62,    96.37
  603.03,   223.52,   221.17
  606.51,   220.21,   346.74
  597.12,   352.29,    99.86
  599.53,   348.69,   224.92
  603.13,   345.32,   349.55
  593.37,   476.24,   104.02
  595.69,   472.93,   228.70
  599.54,   469.72,   353.27
  724.91,   230.41,    93.78
  728.46,   227.35,   219.24
  731.41,   224.27,   343.56
  721.46,   355.10,    97.50
  724.46,   352.19,   222.58
  727.99,   348.77,   347.46
  717.71,   480.68,   100.29
  720.84,   477.27,   225.34
  724.43,   473.36,   351.05
  475.12,   224.81,   226.62
  471.92,   222.42,   351.45
  468.56,   220.40,   476.05
  476.28,   350.10,   229.12
  472.45,   348.22,   353.90
  470.04,   345.35,   478.31
  476.42,   475.14,   231.11
  473.66,   472.73,   356.62
  470.53,   470.48,   481.00
  600.31,   224.60,   229.12
  597.29,   222.18,   354.41
  593.51,   219.73,   479.25
  600.31,   349.70,   231.98
  597.96,   347.09,   357.39
  594.36,   344.45,   481.95
  601.56,   474.62,   234.65
  598.36,   472.13,   359.20
  595.08,   469.18,   484.19
  724.52,   223.01,   232.55
  721.81,   220.93,   357.83
  718.75,   218.67,   482.89
  725.77,   348.34,   234.92
  722.77,   346.04,   359.65
  719.45,   343.23,   484.71
  726.62,   473.76,   237.89
  723.57,   471.05,   362.20
  720.12,   468.86,   487.83
  473.95,   227.19,   351.51
  475.84,   224.86,   476.01
  477.97,   222.78,   601.76
  476.09,   352.24,   353.36
  477.28,   349.38,   478.91
  478.70,   347.22,   603.73
  477.16,   476.37,   355.57
  478.60,   475.05,   480.75
  479.85,   472.77,   605.87
  599.17,   225.81,   349.54
  601.27,   223.58,   475.01
  602.71,   221.56,   599.28
  600.49,   350.17,   351.55
  602.33,   347.87,   477.01
  604.11,   345.81,   601.85
  601.98,   475.05,   354.02
  603.91,   473.01,   478.95
  605.45,   470.82,   604.34
  724.42,   223.85,   348.63
  725.99,   222.35,   473.03
  727.16,   219.46,   598.31
  725.35,   348.70,   350.06
  726.90,   347.29,   475.87
  728.32,   344.57,   600.05
  726.72,   473.69,   352.57
  728.29,   472.31,   477.06
  730.47,   469.97,   602.36
  474.60,   224.68,   476.83
  474.89,   223.87,   602.30
  475.54,   222.09,   726.93
  473.53,   349.32,   478.02
  474.19,   349.07,   602.78
  475.20,   347.42,   728.47
  472.98,   475.14,   479.65
  473.15,   474.03,   604.21
  474.32,   471.92,   729.52
  599.30,   225.34,   476.56
  600.43,   224.42,   601.59
  600.41,   222.94,   726.01
  598.93,   351.12,   477.86
  599.53,   349.97,   602.53
  599.68,   348.05,   727.60
  597.67,   475.81,   478.56
  598.11,   474.16,   603.28
  599.53,   473.40,   729.08
  724.56,   226.62,   475.42
  724.89,   225.03,   600.91
  725.71,   224.10,   725.59
  724.04,   351.16,   476.55
  724.48,   350.84,   601.89
  724.72,   349.10,   727.14
  722.23,   477.05,   478.18
  723.10,   475.08,   603.25
  724.28,   473.87,   727.67
  474.40,   222.79,   600.75
  478.35,   224.54,   725.12
  481.65,   227.00,   850.56
  472.69,   347.95,   598.60
  476.50,   349.78,   723.63
  480.54,   351.40,   848.39
  470.60,   473.28,   597.08
  474.39,   474.92,   722.45
  478.27,   476.55,   846.51
  599.78,   225.01,   596.74
  603.13,   226.89,   721.29
  606.72,   228.11,   846.83
  597.46,   349.80,   595.19
  601.63,   351.09,   720.13
  605.43,   352.93,   844.70
  596.13,   475.14,   592.91
  599.78,   476.80,   718.39
  603.05,   477.99,   842.97
  724.64,   226.91,   593.40
  728.17,   228.52,   717.96
  732.16,   229.59,   842.88
  722.15,   351.66,   591.28
  726.51,   353.66,   716.26
  730.43,   355.38,   841.48
  721.31,   476.59,   589.87
  724.46,   478.10,   714.74
  728.70,   480.25,   839.90
  473.52,   352.35,   101.64
  477.29,   351.54,   225.84
  479.91,   350.92,   351.53
  476.30,   476.69,   101.42
  479.10,   476.58,   226.83
  481.61,   476.36,   351.44
  478.46,   601.55,   101.98
  481.05,   601.03,   226.64
  483.82,   601.09,   351.45
  598.70,   350.20,    98.05
  602.23,   349.62,   223.16
  604.58,   349.14,   348.10
  601.14,   474.70,    98.83
  603.40,   474.37,   223.37
  607.20,   473.75,   348.00
  602.82,   600.10,    98.53
  605.70,   599.57,   223.41
  608.94,   599.53,   348.54
  724.09,   347.27,    94.89
  726.44,   346.98,   219.95
  730.20,   346.81,   345.00
  726.23,   473.09,    95.07
  728.70,   472.79,   220.21
  731.55,   471.95,   345.01
  727.94,   598.14,    96.19
  730.46,   597.53,   221.16
  733.75,   597.13,   345.97
  473.81,   348.89,   222.70
  470.96,   349.97,   348.43
  466.98,   350.83,   472.91
  475.14,   473.98,   222.65
  471.45,   474.99,   346.96
  467.87,   475.82,   472.75
  476.14,   599.24,   221.37
  472.63,   599.53,   346.63
  469.25,   600.60,   471.51
  598.62,   347.76,   226.79
  595.67,   348.60,   351.89
  592.43,   349.75,   476.40
  599.45,   472.64,   226.23
  595.96,   473.65,   351.00
  593.40,   474.22,   476.04
  600.29,   598.26,   225.33
  597.11,   598.86,   350.28
  593.73,   599.82,   474.63
  723.97,   347.29,   230.11
  720.47,   348.20,   355.09
  716.81,   348.93,   479.66
  724.61,   471.74,   229.40
  721.08,   472.62,   354.48
  717.87,   473.99,   479.26
  725.27,   596.74,   228.21
  721.78,   598.31,   353.16
  718.49,   598.13,   478.12
  476.86,   351.97,   350.46
  478.86,   350.07,   475.93
  480.86,   347.48,   600.52
  476.24,   476.09,   352.60
  477.71,   475.05,   477.38
  480.47,   472.70,   602.04
  475.74,   601.87,   354.50
  477.58,   599.38,   479.25
  479.96,   598.08,   604.45
  601.79,   352.00,   348.29
  603.92,   350.23,   473.41
  605.41,   348.45,   598.01
  600.50,   476.56,   350.35
  603.32,   475.04,   474.81
  605.47,   473.39,   600.57
  600.79,   602.14,   352.25
  602.81,   600.42,   476.93
  604.98,   598.09,   602.30
  726.31,   352.42,   346.07
  728.94,   350.86,   471.64
  730.22,   349.41,   595.74
  725.82,   477.51,   348.18
  728.40,   475.43,   472.55
  730.54,   474.47,   598.14
  725.46,   602.23,   349.87
  727.32,   600.74,   475.18
  729.45,   598.67,   599.84
  474.51,   350.45,   474.54
  470.63,   349.60,   599.20
  467.43,   349.25,   723.72
  473.09,   475.61,   474.59
  469.53,   474.70,   599.95
  466.76,   474.20,   724.26
  472.12,   600.90,   475.18
  468.55,   600.09,   599.86
  465.55,   599.36,   725.62
  599.27,   352.05,   477.85
  596.36,   350.64,   602.83
  592.33,   350.05,   727.47
  597.74,   477.10,   478.28
  594.88,   476.54,   603.48
  591.84,   475.55,   728.30
  596.98,   601.38,   478.69
  593.44,   600.99,   603.10
  589.86,   600.52,   728.34
  724.66,   353.23,   480.87
  721.32,   352.32,   605.99
  718.12,   352.15,   730.88
  722.78,   477.87,   481.42
  719.79,   477.04,   606.50
  716.71,   477.08,   730.96
  722.35,   602.56,   482.08
  718.53,   602.73,   606.56
  714.97,   601.78,   731.75
  476.40,   350.41,   600.06
  477.73,   348.76,   725.29
  479.81,   347.03,   849.71
  475.40,   475.31,   600.86
  476.65,   473.53,   726.14
  478.71,   472.99,   850.82
  474.14,   599.99,   602.28
  476.00,   599.23,   727.15
  478.14,   597.52,   852.23
  601.35,   350.51,   598.12
  602.39,   349.72,   722.39
  604.34,   348.24,   847.61
  600.36,   476.20,   599.37
  602.54,   474.80,   723.72
  604.18,   472.96,   849.44
  598.98,   600.91,   600.83
  600.96,   600.05,   724.90
  602.84,   598.17,   850.69
  725.92,   351.24,   596.23
  727.71,   350.51,   720.44
  730.17,   348.88,   846.06
  724.68,   476.78,   596.97
  727.47,   475.37,   721.83
  729.09,   473.66,   846.76
  724.73,   602.02,   598.42
  725.86,   599.90,   723.26
  728.24,   599.18,   848.58
  474.49,   474.44,    98.65
  478.08,   477.72,   223.47
  480.81,   480.14,   348.91
  476.00,   599.29,    95.68
  478.10,   602.28,   220.53
  481.92,   605.46,   345.98
  476.65,   724.53,    92.63
  479.11,   726.73,   217.85
  482.38,   730.37,   342.40
  599.45,   473.60,    95.61
  602.36,   476.25,   220.36
  605.47,   479.08,   345.50
  600.68,   597.85,    92.41
  603.68,   601.55,   217.46
  606.87,   604.64,   342.64
  601.77,   723.51,    89.37
  604.14,   726.75,   215.16
  607.28,   729.68,   339.83
  724.99,   471.97,    92.85
  727.71,   475.79,   217.41
  731.10,   478.19,   343.25
  725.91,   597.82,    89.51
  728.98,   600.40,   214.93
  731.45,   603.73,   339.97
  726.29,   722.52,    87.10
  729.20,   724.93,   212.18
  732.10,   728.18,   336.71
  473.30,   475.81,   224.31
  473.51,   477.42,   349.65
  474.08,   479.76,   474.72
  470.15,   600.15,   222.50
  470.18,   603.06,   347.23
  470.74,   604.46,   471.93
  467.85,   725.21,   220.47
  468.09,   727.90,   344.65
  467.93,   729.78,   470.62
  598.63,   478.84,   224.29
  598.22,   481.20,   349.49
  598.62,   483.30,   474.13
  595.18,   603.87,   222.47
  595.81,   605.52,   347.22
  595.99,   607.47,   472.45
  592.60,   728.73,   219.94
  592.96,   730.71,   345.40
  592.84,   732.87,   469.85
  723.97,   481.96,   223.85
  723.40,   484.19,   348.68
  723.98,   485.72,   474.20
  720.51,   606.11,   221.48
  720.73,   608.23,   346.61
  720.92,   610.38,   472.13
  717.66,   731.01,   219.75
  717.15,   733.35,   345.01
  717.66,   735.27,   470.22
  473.18,   472.76,   349.03
  471.96,   475.71,   474.31
  469.54,   478.84,   598.91
  474.08,   598.09,   346.25
  472.51,   601.04,   470.83
  470.99,   603.44,   596.59
  474.72,   723.51,   343.61
  473.03,   726.05,   468.82
  471.66,   728.05,   592.96
  598.40,   471.83,   350.89
  596.07,   475.39,   475.37
  594.33,   477.82,   600.53
  598.77,   596.85,   348.27
  597.70,   600.23,   473.27
  595.50,   603.11,   597.78
  600.13,   722.44,   345.40
  598.66,   724.89,   470.00
  596.54,   727.74,   595.56
  722.70,   471.35,   352.52
  720.98,   473.67,   477.87
  719.93,   477.20,   602.33
  724.22,   596.37,   349.78
  722.33,   599.12,   474.55
  720.83,   601.25,   599.67
  725.09,   720.81,   346.64
  723.36,   724.38,   472.15
  721.52,   726.56,   596.38
  475.68,   474.58,   476.66
  477.83,   476.18,   601.42
  479.91,   478.71,   726.44
  475.15,   599.01,   474.53
  477.21,   601.51,   599.40
  478.71,   603.03,   724.22
  475.34,   724.52,   472.18
  477.12,   726.61,   597.00
  478.81,   728.56,   721.77
  600.36,   474.62,   473.92
  602.81,   476.95,   599.81
  604.08,   478.97,   724.08
  600.72,   599.60,   472.08
  602.05,   601.40,   597.14
  603.88,   603.37,   722.52
  599.93,   724.40,   470.17
  601.38,   726.81,   595.09
  603.61,   728.25,   720.09
  725.50,   475.31,   472.50
  727.76,   477.42,   597.05
  729.16,   479.61,   722.64
  725.75,   600.12,   470.52
  726.69,   601.65,   595.05
  729.42,   604.52,   720.43
  724.77,   724.58,   468.98
  726.93,   727.17,   593.05
  728.22,   729.14,   718.50
  477.23,   475.58,   599.23
  479.13,   474.21,   724.56
  482.78,   472.29,   849.61
  474.22,   600.33,   600.93
  477.24,   599.34,   726.62
  479.91,   596.78,   850.80
  472.07,   725.54,   602.78
  474.71,   723.57,   728.32
  477.07,   722.16,   852.67
  601.53,   478.30,   596.62
  604.25,   476.69,   721.95
  607.65,   474.38,   847.18
  599.01,   603.59,   598.68
  601.91,   601.20,   723.59
  604.40,   599.34,   848.63
  596.93,   728.58,   600.32
  599.02,   726.44,   725.27
  602.45,   725.08,   850.24
  726.20,   481.21,   594.04
  729.47,   479.50,   719.46
  731.75,   477.37,   844.16
  723.68,   605.40,   595.51
  726.41,   604.48,   720.93
  729.93,   602.56,   845.83
  721.26,   730.75,   597.46
  724.56,   729.26,   722.81
  726.79,   727.73,   847.77
  474.25,   599.29,    98.72
  473.86,   599.84,   223.88
  473.48,   599.97,   348.82
  472.34,   724.71,    99.22
  471.51,   724.44,   223.46
  471.43,   725.31,   348.70
  469.73,   849.88,    98.53
  469.61,   849.39,   223.77
  468.82,   850.07,   348.42
  599.68,   601.44,    99.48
  599.37,   601.83,   224.24
  598.46,   602.53,   349.44
  597.03,   726.63,    98.57
  597.14,   726.97,   223.51
  596.07,   728.12,   349.19
  594.82,   851.97,    98.57
  593.89,   852.40,   223.32
  593.81,   852.71,   348.77
  724.57,   603.90,   100.08
  724.44,   604.68,   225.08
  723.61,   605.05,   349.82
  721.55,   729.24,    99.69
  722.04,   729.61,   223.76
  721.59,   730.32,   349.19
  719.57,   854.10,    98.64
  719.57,   854.59,   224.26
  718.90,   854.88,   348.93
  474.66,   598.01,   223.95
  470.97,   597.70,   349.13
  468.42,   596.32,   474.25
  473.20,   722.98,   224.75
  470.23,   722.18,   349.74
  466.80,   721.53,   474.14
  472.24,   848.36,   225.59
  469.33,   846.88,   350.77
  465.79,   846.69,   475.23
  599.54,   599.57,   227.06
  596.55,   598.83,   351.94
  593.22,   598.06,   476.55
  598.54,   723.88,   227.75
  595.38,   723.39,   352.91
  592.26,   723.03,   477.32
  597.67,   848.92,   228.62
  593.73,   847.93,   353.53
  591.01,   847.94,   478.40
  724.65,   600.68,   230.05
  721.26,   599.52,   354.86
  718.53,   598.50,   480.09
  723.09,   724.91,   231.29
  719.72,   724.05,   356.28
  716.51,   723.74,   480.83
  721.80,   850.53,   232.21
  719.10,   849.71,   357.14
  715.57,   848.57,   481.48
  476.56,   598.60,   351.89
  475.35,   602.27,   476.09
  474.04,   606.30,   601.66
  479.44,   723.75,   347.69
  478.49,   727.48,   472.31
  478.30,   730.81,   597.92
  483.19,   848.12,   344.42
  482.49,   852.16,   468.72
  481.63,   855.68,   593.76
  601.24,   595.14,   352.04
  600.57,   598.81,   476.97
  599.38,   602.88,   602.49
  604.78,   720.19,   348.87
  604.08,   724.27,   473.60
  602.92,   727.82,   598.56
  608.33,   844.82,   344.91
  607.52,   848.34,   469.74
  606.27,   852.61,   594.85
  726.03,   591.68,   353.80
  725.35,   595.66,   478.17
  724.25,   598.88,   603.75
  730.11,   716.47,   349.51
  728.97,   720.36,   474.82
  727.73,   724.40,   599.29
  733.39,   841.36,   346.35
  732.87,   844.74,   471.33
  731.36,   849.15,   596.10
  475.32,   601.36,   475.34
  471.71,   599.20,   600.10
  469.14,   596.70,   724.84
  478.03,   726.43,   477.63
  475.02,   724.25,   602.52
  471.43,   721.61,   727.46
  480.37,   851.87,   479.86
  477.49,   849.21,   604.71
  474.93,   847.45,   729.25
  599.71,   598.29,   478.55
  596.27,   595.94,   602.79
  593.71,   594.04,   728.35
  602.58,   723.29,   480.79
  599.73,   720.73,   605.84
  596.35,   718.80,   729.83
  605.28,   848.34,   482.70
  602.64,   846.34,   607.88
  599.75,   843.61,   732.56
  725.00,   595.44,   480.83
  721.68,   592.97,   606.18
  718.49,   591.01,   730.97
  727.22,   720.69,   483.75
  724.37,   718.54,   608.53
  721.43,   716.48,   733.31
  730.30,   845.51,   485.23
  727.93,   843.26,   611.10
  724.94,   841.42,   735.19
  475.56,   599.42,   601.43
  472.73,   598.46,   725.68
  469.14,   597.86,   851.12
  475.41,   723.98,   601.97
  472.60,   722.88,   726.79
  469.93,   722.41,   851.30
  476.45,   848.78,   602.09
  473.82,   847.77,   727.50
  470.65,   847.86,   852.29
  600.55,   598.91,   603.60
  597.47,   597.18,   728.54
  593.89,   596.70,   853.56
  600.74,   723.11,   604.42
  597.51,   723.13,   729.48
  594.41,   721.60,   854.25
  601.29,   848.12,   605.88
  598.16,   847.66,   730.61
  594.84,   846.95,   855.32
  725.23,   598.32,   606.92
  721.83,   596.92,   732.40
  718.81,   596.72,   857.28
  726.00,   723.19,   608.25
  722.38,   721.91,   733.08
  720.11,   721.50,   857.67
  726.10,   847.89,   608.50
  722.94,   847.50,   733.14
  720.26,   846.55,   858.76
  601.33,   101.94,   100.85
  602.28,    99.49,   226.38
  602.88,    97.92,   351.30
  602.83,   226.02,   102.66
  604.05,   224.80,   227.41
  604.91,   223.34,   353.02
  605.36,   351.84,   104.32
  606.25,   349.95,   229.12
  606.57,   348.02,   353.97
  726.36,   100.09,   100.15
  726.94,    97.57,   225.01
  727.80,    96.36,   349.99
  728.09,   224.32,   102.16
  729.03,   223.11,   227.11
  729.51,   220.79,   352.26
  729.85,   349.47,   103.64
  730.66,   347.63,   228.60
  731.85,   345.91,   353.31
  851.32,    98.17,    99.83
  852.62,    96.34,   224.55
  852.93,    94.36,   349.71
  853.55,   222.51,   101.58
  853.60,   221.45,   226.15
  855.18,   219.03,   351.38
  854.67,   347.43,   102.55
  856.16,   346.19,   227.59
  856.17,   344.86,   352.61
  601.18,   101.75,   225.32
  599.14,   103.46,   350.20
  597.01,   105.26,   474.35
  598.89,   226.56,   223.14
  596.90,   228.46,   347.82
  594.77,   230.27,   473.51
  596.71,   352.25,   221.45
  595.10,   353.16,   346.42
  592.73,   354.86,   471.55
  725.56,   103.54,   226.94
  723.97,   105.79,   351.97
  721.45,   106.80,   477.02
  723.65,   229.18,   225.73
  721.81,   230.85,   349.93
  719.73,   231.91,   474.98
  722.08,   353.74,   223.73
  720.02,   355.86,   348.25
  718.16,   356.65,   473.39
  851.14,   106.29,   228.66
  848.96,   107.37,   353.63
  846.92,   109.39,   478.63
  849.17,   231.29,   227.06
  846.50,   232.76,   352.94
  845.00,   234.29,   477.63
  846.75,   355.98,   225.78
  844.59,   357.61,   350.51
  842.45,   358.88,   476.11
  601.04,   101.87,   351.30
  601.15,    97.53,   476.22
  602.14,    94.68,   601.28
  598.67,   226.49,   355.41
  599.60,   223.21,   480.61
  600.89,   219.43,   604.83
  597.96,   351.28,   359.06
  597.87,   348.29,   484.21
  599.41,   343.76,   608.46
  725.99,   103.66,   351.14
  726.54,    99.56,   475.88
  727.05,    95.73,   600.71
  723.64,   227.79,   355.01
  724.55,   224.24,   479.06
  725.16,   220.34,   604.45
  722.13,   353.45,   358.74
  723.60,   349.34,   483.03
  724.40,   345.28,   608.00
  850.40,   104.72,   349.97
  850.90,   101.09,   475.53
  851.90,    97.13,   599.73
  848.90,   230.10,   353.75
  849.34,   226.26,   478.77
  850.10,   222.33,   604.24
  847.65,   354.40,   357.63
  848.64,   351.01,   482.47
  848.80,   346.95,   607.15
  599.58,   100.03,   475.70
  601.43,   100.62,   600.52
  603.51,   102.34,   724.80
  598.68,   225.05,   474.26
  600.12,   226.10,   599.23
  601.49,   226.80,   724.34
  596.45,   350.01,   473.25
  598.72,   350.56,   597.70
  600.49,   352.38,   722.77
  725.13,   100.76,   473.35
  726.42,   101.86,   598.46
  728.52,   103.72,   723.22
  722.88,   225.83,   472.58
  724.63,   227.07,   597.36
  726.93,   228.04,   722.31
  721.96,   351.29,   470.69
  724.01,   352.02,   596.03
  725.44,   353.31,   720.80
  849.61,   102.44,   472.21
  851.05,   103.50,   596.68
  853.55,   105.02,   721.51
  848.70,   227.79,   470.83
  849.53,   228.28,   595.51
  851.95,   229.95,   720.37
  846.50,   352.43,   468.87
  848.97,   353.61,   594.73
  850.75,   354.89,   719.06
  598.79,    98.89,   598.53
  598.28,    96.14,   723.94
  598.07,    93.37,   848.98
  602.52,   223.70,   601.79
  601.58,   220.37,   726.44
  601.41,   217.97,   851.05
  605.54,   348.32,   604.52
  605.91,   345.30,   729.52
  604.87,   342.36,   854.50
  723.61,    95.15,   598.72
  722.80,    91.74,   723.48
  722.76,    89.28,   848.50
  727.09,   220.51,   601.52
  726.88,   216.63,   726.76
  726.73,   213.84,   851.61
  730.73,   345.16,   604.78
  730.81,   342.50,   729.35
  730.32,   339.57,   854.67
  848.43,    91.84,   598.71
  847.56,    88.78,   723.82
  847.75,    85.30,   849.28
  852.36,   216.41,   601.72
  851.99,   213.27,   726.98
  851.72,   210.28,   852.01
  855.73,   341.25,   605.26
  855.85,   338.09,   729.87
  854.89,   335.39,   854.61
  598.90,   223.71,   102.21
  598.93,   225.85,   226.52
  599.43,   227.70,   352.23
  595.59,   348.95,    99.93
  596.75,   350.84,   224.75
  596.90,   353.43,   350.09
  593.22,   474.34,    97.95
  593.84,   475.58,   222.40
  594.30,   477.81,   347.99
  723.07,   226.30,   101.35
  723.93,   228.43,   225.93
  724.62,   230.49,   350.86
  721.37,   351.23,    99.47
  721.40,   353.48,   224.56
  722.00,   355.06,   349.48
  717.97,   476.71,    97.09
  718.78,   478.71,   222.46
  719.23,   480.15,   347.63
  848.07,   229.02,   100.46
  849.31,   230.87,   226.14
  849.10,   233.04,   351.12
  845.61,   353.42,    98.91
  846.73,   356.44,   223.45
  846.67,   357.63,   348.44
  843.57,   478.70,    96.52
  844.20,   481.17,   222.02
  844.01,   482.61,   347.00
  598.84,   224.47,   222.78
  600.65,   221.32,   347.53
  602.56,   217.96,   472.94
  596.94,   349.49,   226.71
  598.86,   346.29,   351.66
  601.28,   342.58,   476.39
  595.79,   474.69,   229.90
  597.34,   471.05,   354.70
  599.90,   467.54,   479.22
  724.03,   226.42,   221.62
  725.92,   222.73,   345.89
  727.82,   219.99,   471.26
  722.02,   350.70,   224.94
  724.08,   348.07,   349.06
  726.17,   344.39,   474.65
  721.08,   476.05,   228.03
  722.38,   472.57,   352.93
  724.95,   469.28,   477.50
  848.73,   227.51,   219.28
  851.27,   224.05,   344.23
  852.99,   221.69,   469.68
  847.28,   352.52,   222.29
  849.18,   349.57,   347.50
  851.04,   346.08,   472.32
  845.45,   477.51,   225.94
  847.56,   474.09,   351.22
  848.94,   470.87,   475.32
  600.17,   222.73,   351.03
  601.57,   222.75,   476.18
  601.64,   222.94,   601.25
  601.68,   348.40,   351.56
  602.79,   347.46,   476.67
  602.75,   348.16,   601.96
  602.47,   473.15,   351.48
  603.21,   473.06,   476.88
  604.26,   472.48,   602.01
  725.06,   222.17,   350.58
  726.41,   221.86,   476.14
  726.66,   221.28,   600.37
  726.81,   347.59,   351.14
  727.05,   347.31,   475.66
  727.84,   346.48,   601.00
  727.22,   471.85,   351.43
  727.85,   471.84,   476.05
  729.04,   472.18,   601.19
  850.78,   220.77,   350.27
  851.31,   220.79,   474.54
  852.44,   220.74,   600.20
  851.77,   346.36,   350.18
  852.69,   346.28,   474.62
  852.72,   345.41,   599.98
  852.94,   471.32,   350.31
  853.60,   471.25,   475.62
  853.67,   470.81,   600.12
  599.12,   225.18,   476.17
  600.22,   223.50,   601.52
  601.13,   221.33,   725.99
  601.80,   350.22,   478.76
  602.77,   348.09,   603.58
  603.98,   346.23,   728.58
  605.44,   475.47,   480.94
  606.09,   473.36,   605.64
  606.38,   471.37,   730.15
  724.42,   222.15,   475.26
  724.42,   220.40,   600.55
  725.32,   218.43,   725.43
  727.17,   347.05,   477.21
  727.68,   345.62,   602.19
  728.87,   342.76,   727.34
  729.47,   472.41,   479.88
  730.97,   470.50,   604.93
  731.93,   468.18,   729.46
  849.38,   219.77,   474.89
  849.45,   217.49,   599.59
  850.24,   215.10,   725.01
  851.89,   344.38,   476.83
  852.32,   342.44,   602.25
  853.79,   340.08,   726.61
  855.18,   469.41,   479.32
  856.07,   467.18,   603.54
  856.87,   465.01,   728.77
  600.71,   224.13,   600.87
  604.44,   226.91,   725.08
  608.27,   228.68,   850.22
  599.20,   349.07,   598.46
  602.83,   351.72,   723.13
  605.69,   354.32,   848.25
  596.61,   474.12,   595.42
  600.00,   476.57,   720.59
  604.10,   478.68,   845.12
  726.11,   225.79,   597.16
  729.20,   228.56,   721.45
  733.32,   230.65,   847.19
  723.60,   351.36,   594.06
  727.65,   353.21,   719.93
  731.39,   356.25,   844.82
  721.47,   476.21,   591.66
  725.23,   478.37,   717.17
  728.76,   481.04,   842.05
  850.94,   228.06,   592.97
  854.45,   230.86,   718.58
  858.13,   233.49,   842.73
  848.91,   352.86,   591.23
  852.21,   355.57,   716.26
  855.99,   358.53,   840.41
  846.37,   478.57,   588.74
  850.67,   480.81,   713.85
  853.88,   482.95,   838.13
  601.88,   350.28,   100.85
  599.11,   353.10,   226.10
  595.72,   355.87,   350.41
  604.28,   474.77,    97.88
  600.76,   477.44,   223.26
  598.39,   480.65,   347.69
  605.93,   599.98,    94.96
  603.05,   602.45,   220.04
  601.01,   605.76,   344.89
  726.57,   347.77,   103.49
  723.63,   350.18,   229.20
  721.36,   354.35,   353.53
  729.24,   472.19,   100.38
  726.34,   475.30,   225.64
  723.14,   479.11,   350.59
  730.90,   597.28,    97.98
  728.84,   600.50,   222.28
  725.22,   603.79,   347.49
  851.71,   345.40,   106.44
  848.42,   348.36,   231.53
  846.04,   352.01,   356.83
  853.55,   470.01,   103.32
  851.31,   473.62,   228.07
  848.21,   476.34,   353.57
  855.80,   594.84,   100.70
  853.81,   597.95,   225.13
  851.09,   601.80,   350.13
  601.44,   349.19,   224.97
  603.52,   350.84,   350.32
  606.51,   352.56,   475.34
  598.62,   473.64,   223.47
  601.39,   475.30,   348.62
  603.22,   477.35,   473.73
  595.27,   598.51,   221.82
  598.57,   600.39,   346.69
  600.30,   602.03,   471.74
  726.32,   351.68,   222.78
  728.63,   353.34,   348.14
  731.41,   354.70,   472.77
  723.87,   476.47,   221.23
  725.72,   478.25,   346.14
  728.01,   479.67,   471.36
  720.82,   602.07,   219.45
  723.60,   603.89,   344.76
  725.43,   604.64,   469.03
  851.02,   355.17,   220.16
  853.44,   356.50,   345.31
  856.16,   357.66,   469.86
  848.70,   480.03,   218.24
  851.05,   481.13,   343.76
  852.88,   482.93,   468.81
  845.89,   605.12,   216.77
  847.77,   606.06,   342.57
  849.97,   607.74,   466.76
  599.40,   351.28,   350.36
  598.03,   348.74,   475.87
  595.20,   345.23,   600.04
  596.31,   476.86,   353.84
  594.01,   473.40,   478.73
  591.58,   470.95,   602.84
  593.06,   601.94,   356.64
  590.95,   598.87,   481.47
  588.91,   595.94,   606.13
  725.01,   354.62,   353.34
  722.66,   351.55,   477.68
  720.72,   349.07,   602.78
  720.99,   479.87,   355.59
  719.10,   477.11,   480.93
  716.46,   473.58,   605.53
  717.53,   604.90,   358.60
  715.73,   601.91,   483.62
  713.92,   599.19,   609.04
  849.39,   358.21,   355.41
  847.84,   355.69,   479.91
  845.28,   352.38,   605.44
  846.67,   483.02,   357.81
  844.47,   480.25,   483.24
  842.08,   476.93,   607.81
  843.24,   608.33,   360.67
  840.83,   605.37,   486.18
  838.75,   601.97,   610.98
  599.27,   349.24,   475.71
  600.56,   350.43,   601.04
  601.33,   351.32,   726.05
  595.86,   473.95,   474.80
  596.87,   474.88,   599.46
  598.04,   475.62,   724.31
  592.54,   598.39,   473.97
  593.14,   599.90,   598.96
  595.10,   601.06,   723.45
  724.11,   351.94,   474.56
  725.01,   353.14,   599.67
  726.72,   354.57,   724.31
  720.28,   477.42,   473.45
  721.95,   478.59,   598.01
  723.50,   479.63,   723.13
  717.54,   601.95,   471.83
  718.71,   603.03,   597.19
  720.01,   604.04,   721.73
  848.80,   355.61,   473.15
  850.54,   356.34,   598.35
  851.27,   357.25,   722.52
  845.44,   480.77,   471.51
  847.25,   481.06,   597.34
  847.75,   482.16,   721.50
  842.25,   605.89,   470.53
  843.40,   606.96,   596.04
  845.11,   607.81,   721.05
  600.85,   351.65,   598.98
  601.38,   348.63,   723.68
  602.35,   346.23,   848.67
  597.73,   475.90,   601.91
  599.25,   473.92,   726.64
  599.87,   470.55,   851.50
  595.40,   600.85,   604.32
  596.32,   597.99,   729.39
  596.75,   596.21,   853.69
  725.72,   353.99,   598.15
  726.54,   351.18,   723.30
  727.12,   347.98,   847.64
  723.30,   478.55,   601.12
  723.42,   476.23,   725.67
  724.65,   473.76,   850.98
  720.07,   603.80,   603.14
  721.02,   601.37,   728.71
  722.04,   598.39,   852.90
  850.75,   356.89,   597.08
  851.68,   353.50,   722.14
  852.47,   350.72,   846.82
  847.73,   481.35,   600.22
  848.28,   478.92,   724.95
  849.95,   476.05,   849.72
  845.82,   606.35,   603.19
  846.22,   603.91,   727.69
  846.47,   600.58,   852.77
  600.41,   473.57,    99.43
  595.78,   472.55,   223.85
  592.14,   471.13,   349.40
  600.18,   598.53,   100.87
  596.67,   597.44,   225.46
  593.58,   596.18,   350.81
  601.16,   723.85,   101.87
  597.38,   721.72,   227.30
  594.17,   720.19,   351.93
  724.49,   472.56,   103.13
  721.28,   471.14,   227.96
  717.17,   470.43,   352.75
  725.08,   598.21,   104.59
  722.27,   596.77,   229.19
  718.43,   595.44,   354.39
  726.27,   723.00,   105.72
  722.15,   721.02,   230.58
  718.90,   719.70,   356.27
  850.30,   472.52,   106.74
  845.82,   471.11,   231.82
  841.94,   468.82,   357.00
  850.61,   597.43,   108.41
  847.12,   595.70,   233.05
  843.36,   594.49,   358.47
  850.95,   721.75,   109.30
  847.21,   720.59,   234.17
  843.88,   719.54,   359.38
  601.47,   474.04,   223.00
  600.27,   474.76,   348.05
  599.48,   474.59,   473.62
  600.99,   598.97,   222.77
  599.86,   599.18,   348.54
  599.31,   599.46,   472.86
  600.74,   723.87,   222.90
  600.27,   724.73,   348.09
  598.82,   723.79,   473.03
  725.90,   474.83,   224.33
  725.16,   474.46,   348.90
  724.65,   474.17,   473.90
  725.85,   599.87,   223.72
  725.29,   599.17,   348.94
  723.79,   598.97,   474.26
  726.00,   724.94,   223.63
  724.67,   724.38,   349.42
  724.40,   724.66,   473.71
  851.29,   474.89,   225.31
  850.49,   474.50,   349.52
  849.59,   474.38,   474.58
  851.00,   599.71,   224.85
  850.30,   600.03,   350.29
  849.13,   600.12,   474.86
  850.53,   725.05,   224.93
  849.80,   724.23,   350.15
  849.48,   724.15,   475.11
  601.35,   476.63,   351.17
  601.54,   472.90,   475.49
  601.86,   470.14,   600.98
  602.25,   600.72,   353.53
  602.81,   598.34,   479.00
  603.37,   595.48,   603.24
  603.48,   726.60,   356.79
  603.37,   722.86,   482.11
  603.95,   720.11,   606.54
  726.16,   474.80,   350.60
  726.60,   472.19,   475.13
  727.13,   468.96,   600.16
  726.73,   600.32,   353.67
  727.61,   596.67,   478.68
  727.71,   593.52,   603.33
  728.88,   725.18,   356.20
  728.53,   721.41,   481.62
  728.78,   718.35,   606.57
  851.27,   473.99,   349.36
  851.35,   470.73,   474.27
  852.12,   468.04,   600.04
  852.60,   598.31,   353.34
  852.37,   595.70,   478.11
  853.00,   592.55,   602.58
  853.88,   723.64,   355.60
  853.68,   720.21,   480.90
  854.10,   717.86,   605.85
  601.86,   473.96,   476.53
  599.61,   476.66,   601.57
  597.35,   478.11,   726.08
  600.56,   599.35,   475.08
  598.20,   600.84,   599.87
  595.14,   602.96,   724.97
  598.68,   724.01,   472.41
  596.15,   725.93,   597.51
  593.96,   728.34,   722.36
  727.08,   476.13,   479.10
  724.71,   477.22,   603.51
  721.98,   479.90,   728.49
  724.97,   601.04,   476.91
  722.70,   602.90,   601.77
  720.67,   604.64,   727.21
  723.71,   725.44,   475.18
  721.38,   727.35,   599.82
  718.53,   729.05,   725.02
  852.03,   477.85,   481.04
  849.24,   479.37,   606.70
  846.71,   480.78,   731.13
  850.30,   601.93,   479.10
  847.54,   603.76,   604.86
  845.58,   606.51,   729.82
  848.73,   727.61,   477.49
  845.85,   729.22,   602.70
  844.17,   731.22,   727.77
  597.97,   475.38,   598.27
  598.52,   476.46,   723.49
  599.11,   477.92,   848.22
  596.97,   600.92,   597.51
  597.49,   601.98,   722.29
  597.33,   602.81,   847.56
  594.86,   725.67,   596.85
  596.06,   726.03,   721.80
  595.61,   727.69,   846.23
  723.13,   476.93,   597.77
  723.96,   478.15,   723.20
  724.40,   478.87,   847.66
  721.76,   601.96,   597.19
  721.68,   603.33,   721.81
  722.92,   604.46,   847.07
  719.97,   726.80,   596.04
  720.28,   727.58,   721.33
  721.38,   728.88,   846.13
  847.83,   478.98,   597.43
  848.50,   479.41,   722.22
  849.19,   480.33,   847.34
  847.01,   604.15,   596.53
  847.08,   604.97,   721.67
  847.50,   605.24,   846.76
  845.55,   728.49,   596.04
  845.55,   729.40,   720.67
  846.25,   730.64,   845.79
  601.80,   600.70,   101.33
  602.63,   597.61,   226.28
  604.68,   594.26,   352.07
  601.81,   725.87,   104.89
  603.89,   721.89,   229.63
  604.98,   718.97,   355.50
  603.18,   850.65,   108.48
  604.36,   846.86,   233.16
  605.67,   844.40,   357.89
  726.63,   600.12,   100.63
  727.81,   597.12,   224.76
  729.26,   593.40,   349.75
  726.85,   724.98,   103.03
  728.91,   721.54,   228.87
  730.22,   718.20,   353.51
  727.40,   850.33,   106.55
  728.85,   846.95,   232.17
  730.73,   843.09,   356.39
  851.23,   599.46,    98.77
  852.58,   596.43,   223.71
  854.28,   592.91,   348.47
  852.15,   724.28,   101.67
  853.49,   721.65,   226.60
  855.19,   717.66,   351.60
  853.05,   849.18,   105.60
  854.23,   846.05,   229.87
  855.91,   842.43,   355.35
  601.11,   598.48,   225.33
  602.04,   601.73,   350.98
  602.61,   604.50,   476.18
  604.69,   723.48,   222.42
  605.51,   726.79,   347.18
  606.06,   729.50,   472.27
  608.17,   848.15,   218.92
  609.12,   851.78,   343.82
  609.06,   855.19,   469.35
  726.48,   595.30,   224.84
  727.14,   598.70,   350.09
  728.27,   601.66,   475.18
  729.38,   720.47,   221.48
  729.97,   723.37,   346.83
  731.02,   726.38,   471.59
  733.43,   844.83,   218.46
  734.04,   847.94,   343.94
  734.09,   851.10,   468.90
  851.05,   591.85,   225.02
  852.41,   595.37,   349.91
  852.82,   597.92,   474.74
  854.71,   716.71,   221.39
  854.99,   719.95,   346.49
  855.85,   722.80,   471.44
  858.42,   841.12,   218.34
  858.56,   845.06,   343.38
  859.05,   848.47,   467.86
  600.54,   602.08,   351.94
  601.08,   604.57,   477.01
  601.78,   606.61,   601.59
  598.49,   726.63,   348.71
  599.06,   729.70,   474.63
  601.02,   731.93,   598.72
  597.14,   852.08,   346.48
  597.72,   853.87,   471.49
  599.24,   856.52,   597.12
  725.15,   603.39,   350.83
  725.83,   605.65,   475.10
  727.37,   608.32,   600.52
  723.79,   728.36,   348.30
  724.16,   730.53,   473.01
  725.90,   732.91,   597.83
  721.72,   852.98,   345.86
  722.30,   855.89,   470.79
  723.91,   858.14,   595.27
  850.18,   605.57,   349.26
  850.90,   607.56,   474.83
  852.23,   610.32,   599.80
  848.47,   730.56,   346.94
  849.63,   732.38,   472.31
  850.17,   734.97,   596.71
  846.93,   855.08,   345.02
  848.25,   857.86,   469.60
  849.16,   859.51,   594.08
  600.40,   601.14,   473.08
  598.80,   600.65,   597.85
  596.45,   599.11,   723.71
  597.14,   726.14,   474.48
  594.98,   724.70,   599.08
  593.83,   724.67,   723.65
  594.19,   851.39,   475.10
  591.88,   849.97,   600.08
  590.35,   849.27,   725.22
  725.16,   604.01,   475.26
  723.49,   603.64,   600.65
  721.46,   602.40,   725.34
  722.10,   729.56,   476.30
  719.90,   728.23,   600.86
  718.13,   727.54,   726.24
  718.75,   854.13,   476.70
  717.54,   853.70,   602.05
  715.27,   852.87,   726.89
  850.30,   607.24,   477.21
  848.81,   606.50,   602.33
  846.09,   605.17,   727.29
  847.50,   732.03,   478.39
  844.90,   731.87,   602.78
  843.01,   730.37,   727.96
  843.60,   856.96,   478.46
  841.64,   856.16,   604.07
  839.95,   855.89,   728.50
  601.23,   600.63,   599.96
  597.42,   599.49,   724.53
  594.97,   597.82,   849.56
  599.89,   725.63,   600.66
  596.30,   724.16,   725.57
  593.40,   723.34,   850.46
  598.87,   850.06,   601.69
  595.74,   848.79,   726.64
  592.11,   847.77,   851.85
  726.34,   601.96,   603.26
  722.73,   600.51,   727.73
  719.33,   598.89,   853.12
  725.05,   726.17,   603.82
  721.39,   725.47,   728.92
  718.22,   724.04,   853.92
  723.20,   851.17,   605.54
  720.19,   850.22,   730.12
  717.07,   848.86,   854.97
  850.57,   602.13,   605.69
  848.03,   601.28,   731.04
  845.14,   600.02,   856.49
  849.55,   727.62,   607.22
  846.30,   726.51,   731.94
  843.72,   724.78,   857.20
  848.83,   852.57,   608.39
  845.91,   851.24,   732.94
  842.84,   850.48,   858.22
