27, 125, pa2-debug-c-output1.txt
  190.80,   190.18,   202.68
  399.92,   406.36,   195.15
   98.52,   100.25,   100.44
  102.28,   103.18,   225.33
  105.66,   105.66,   350.32
  100.57,   225.17,    97.32
  104.47,   228.04,   222.07
  107.86,   230.78,   347.11
  102.69,   349.85,    94.38
  106.74,   352.93,   219.19
  110.22,   355.98,   344.15
  223.54,    98.21,    96.74
  227.33,   101.24,   221.60
  230.97,   103.69,   346.56
  225.63,   223.14,    93.57
  229.53,   226.09,   218.27
  232.97,   228.75,   343.40
  227.59,   347.73,    90.71
  231.66,   350.62,   215.45
  235.01,   353.61,   340.42
  348.18,    95.60,    93.15
  351.99,    98.90,   218.20
  355.85,   101.86,   343.12
  350.38,   220.58,    90.20
  354.02,   223.82,   215.39
  357.77,   226.76,   340.27
  352.28,   345.64,    87.18
  355.79,   348.41,   212.08
  359.53,   351.28,   336.95
  100.47,    99.45,   225.45
  101.71,    98.08,   350.53
  103.08,    97.00,   475.66
   98.02,   224.31,   226.19
   99.25,   223.19,   351.32
  100.71,   222.19,   476.56
   95.62,   349.27,   227.26
   97.01,   348.44,   352.30
   98.48,   347.47,   477.45
  225.55,   102.21,   223.81
  227.05,   100.78,   348.85
  228.47,    99.60,   473.89
  223.16,   227.07,   224.42
  224.44,   225.86,   349.64
  225.91,   224.78,   474.84
  220.72,   351.66,   225.57
  221.89,   350.80,   350.63
  223.27,   349.90,   475.79
  350.28,   104.60,   222.55
  351.98,   103.67,   347.52
  353.51,   102.63,   472.38
  347.69,   229.53,   223.64
  349.30,   228.58,   348.59
  350.90,   227.51,   473.37
  344.90,   354.12,   224.28
  346.49,   353.15,   349.25
  348.20,   352.29,   474.25
   98.69,    99.09,   348.16
  101.18,    96.17,   473.24
  104.18,    93.80,   598.02
  100.30,   224.19,   350.70
  102.88,   221.34,   475.91
  105.92,   218.84,   600.93
  102.13,   349.42,   353.45
  104.70,   346.61,   478.57
  107.49,   343.65,   603.70
  224.03,    97.77,   345.30
  226.57,    94.73,   470.29
  229.35,    92.26,   595.09
  225.48,   222.85,   347.85
  228.08,   219.92,   473.01
  230.98,   217.24,   597.97
  226.98,   347.76,   350.62
  229.50,   345.02,   475.74
  232.42,   342.16,   600.80
  348.95,    96.62,   342.75
  351.61,    93.76,   467.59
  354.13,    90.87,   592.40
  350.35,   221.57,   345.64
  353.07,   218.66,   470.37
  355.68,   215.66,   595.10
  351.59,   346.12,   348.08
  354.44,   343.41,   473.03
  357.34,   340.72,   598.00
   98.60,    97.82,   474.64
   97.44,    99.53,   599.47
   96.37,   101.42,   724.45
   97.67,   223.02,   473.26
   96.52,   224.56,   598.34
   95.53,   226.42,   723.20
   96.89,   348.33,   471.87
   95.50,   349.42,   597.04
   94.20,   350.57,   722.00
  224.01,    98.96,   475.88
  222.65,   100.59,   600.73
  221.30,   102.38,   725.65
  222.89,   224.17,   474.56
  221.63,   225.57,   599.58
  220.51,   227.31,   724.46
  221.70,   349.32,   473.23
  220.42,   350.51,   598.36
  219.21,   351.67,   723.34
  349.08,   100.55,   477.37
  347.42,   101.70,   602.19
  345.82,   102.87,   727.01
  347.91,   225.47,   476.10
  346.38,   226.56,   600.90
  344.89,   227.71,   725.78
  346.66,   350.27,   474.71
  345.40,   351.66,   599.75
  344.08,   352.96,   724.73
  100.94,   100.28,   598.36
  101.60,    97.24,   723.30
  101.54,    93.77,   848.31
  100.58,   225.29,   602.15
  101.35,   222.28,   726.98
  101.47,   218.69,   851.70
  100.08,   350.08,   605.79
  100.56,   346.36,   730.69
  100.84,   342.82,   855.45
  226.15,   100.78,   597.89
  226.53,    97.63,   722.76
  226.55,    94.04,   847.71
  225.69,   225.74,   601.66
  226.30,   222.55,   726.49
  226.64,   218.83,   851.42
  225.03,   350.62,   605.37
  225.58,   346.90,   730.30
  225.73,   343.30,   855.09
  350.94,   101.37,   597.63
  351.08,    97.63,   722.42
  351.68,    94.08,   847.39
  350.43,   226.17,   601.25
  350.67,   222.39,   726.09
  351.28,   218.67,   851.17
  350.01,   351.24,   605.04
  350.42,   347.62,   729.96
  350.65,   343.90,   854.79
  101.70,   225.73,   101.07
  104.43,   226.62,   225.90
  106.68,   227.39,   351.01
  100.70,   350.44,   100.18
  103.56,   351.57,   225.07
  105.92,   352.65,   350.09
   99.54,   475.32,    99.38
  102.43,   476.54,   224.53
  105.04,   477.70,   349.30
  226.80,   226.88,    98.39
  229.54,   227.84,   223.17
  231.85,   228.55,   348.36
  225.67,   351.49,    97.58
  228.56,   352.44,   222.39
  230.76,   353.48,   347.42
  224.57,   476.20,    96.76
  227.40,   477.19,   221.73
  229.64,   478.50,   346.61
  351.55,   227.53,    96.12
  354.07,   228.78,   221.36
  356.70,   229.75,   346.28
  350.32,   352.60,    95.13
  352.73,   353.40,   220.06
  355.35,   354.32,   345.00
  349.19,   477.57,    94.15
  351.64,   478.25,   218.82
  354.18,   479.19,   343.81
   99.88,   223.24,   224.71
   96.13,   225.44,   349.81
   92.61,   227.78,   475.01
  102.79,   348.16,   222.47
   99.16,   350.66,   347.48
   95.65,   353.03,   472.58
  105.45,   473.07,   220.56
  102.06,   475.67,   345.30
   98.56,   478.08,   470.14
  224.96,   220.80,   227.97
  221.26,   222.90,   353.12
  217.76,   225.14,   478.28
  227.75,   345.37,   225.83
  223.97,   347.82,   350.83
  220.38,   350.26,   475.94
  230.35,   470.06,   223.79
  226.62,   472.80,   348.66
  223.06,   475.37,   473.57
  349.49,   218.09,   232.22
  346.13,   220.44,   357.07
  342.72,   222.67,   481.80
  351.90,   342.65,   229.60
  348.55,   345.00,   354.48
  345.29,   347.45,   479.42
  354.52,   467.42,   226.96
  351.12,   469.80,   351.92
  347.89,   472.36,   477.02
  101.07,   224.28,   351.51
  104.23,   220.97,   476.69
  107.84,   218.01,   601.69
  100.56,   349.51,   354.78
  103.71,   346.24,   479.88
  107.08,   342.82,   604.98
   99.95,   474.53,   358.15
  103.09,   471.31,   483.01
  106.29,   467.75,   608.07
  226.24,   225.30,   348.15
  229.41,   221.91,   473.29
  232.88,   218.77,   598.22
  225.41,   350.21,   351.43
  228.50,   347.01,   476.52
  231.99,   343.68,   601.57
  224.53,   475.22,   354.83
  227.65,   472.12,   479.73
  231.05,   468.69,   604.77
  351.10,   226.36,   345.42
  354.39,   223.00,   470.13
  357.57,   219.55,   594.84
  350.00,   350.91,   348.36
  353.43,   347.74,   473.29
  356.91,   344.61,   598.25
  349.08,   475.74,   351.38
  352.52,   472.66,   476.46
  356.10,   469.70,   601.59
  100.35,   223.07,   476.42
   97.63,   222.50,   601.46
   95.07,   222.26,   726.30
   98.19,   348.35,   477.10
   95.23,   347.32,   602.25
   92.37,   346.39,   727.16
   95.94,   473.41,   477.74
   92.84,   472.29,   602.84
   89.75,   470.88,   727.97
  225.51,   225.55,   479.31
  222.70,   224.84,   604.30
  220.01,   224.48,   729.16
  222.95,   350.68,   480.06
  220.13,   349.74,   605.16
  217.35,   348.80,   730.11
  220.45,   475.82,   480.77
  217.52,   474.77,   605.85
  214.61,   473.44,   730.92
  350.48,   228.17,   482.43
  347.38,   227.14,   607.21
  344.33,   226.18,   732.08
  347.87,   352.97,   483.13
  345.05,   352.24,   608.15
  342.15,   351.41,   733.09
  345.30,   477.93,   483.82
  342.55,   477.34,   608.98
  339.64,   476.71,   734.01
  100.79,   224.26,   599.64
   97.90,   225.43,   724.48
   94.42,   226.08,   849.19
   97.22,   349.07,   598.96
   94.04,   349.53,   723.88
   90.70,   350.19,   848.66
   93.66,   474.03,   598.09
   90.26,   474.03,   723.21
   86.80,   474.50,   848.27
  225.81,   227.80,   602.77
  222.79,   228.83,   727.61
  219.47,   229.32,   852.56
  222.07,   352.68,   602.16
  218.97,   353.14,   727.11
  215.47,   353.76,   851.90
  218.31,   477.70,   601.39
  215.07,   477.79,   726.46
  211.58,   478.39,   851.18
  350.46,   231.30,   605.96
  347.09,   231.77,   730.83
  344.07,   232.29,   855.91
  346.96,   356.39,   605.44
  343.75,   356.99,   730.38
  340.29,   357.50,   855.18
  343.29,   481.45,   604.81
  340.06,   482.25,   729.84
  336.47,   482.89,   854.47
   99.19,   350.46,   100.54
   95.62,   348.30,   225.41
   91.64,   346.07,   350.40
  102.09,   475.28,   103.12
   98.58,   473.24,   228.18
   94.85,   471.07,   352.90
  104.96,   600.16,   105.50
  101.49,   598.06,   230.87
   97.76,   595.85,   355.42
  224.15,   347.43,   104.23
  220.65,   345.10,   228.98
  216.48,   342.84,   353.98
  227.10,   472.07,   106.81
  223.51,   469.80,   231.71
  219.39,   467.83,   356.56
  230.01,   596.94,   109.26
  226.30,   594.91,   234.43
  222.36,   592.95,   359.11
  348.68,   344.41,   108.12
  344.80,   341.96,   233.02
  341.06,   339.61,   357.91
  351.57,   469.30,   110.44
  347.68,   466.72,   235.14
  343.89,   464.40,   360.11
  354.73,   594.27,   112.91
  350.85,   591.95,   237.66
  346.99,   589.60,   362.54
  101.62,   350.15,   223.83
  104.52,   350.37,   348.84
  107.50,   350.46,   473.98
  101.52,   475.13,   224.12
  104.66,   475.43,   348.88
  107.64,   475.58,   473.76
  101.39,   600.03,   224.27
  104.54,   600.29,   348.89
  107.60,   600.55,   473.46
  226.64,   350.03,   220.61
  229.37,   350.20,   345.64
  232.29,   350.35,   470.77
  226.50,   474.77,   220.80
  229.26,   475.23,   345.67
  232.21,   475.50,   470.61
  226.27,   599.95,   220.99
  229.22,   600.43,   345.73
  232.27,   600.66,   470.41
  350.81,   349.99,   217.78
  353.95,   350.05,   342.72
  357.22,   350.22,   467.68
  350.72,   474.84,   217.38
  353.79,   474.91,   342.35
  357.08,   475.16,   467.48
  350.91,   600.14,   217.41
  353.92,   600.22,   342.29
  357.04,   600.34,   467.33
  100.47,   350.29,   349.41
   97.07,   350.97,   474.54
   93.86,   351.46,   599.68
  102.15,   475.34,   348.87
   98.76,   476.05,   473.75
   95.42,   476.47,   598.83
  103.56,   600.18,   348.32
  100.23,   600.99,   472.89
   96.96,   601.67,   597.88
  225.30,   348.62,   352.60
  221.83,   349.37,   477.74
  218.76,   349.96,   602.83
  226.72,   473.65,   352.08
  223.29,   474.52,   477.02
  220.11,   475.01,   602.09
  228.21,   598.83,   351.56
  224.87,   599.66,   476.24
  221.57,   600.19,   601.20
  349.90,   346.97,   356.09
  346.76,   347.74,   481.05
  343.69,   348.53,   606.06
  351.26,   471.82,   355.19
  348.15,   472.69,   480.31
  345.15,   473.65,   605.46
  352.89,   597.09,   354.55
  349.63,   597.83,   479.60
  346.44,   598.64,   604.71
  100.45,   352.02,   476.50
  103.41,   354.29,   601.62
  106.48,   356.59,   726.54
  103.24,   477.08,   473.84
  106.05,   479.27,   598.90
  108.91,   481.03,   723.99
  105.83,   601.99,   471.12
  108.71,   604.44,   596.07
  111.58,   606.38,   721.28
  225.20,   349.23,   473.57
  228.29,   351.60,   598.64
  231.43,   353.94,   723.58
  227.77,   474.33,   470.98
  230.77,   476.63,   596.03
  233.78,   478.71,   721.09
  230.47,   599.43,   468.35
  233.33,   601.74,   593.28
  236.26,   603.96,   718.39
  350.11,   346.40,   470.76
  353.21,   348.97,   595.74
  356.24,   351.48,   720.68
  352.61,   471.29,   468.13
  355.79,   474.03,   593.28
  358.85,   476.80,   718.31
  355.22,   596.40,   465.55
  358.20,   598.98,   590.67
  361.14,   601.68,   715.73
  100.74,   350.64,   600.75
  103.80,   347.25,   725.64
  106.66,   344.06,   850.37
   97.51,   475.55,   603.93
  100.33,   471.62,   729.00
  103.07,   468.29,   853.91
   94.30,   600.66,   607.00
   97.08,   596.85,   732.24
   99.84,   593.29,   857.43
  225.60,   353.98,   597.84
  228.72,   350.58,   722.75
  231.47,   347.33,   847.52
  222.19,   478.96,   601.11
  225.18,   475.23,   726.15
  227.89,   472.00,   850.84
  218.87,   604.05,   604.23
  221.79,   600.43,   729.34
  224.83,   597.13,   854.27
  350.52,   357.39,   595.01
  353.52,   354.14,   719.93
  356.31,   350.78,   844.73
  347.19,   482.41,   598.42
  350.21,   479.39,   723.43
  352.85,   476.22,   848.06
  343.70,   607.34,   601.67
  346.60,   604.25,   726.71
  349.41,   601.13,   851.36
  100.18,   475.55,   100.14
  103.96,   478.16,   225.26
  107.44,   480.73,   349.98
   97.48,   600.47,    97.76
  101.30,   603.02,   223.21
  104.79,   605.53,   347.80
   94.77,   725.61,    95.34
   98.35,   728.00,   221.07
  101.84,   730.25,   345.52
  225.16,   477.88,    96.61
  228.87,   480.26,   221.54
  231.98,   482.97,   346.38
  222.57,   602.73,    94.25
  226.15,   605.40,   219.55
  229.45,   608.14,   344.25
  220.28,   727.87,    91.64
  223.48,   730.78,   217.27
  226.91,   733.22,   342.00
  349.75,   480.71,    93.09
  353.07,   482.78,   217.71
  356.49,   485.12,   342.65
  347.38,   605.59,    90.83
  350.77,   608.06,   215.59
  354.13,   610.40,   340.43
  345.17,   730.61,    88.69
  348.63,   733.47,   213.68
  351.92,   735.78,   338.41
   98.53,   474.17,   226.46
   96.84,   473.51,   351.25
   95.01,   472.67,   476.16
   99.21,   599.06,   227.57
   97.51,   598.34,   352.19
   95.74,   597.61,   476.81
   99.57,   724.06,   228.58
   97.88,   723.11,   353.04
   96.28,   722.48,   477.46
  223.55,   473.02,   228.01
  221.46,   472.55,   352.91
  219.57,   471.87,   477.88
  224.11,   598.18,   229.16
  222.21,   597.73,   353.90
  220.41,   597.02,   478.61
  224.75,   723.60,   230.05
  222.98,   722.83,   354.77
  221.30,   721.95,   479.27
  347.80,   472.24,   229.45
  346.04,   471.41,   354.47
  344.46,   470.75,   479.61
  348.76,   597.54,   230.42
  346.92,   596.69,   355.34
  345.21,   595.90,   480.41
  349.91,   723.02,   231.63
  347.98,   722.09,   356.42
  346.01,   721.06,   481.26
  101.58,   473.91,   349.31
  105.09,   476.85,   474.14
  108.66,   479.47,   599.17
   99.61,   598.69,   346.57
  103.19,   601.75,   471.09
  106.83,   604.65,   596.01
   97.31,   723.41,   343.75
  101.09,   726.53,   468.04
  104.91,   729.88,   592.98
  226.16,   475.49,   345.54
  229.63,   478.58,   470.43
  233.38,   481.32,   595.45
  224.26,   600.64,   342.86
  227.83,   603.69,   467.47
  231.44,   606.45,   592.36
  222.35,   725.73,   340.05
  226.07,   728.58,   464.46
  229.59,   731.48,   589.26
  350.66,   476.96,   341.65
  354.46,   480.01,   466.72
  358.39,   483.20,   591.85
  348.93,   602.23,   338.85
  352.57,   605.16,   463.82
  356.28,   608.15,   588.90
  347.36,   727.61,   336.26
  350.77,   730.32,   461.01
  354.17,   733.04,   585.88
   99.84,   476.43,   476.35
   97.96,   473.78,   601.45
   96.11,   470.80,   726.57
   97.30,   601.31,   478.45
   95.50,   598.93,   603.48
   93.63,   596.07,   728.77
   94.55,   726.13,   480.58
   92.94,   724.21,   605.64
   91.43,   722.06,   730.93
  224.38,   478.86,   478.18
  222.68,   476.30,   603.26
  220.99,   473.48,   728.34
  221.96,   603.98,   480.37
  220.11,   601.43,   605.35
  218.37,   598.72,   730.49
  219.57,   728.85,   482.49
  217.63,   726.54,   607.41
  215.86,   724.19,   732.64
  349.26,   481.00,   480.04
  347.73,   478.91,   605.21
  346.06,   476.79,   730.24
  346.72,   606.13,   482.30
  344.99,   603.87,   607.43
  343.22,   601.72,   732.49
  344.25,   731.24,   484.62
  342.22,   728.72,   609.54
  340.32,   726.24,   734.51
  100.00,   475.17,   599.32
  103.46,   473.21,   724.41
  106.84,   471.81,   849.33
   97.74,   600.34,   600.39
  101.18,   598.52,   725.63
  104.61,   596.89,   850.85
   95.37,   725.62,   601.59
   99.16,   724.54,   726.83
  102.92,   723.10,   852.13
  224.69,   477.58,   595.80
  228.31,   475.86,   720.87
  231.69,   474.58,   845.59
  222.32,   602.72,   596.93
  225.87,   601.11,   722.06
  229.56,   599.78,   847.02
  220.04,   727.81,   598.04
  223.52,   726.52,   723.23
  227.54,   725.02,   848.41
  349.69,   480.01,   592.41
  353.35,   478.99,   717.45
  356.65,   477.83,   842.12
  347.16,   605.00,   593.67
  350.71,   603.90,   718.74
  354.16,   602.78,   843.44
  344.62,   729.89,   594.85
  347.99,   728.45,   719.80
  351.69,   727.09,   844.67
  101.53,   599.65,    98.39
  101.49,   600.36,   223.90
  101.15,   601.00,   348.55
  100.83,   724.84,    97.75
  100.53,   725.39,   223.56
  100.20,   725.77,   348.06
  100.14,   850.34,    97.44
   99.43,   850.54,   223.04
   99.33,   850.64,   347.30
  226.68,   600.02,    98.80
  226.41,   600.82,   224.12
  225.86,   601.70,   348.89
  226.37,   725.23,    98.02
  225.73,   726.25,   223.66
  225.32,   726.82,   348.43
  225.93,   850.80,    97.48
  224.84,   851.44,   222.88
  224.69,   851.42,   347.65
  351.54,   600.97,    99.21
  351.08,   601.54,   224.03
  350.60,   602.01,   348.96
  351.33,   726.10,    98.93
  350.92,   727.01,   223.92
  350.36,   727.42,   348.71
  350.84,   851.29,    98.62
  350.47,   852.04,   223.47
  349.93,   852.35,   348.37
   98.80,   600.97,   225.07
   96.61,   601.24,   349.70
   94.34,   601.50,   474.30
   98.32,   725.98,   225.08
   96.13,   726.01,   349.56
   94.02,   726.36,   473.96
   97.70,   851.12,   224.89
   95.73,   850.91,   349.15
   93.59,   851.31,   473.81
  223.70,   600.96,   227.17
  221.31,   601.50,   351.91
  219.02,   601.78,   476.60
  223.49,   726.38,   227.05
  221.23,   726.60,   351.77
  219.07,   726.70,   476.25
  223.06,   851.55,   226.61
  221.09,   851.18,   351.32
  219.07,   851.11,   475.89
  348.36,   601.18,   228.93
  346.02,   601.33,   353.85
  343.80,   601.52,   478.89
  348.67,   726.66,   229.14
  346.24,   726.72,   353.92
  343.78,   726.68,   478.75
  348.69,   851.69,   229.04
  346.29,   851.65,   353.92
  343.84,   851.46,   478.71
   99.52,   601.17,   351.09
   99.80,   601.72,   475.71
  100.13,   602.13,   600.74
   96.90,   725.91,   350.68
   97.37,   726.55,   475.09
   97.88,   727.41,   600.17
   94.36,   850.79,   350.02
   94.79,   851.46,   474.68
   95.45,   852.46,   599.92
  224.22,   603.55,   350.73
  224.49,   604.10,   475.44
  224.78,   604.35,   600.43
  222.00,   728.63,   350.34
  222.40,   729.00,   474.84
  222.60,   729.45,   599.76
  219.71,   853.18,   349.61
  220.26,   853.37,   474.21
  220.26,   854.19,   599.47
  348.95,   605.53,   350.10
  349.27,   605.98,   475.17
  349.67,   606.49,   600.33
  347.03,   730.92,   349.93
  347.12,   731.13,   474.77
  347.21,   731.38,   599.72
  344.92,   855.79,   349.65
  345.05,   855.87,   474.48
  345.02,   856.15,   599.29
  101.81,   601.31,   473.65
  100.90,   602.89,   598.67
   99.95,   603.99,   723.96
  100.87,   726.15,   471.85
  100.12,   728.17,   596.90
   99.51,   730.03,   722.19
   99.80,   851.01,   470.21
   99.15,   853.20,   595.47
   98.99,   855.58,   720.59
  226.51,   602.20,   474.62
  225.56,   603.63,   599.60
  224.71,   604.93,   724.76
  225.90,   727.12,   472.86
  224.86,   728.73,   597.75
  223.93,   730.36,   722.98
  225.25,   851.51,   471.05
  224.01,   853.46,   596.26
  223.10,   855.38,   721.55
  351.31,   602.61,   475.59
  350.47,   604.31,   600.74
  349.60,   606.11,   725.82
  350.63,   727.78,   474.00
  349.49,   729.21,   598.95
  348.47,   730.65,   723.92
  350.04,   852.57,   472.54
  348.78,   853.99,   597.33
  347.60,   855.59,   722.17
   99.17,   601.91,   598.71
   99.23,   602.75,   724.01
   99.26,   603.75,   849.30
  102.13,   727.18,   597.21
  102.53,   728.74,   722.50
  102.95,   729.99,   847.84
  104.90,   852.16,   596.04
  105.71,   854.27,   721.19
  106.16,   856.24,   846.24
  223.80,   598.91,   598.67
  223.96,   599.92,   723.84
  224.27,   601.19,   848.86
  226.83,   723.98,   597.09
  226.91,   725.31,   722.32
  227.56,   726.45,   847.55
  229.74,   848.68,   595.84
  229.79,   850.28,   721.14
  230.55,   851.47,   846.05
  348.69,   595.83,   598.83
  348.84,   597.38,   723.93
  348.88,   598.85,   848.65
  351.45,   720.71,   597.33
  351.45,   721.90,   722.31
  351.76,   723.17,   847.20
  354.44,   845.47,   595.96
  354.28,   846.77,   720.78
  354.80,   848.00,   845.98
  224.92,   101.33,   101.45
  225.08,   104.59,   226.35
  225.07,   107.30,   351.36
  224.34,   226.26,    98.06
  224.61,   229.45,   222.81
  224.40,   232.38,   347.99
  223.65,   350.83,    95.01
  224.08,   354.01,   219.80
  223.79,   357.29,   344.82
  349.63,   101.50,   101.46
  349.84,   105.05,   226.55
  350.05,   108.26,   351.51
  349.13,   226.48,    98.29
  349.16,   229.96,   223.48
  349.29,   233.14,   348.39
  348.35,   351.51,    95.04
  348.29,   354.54,   219.95
  348.39,   357.69,   344.88
  474.54,   101.86,   101.41
  474.67,   105.52,   226.62
  474.91,   108.98,   351.39
  473.96,   226.98,    98.36
  473.85,   230.50,   223.75
  474.12,   233.79,   348.44
  473.11,   352.17,    94.95
  472.83,   355.15,   219.88
  473.23,   358.25,   344.82
  224.18,   101.05,   226.87
  227.51,   103.62,   351.83
  230.79,   106.46,   476.81
  226.26,   225.90,   223.41
  229.39,   228.69,   348.55
  232.70,   231.61,   473.68
  228.27,   350.45,   220.47
  231.30,   353.57,   345.45
  234.52,   356.69,   470.53
  348.87,    98.86,   223.76
  352.42,   101.94,   348.68
  355.79,   104.91,   473.48
  350.77,   223.79,   220.82
  354.22,   226.84,   345.70
  357.65,   229.76,   470.40
  352.42,   348.36,   217.39
  355.86,   351.37,   342.27
  359.43,   354.48,   467.19
  473.62,    96.70,   220.53
  477.22,   100.00,   345.26
  480.59,   103.15,   470.09
  475.41,   221.69,   217.84
  478.99,   224.87,   342.49
  482.46,   227.80,   466.99
  476.93,   346.35,   214.08
  480.65,   349.31,   338.96
  484.43,   352.38,   463.84
  226.52,    99.51,   349.37
  227.18,    99.48,   474.42
  228.10,   100.01,   599.27
  225.06,   224.62,   348.97
  225.77,   224.69,   474.19
  226.79,   225.00,   599.22
  223.67,   349.57,   348.79
  224.29,   349.83,   473.96
  225.31,   349.95,   599.10
  351.48,   101.23,   348.76
  352.25,   101.35,   473.64
  352.86,   101.41,   598.47
  349.96,   226.18,   348.67
  350.79,   226.26,   473.46
  351.54,   226.26,   598.26
  348.29,   350.77,   348.15
  349.24,   351.05,   473.16
  350.28,   351.37,   598.21
  476.33,   102.72,   347.91
  477.09,   103.01,   472.80
  477.61,   102.87,   597.75
  474.77,   227.62,   348.01
  475.64,   227.71,   472.60
  476.25,   227.60,   597.41
  473.12,   352.10,   347.39
  474.29,   352.34,   472.37
  475.25,   352.73,   597.39
  226.99,    98.41,   473.59
  228.19,    97.99,   598.44
  229.38,    97.71,   723.36
  224.11,   223.59,   474.33
  225.42,   222.96,   599.35
  226.86,   222.65,   724.23
  221.16,   348.71,   475.07
  222.47,   347.87,   600.20
  223.84,   347.03,   725.18
  352.03,   101.76,   472.54
  352.93,   100.87,   597.37
  353.89,    99.99,   722.20
  349.10,   226.64,   473.33
  350.14,   225.70,   598.13
  351.19,   224.80,   723.02
  346.09,   351.41,   474.00
  347.41,   350.78,   599.05
  348.66,   350.05,   724.03
  476.85,   104.90,   471.44
  477.66,   103.81,   596.38
  478.50,   102.59,   721.31
  473.93,   229.57,   472.21
  474.83,   228.51,   597.01
  475.68,   227.44,   722.09
  471.10,   354.18,   472.94
  472.35,   353.61,   597.95
  473.42,   353.06,   723.00
  226.98,    98.34,   598.37
  227.69,    99.43,   723.29
  228.08,   100.07,   848.29
  227.35,   223.34,   597.90
  228.28,   224.37,   722.79
  228.96,   224.91,   847.77
  227.53,   348.29,   597.37
  228.40,   348.79,   722.36
  228.89,   349.42,   847.20
  351.77,    98.08,   597.79
  352.23,    98.56,   722.62
  353.17,    99.19,   847.64
  352.10,   222.93,   597.16
  352.65,   223.38,   722.05
  353.57,   223.91,   847.18
  352.51,   348.04,   596.70
  353.25,   348.68,   721.69
  353.81,   349.22,   846.56
  476.54,    97.89,   597.29
  476.89,    98.03,   722.21
  477.90,    98.65,   847.21
  476.81,   222.60,   596.52
  477.16,   222.86,   721.61
  478.20,   223.41,   846.78
  477.47,   347.72,   596.08
  478.04,   348.50,   721.14
  478.77,   349.14,   846.17
  226.26,   225.47,    99.66
  226.92,   229.07,   224.41
  227.13,   232.41,   349.58
  225.85,   350.03,    96.20
  226.67,   353.62,   220.98
  226.79,   357.31,   345.99
  225.46,   474.71,    92.70
  226.25,   478.32,   217.67
  226.41,   482.29,   342.53
  351.03,   225.39,    99.49
  351.47,   229.28,   224.68
  352.01,   232.88,   349.57
  350.54,   350.41,    95.83
  350.88,   353.85,   220.73
  351.40,   357.41,   345.64
  350.14,   475.36,    92.20
  350.51,   478.66,   216.84
  350.97,   482.26,   341.80
  475.87,   225.60,    99.16
  476.17,   229.53,   224.54
  476.84,   233.23,   349.20
  475.31,   350.77,    95.33
  475.44,   354.16,   220.25
  476.25,   357.67,   345.18
  475.01,   475.80,    91.53
  475.13,   479.04,   216.07
  475.86,   482.47,   341.20
  223.78,   223.54,   224.95
  220.43,   220.17,   350.09
  217.26,   216.93,   475.25
  223.34,   348.11,   228.18
  219.89,   345.11,   353.18
  216.65,   342.07,   478.30
  222.70,   472.84,   231.55
  219.30,   470.13,   356.40
  216.09,   467.20,   481.31
  348.33,   223.90,   228.81
  345.32,   220.81,   353.67
  342.27,   217.58,   478.39
  347.53,   348.48,   231.55
  344.51,   345.38,   356.45
  341.59,   342.38,   481.39
  346.93,   473.27,   234.32
  343.85,   470.21,   359.29
  340.96,   467.31,   484.38
  472.99,   224.30,   232.27
  470.12,   221.33,   356.90
  467.08,   218.12,   481.43
  472.06,   348.92,   234.68
  469.34,   345.78,   359.60
  466.60,   342.75,   484.48
  471.51,   473.77,   237.16
  468.72,   470.54,   362.31
  466.06,   467.61,   487.52
  225.33,   225.52,   348.95
  227.26,   228.25,   474.12
  229.51,   231.20,   599.11
  224.84,   350.44,   346.11
  226.68,   353.36,   471.24
  228.92,   356.13,   596.32
  224.30,   475.44,   343.40
  226.16,   478.49,   468.32
  228.30,   481.19,   593.37
  350.21,   226.13,   347.41
  352.27,   228.86,   472.16
  354.25,   231.52,   596.92
  349.44,   350.69,   344.24
  351.62,   353.62,   469.20
  353.89,   356.61,   594.21
  348.84,   475.53,   341.14
  351.03,   478.54,   466.24
  353.36,   481.68,   591.40
  475.02,   226.62,   345.52
  477.12,   229.36,   470.06
  478.97,   231.91,   594.83
  474.26,   351.08,   342.25
  476.66,   353.96,   467.17
  478.86,   357.00,   592.15
  473.69,   475.87,   338.99
  476.13,   478.82,   464.24
  478.50,   482.10,   589.42
  226.81,   223.23,   475.97
  224.53,   223.28,   600.97
  222.39,   223.69,   725.84
  224.08,   348.35,   475.95
  221.80,   348.20,   601.06
  219.58,   348.04,   726.03
  221.42,   473.49,   475.89
  219.04,   473.23,   600.98
  216.68,   472.69,   726.07
  351.78,   226.04,   478.53
  349.23,   225.78,   603.32
  346.72,   225.59,   728.20
  349.00,   350.82,   478.45
  346.73,   350.87,   603.48
  344.39,   350.82,   728.44
  346.27,   475.77,   478.37
  344.07,   475.97,   603.54
  341.72,   476.13,   728.59
  476.59,   228.72,   480.97
  473.88,   228.34,   605.78
  471.17,   227.96,   730.85
  474.01,   353.36,   480.96
  471.65,   353.49,   605.97
  469.14,   353.61,   730.99
  471.35,   478.24,   480.92
  469.16,   478.64,   606.11
  466.78,   479.12,   731.08
  227.15,   225.54,   599.72
  227.78,   225.55,   724.61
  228.14,   225.06,   849.59
  228.01,   350.49,   600.21
  228.57,   349.97,   725.20
  228.73,   349.57,   850.04
  228.84,   475.55,   600.54
  229.27,   474.73,   725.66
  229.42,   474.34,   850.42
  351.90,   224.46,   599.29
  352.14,   223.88,   724.19
  352.76,   223.39,   849.31
  352.99,   349.57,   599.85
  353.42,   349.18,   724.84
  353.66,   348.69,   849.71
  353.93,   474.69,   600.33
  354.38,   474.55,   725.40
  354.45,   474.22,   850.10
  476.60,   223.44,   598.96
  476.65,   222.68,   724.05
  477.39,   222.21,   849.22
  477.95,   348.57,   599.54
  478.20,   348.33,   724.60
  478.63,   347.93,   849.63
  479.08,   473.74,   600.10
  479.48,   473.85,   725.09
  479.63,   473.65,   849.85
  226.15,   350.73,   101.57
  226.20,   347.12,   226.35
  225.59,   343.57,   351.37
  228.66,   475.36,   105.34
  228.62,   471.79,   230.25
  228.04,   468.52,   355.12
  231.15,   600.21,   108.97
  230.97,   596.91,   234.16
  230.58,   593.65,   358.86
  350.76,   348.24,   101.88
  350.40,   344.49,   226.82
  350.22,   340.86,   351.74
  353.21,   473.12,   105.42
  352.85,   469.24,   230.11
  352.62,   465.61,   355.11
  355.94,   598.05,   109.08
  355.60,   594.46,   233.83
  355.28,   590.80,   358.73
  475.48,   345.73,   102.07
  474.96,   341.95,   227.05
  475.06,   338.27,   351.98
  478.01,   470.69,   105.39
  477.46,   466.73,   230.05
  477.51,   462.97,   355.21
  480.88,   595.73,   109.19
  480.47,   591.95,   233.73
  480.24,   588.12,   358.73
  226.91,   349.31,   224.10
  225.00,   346.79,   349.13
  223.27,   344.24,   474.27
  226.46,   474.04,   226.98
  224.58,   471.80,   351.86
  222.89,   469.37,   476.81
  225.93,   599.20,   229.87
  224.24,   596.98,   354.59
  222.64,   594.50,   479.28
  351.11,   349.53,   225.93
  349.62,   346.92,   350.87
  348.24,   344.39,   475.84
  350.71,   474.35,   228.21
  349.16,   471.75,   353.21
  347.80,   469.33,   478.34
  350.59,   599.63,   230.93
  348.96,   597.01,   355.83
  347.45,   594.46,   480.88
  475.68,   349.84,   227.51
  474.48,   347.17,   352.47
  473.28,   344.62,   477.40
  475.33,   474.70,   229.52
  474.06,   471.95,   354.69
  472.93,   469.48,   479.95
  475.48,   600.00,   232.21
  473.92,   597.19,   357.20
  472.47,   594.64,   482.47
  224.41,   351.84,   349.05
  227.48,   350.13,   474.17
  230.96,   348.28,   599.25
  223.81,   476.87,   350.97
  226.92,   475.27,   475.89
  230.31,   473.33,   600.95
  223.28,   602.06,   352.88
  226.49,   600.42,   477.54
  229.73,   598.48,   602.50
  348.99,   352.22,   345.97
  352.41,   350.53,   470.93
  355.89,   348.89,   595.92
  348.35,   477.08,   347.50
  351.78,   475.48,   472.61
  355.35,   474.00,   597.76
  347.97,   602.38,   349.32
  351.25,   600.64,   474.33
  354.62,   598.99,   599.45
  473.78,   352.74,   342.76
  477.41,   351.02,   467.69
  480.83,   349.42,   592.65
  473.18,   477.55,   344.15
  476.86,   475.90,   469.40
  480.45,   474.56,   594.56
  472.90,   602.83,   345.86
  476.24,   601.09,   471.08
  479.65,   599.60,   596.32
  223.99,   350.08,   475.43
  227.85,   351.22,   600.50
  231.76,   352.33,   725.43
  222.42,   475.23,   474.18
  226.18,   476.28,   599.23
  229.96,   477.10,   724.29
  220.98,   600.38,   472.87
  224.60,   601.44,   597.81
  228.31,   602.38,   722.92
  348.90,   351.42,   471.77
  352.77,   352.77,   596.77
  356.57,   354.04,   721.71
  347.25,   476.37,   470.49
  351.19,   477.86,   595.64
  355.01,   479.39,   720.67
  345.71,   601.53,   469.25
  349.45,   602.86,   594.35
  353.15,   604.30,   719.41
  473.88,   352.83,   468.13
  477.69,   354.24,   593.09
  481.32,   355.67,   718.09
  472.30,   477.71,   466.87
  476.27,   479.36,   592.04
  480.06,   481.14,   716.99
  470.66,   602.90,   465.58
  474.44,   604.39,   590.82
  478.23,   605.95,   715.80
  223.36,   349.30,   599.83
  224.12,   345.73,   724.76
  224.50,   342.29,   849.56
  225.61,   474.28,   603.21
  226.23,   470.38,   728.28
  226.55,   466.96,   852.98
  227.93,   599.38,   606.45
  228.49,   595.60,   731.59
  229.14,   592.12,   856.51
  348.31,   346.97,   599.21
  348.94,   343.50,   724.14
  349.38,   339.94,   848.98
  350.67,   472.03,   602.74
  351.32,   468.81,   727.76
  351.57,   465.39,   852.40
  352.85,   596.98,   606.13
  353.39,   593.75,   731.18
  353.80,   590.42,   855.81
  473.25,   344.58,   598.64
  473.68,   341.24,   723.65
  474.30,   337.75,   848.64
  475.80,   469.69,   602.25
  476.38,   466.73,   727.20
  476.73,   463.43,   851.92
  477.91,   594.66,   605.72
  478.54,   591.57,   730.66
  478.99,   588.35,   855.23
  224.04,   476.18,   101.24
  225.94,   478.65,   226.21
  227.28,   481.43,   351.08
  220.80,   601.02,    98.83
  222.60,   603.76,   224.14
  224.13,   606.57,   348.86
  217.87,   726.16,    96.13
  219.29,   729.12,   221.78
  220.95,   731.61,   346.51
  348.60,   479.64,    99.44
  350.16,   481.80,   224.13
  351.82,   484.21,   349.12
  345.62,   604.54,    97.11
  347.24,   607.06,   221.93
  348.83,   609.47,   346.81
  342.79,   729.58,    94.91
  344.46,   732.46,   219.92
  345.98,   734.82,   344.69
  473.40,   482.92,    97.53
  474.75,   485.00,   222.12
  476.67,   487.24,   347.28
  470.55,   607.94,    95.42
  472.12,   610.29,   219.94
  473.76,   612.50,   344.86
  467.74,   732.85,    93.51
  469.63,   735.70,   218.26
  470.99,   737.94,   342.78
  227.08,   475.15,   225.20
  223.35,   473.16,   350.05
  219.79,   470.99,   474.97
  223.67,   600.27,   227.77
  220.11,   598.30,   352.46
  216.65,   596.09,   477.11
  220.30,   725.63,   230.08
  216.88,   723.34,   354.74
  213.56,   720.96,   479.17
  351.26,   478.33,   228.35
  347.84,   475.98,   353.32
  344.60,   473.80,   478.42
  348.26,   603.59,   230.76
  344.76,   601.22,   355.63
  341.37,   598.91,   480.63
  345.41,   729.00,   233.39
  341.82,   726.55,   358.12
  338.20,   724.00,   482.89
  475.81,   481.55,   231.57
  472.67,   479.04,   356.72
  469.65,   476.82,   481.95
  473.09,   606.83,   233.97
  469.64,   604.26,   358.91
  466.30,   601.95,   484.14
  470.52,   732.26,   236.88
  466.74,   729.68,   361.39
  462.95,   727.17,   486.34
  223.64,   476.78,   349.91
  226.51,   473.19,   474.79
  229.67,   469.27,   599.81
  223.81,   601.93,   353.78
  226.78,   598.30,   478.41
  229.79,   594.37,   603.34
  224.00,   726.97,   357.52
  227.09,   723.18,   481.97
  229.98,   719.44,   606.82
  348.19,   476.34,   346.66
  351.38,   472.74,   471.73
  354.72,   469.27,   596.85
  348.51,   601.59,   350.44
  351.55,   597.86,   475.42
  354.70,   594.24,   600.51
  348.99,   726.93,   354.42
  351.78,   722.99,   479.17
  354.61,   719.09,   604.07
  473.02,   476.15,   343.53
  476.47,   472.50,   468.75
  479.82,   469.18,   593.87
  473.44,   601.38,   347.21
  476.55,   597.65,   472.40
  479.74,   594.19,   597.60
  473.99,   726.81,   351.19
  476.62,   722.91,   476.06
  479.43,   719.10,   601.22
  223.86,   474.42,   474.31
  221.16,   476.77,   599.36
  218.47,   478.84,   724.42
  222.99,   599.55,   471.63
  220.15,   601.93,   596.56
  217.41,   604.14,   721.67
  222.15,   724.46,   468.90
  219.24,   727.02,   593.74
  216.43,   729.61,   718.92
  348.74,   475.10,   477.09
  346.21,   477.90,   602.23
  343.54,   480.67,   727.25
  347.76,   600.23,   474.47
  345.03,   602.88,   599.57
  342.26,   605.60,   724.61
  346.85,   725.39,   471.92
  343.83,   727.76,   596.81
  340.91,   730.17,   721.75
  473.84,   475.98,   479.95
  471.33,   478.97,   605.10
  468.62,   482.05,   730.04
  472.75,   601.14,   477.29
  470.05,   603.95,   602.52
  467.35,   606.82,   727.46
  471.68,   726.41,   474.64
  468.61,   728.86,   599.82
  465.88,   731.17,   724.74
  225.87,   473.82,   598.47
  226.15,   471.63,   723.58
  226.16,   469.88,   848.34
  228.99,   598.93,   600.00
  229.20,   596.87,   725.17
  229.53,   595.08,   850.15
  232.19,   723.98,   601.51
  232.32,   722.22,   726.73
  233.01,   720.28,   851.93
  350.92,   470.73,   598.36
  351.23,   469.23,   723.43
  351.16,   467.55,   848.12
  353.89,   595.69,   600.04
  354.10,   594.18,   725.13
  354.18,   592.59,   849.83
  356.80,   720.55,   601.62
  356.87,   718.66,   726.60
  357.23,   716.88,   851.47
  476.02,   467.57,   598.23
  476.28,   466.33,   723.22
  476.29,   464.78,   847.99
  478.94,   592.57,   599.98
  479.23,   591.19,   724.98
  479.35,   589.70,   849.61
  481.63,   717.48,   601.61
  481.92,   715.57,   726.63
  482.38,   713.75,   851.46
  225.53,   598.08,    99.81
  227.11,   597.86,   225.11
  228.42,   597.72,   349.86
  225.26,   723.30,   100.06
  226.50,   723.29,   225.68
  227.94,   722.86,   350.43
  224.86,   848.87,   100.52
  225.66,   848.48,   225.93
  227.38,   847.47,   350.69
  350.38,   598.98,    98.35
  351.77,   598.52,   223.16
  353.15,   597.97,   348.08
  350.21,   724.11,    99.08
  351.67,   724.00,   224.06
  352.96,   723.39,   348.85
  349.79,   849.31,    99.80
  351.29,   849.05,   224.66
  352.60,   848.36,   349.55
  475.34,   599.74,    96.90
  476.66,   599.11,   221.43
  478.12,   598.37,   346.41
  475.23,   724.75,    97.90
  476.86,   724.59,   222.62
  478.00,   723.86,   347.18
  474.76,   849.65,    98.59
  476.50,   849.62,   223.52
  477.68,   848.98,   348.03
  226.65,   597.94,   225.90
  223.71,   598.34,   350.64
  220.87,   598.49,   475.32
  226.30,   723.37,   225.93
  223.48,   723.46,   350.65
  220.77,   723.42,   475.13
  225.72,   848.56,   225.64
  223.17,   848.06,   350.36
  220.62,   847.84,   474.91
  351.28,   598.33,   228.20
  348.41,   598.32,   353.11
  345.65,   598.37,   478.16
  351.44,   723.81,   228.56
  348.47,   723.73,   353.33
  345.47,   723.54,   478.15
  351.33,   848.86,   228.62
  348.37,   848.68,   353.48
  345.37,   848.34,   478.26
  476.14,   598.62,   230.72
  473.34,   598.42,   355.71
  470.64,   598.48,   480.98
  476.59,   724.11,   231.35
  473.46,   723.92,   355.91
  470.29,   723.78,   480.89
  476.51,   849.17,   231.72
  473.42,   849.04,   356.22
  470.15,   848.82,   481.06
  226.33,   600.12,   351.99
  225.86,   600.05,   476.71
  225.43,   599.69,   601.71
  230.09,   725.19,   352.22
  229.73,   724.93,   476.75
  229.19,   724.74,   601.67
  233.79,   849.75,   352.17
  233.56,   849.30,   476.78
  232.82,   849.45,   601.96
  351.00,   596.11,   352.09
  350.62,   595.96,   477.17
  350.31,   595.89,   602.35
  355.05,   721.46,   352.52
  354.40,   721.08,   477.39
  353.79,   720.74,   602.37
  358.95,   846.40,   352.91
  358.27,   845.88,   477.74
  357.50,   845.49,   602.53
  475.91,   592.23,   352.31
  475.60,   592.09,   477.62
  475.34,   592.20,   602.90
  480.01,   717.66,   352.71
  479.23,   717.34,   477.72
  478.59,   717.09,   602.97
  483.95,   842.77,   353.23
  483.03,   842.36,   478.06
  482.28,   841.93,   603.06
  226.12,   602.20,   476.80
  224.45,   599.75,   601.77
  222.87,   597.14,   726.92
  227.68,   727.10,   478.91
  225.90,   724.84,   603.81
  224.27,   722.57,   729.03
  229.18,   851.49,   481.02
  227.21,   849.60,   606.22
  225.60,   847.60,   731.45
  350.92,   600.40,   478.48
  349.36,   598.24,   603.62
  347.77,   596.18,   728.69
  352.38,   725.54,   480.78
  350.53,   723.11,   605.73
  348.80,   720.71,   730.69
  353.93,   850.32,   483.21
  351.93,   847.88,   607.97
  350.05,   845.59,   732.79
  475.93,   598.83,   480.14
  474.42,   596.84,   605.39
  472.91,   594.93,   730.35
  477.23,   724.10,   482.34
  475.35,   721.75,   607.56
  473.85,   719.28,   732.53
  478.72,   849.11,   484.81
  476.76,   846.59,   609.73
  475.20,   844.15,   734.50
  226.53,   600.87,   599.64
  229.55,   597.09,   724.74
  232.68,   593.57,   849.66
  226.09,   725.94,   602.89
  229.04,   722.44,   728.06
  232.52,   718.76,   853.18
  225.50,   850.68,   606.51
  228.48,   847.44,   731.68
  232.15,   843.76,   856.53
  351.42,   601.36,   596.92
  354.44,   598.10,   721.95
  357.34,   594.80,   846.60
  350.70,   726.22,   600.24
  353.56,   722.60,   725.16
  356.74,   719.08,   849.97
  350.22,   850.97,   603.70
  352.92,   847.47,   728.45
  356.34,   843.87,   853.60
  476.45,   601.95,   594.12
  479.56,   598.82,   719.06
  482.52,   595.60,   843.64
  475.50,   726.87,   597.49
  478.58,   723.21,   722.44
  481.88,   719.65,   847.22
  475.05,   851.69,   600.90
  478.07,   848.06,   725.60
  481.09,   844.62,   850.89
  350.72,   100.45,   100.91
  354.53,   103.91,   225.96
  358.36,   107.06,   350.87
  354.28,   225.38,    97.74
  357.91,   228.78,   222.92
  361.66,   231.89,   347.77
  357.56,   350.38,    94.47
  361.06,   353.32,   219.35
  364.81,   356.37,   344.22
  475.52,    96.64,    97.32
  479.26,   100.22,   222.47
  483.12,   103.57,   347.18
  479.05,   221.70,    94.26
  482.54,   225.17,   219.64
  486.41,   228.38,   344.26
  482.29,   346.87,    90.86
  485.58,   349.78,   215.76
  489.60,   352.80,   340.64
  600.80,    93.19,    93.55
  604.51,    96.62,   218.37
  608.08,    99.82,   343.20
  603.95,   218.31,    90.65
  607.65,   221.70,   215.41
  611.40,   224.72,   339.94
  607.31,   343.22,    87.07
  610.80,   346.33,   211.89
  614.80,   349.37,   336.81
  350.36,   101.67,   225.86
  350.46,    99.35,   350.81
  350.38,    96.93,   475.67
  346.71,   226.57,   228.30
  346.72,   224.24,   353.24
  346.70,   221.78,   478.01
  342.84,   351.11,   230.29
  342.83,   348.77,   355.25
  342.94,   346.53,   480.25
  475.15,   105.16,   226.13
  475.27,   103.08,   350.89
  475.19,   100.83,   475.76
  471.33,   230.11,   228.79
  471.49,   227.90,   353.49
  471.51,   225.46,   478.07
  467.32,   354.71,   230.43
  467.62,   352.32,   355.41
  467.94,   350.05,   480.37
  600.41,   108.74,   225.77
  600.25,   106.51,   350.62
  600.13,   104.23,   475.67
  596.43,   233.79,   228.31
  596.49,   231.39,   352.98
  596.37,   228.90,   477.88
  592.51,   358.39,   230.29
  592.81,   356.01,   355.34
  593.01,   353.64,   480.40
  351.34,   101.47,   351.40
  349.20,    99.06,   476.24
  346.92,    96.63,   601.04
  347.84,   226.35,   353.74
  345.76,   223.91,   478.50
  343.60,   221.41,   603.27
  344.18,   350.89,   355.68
  342.23,   348.67,   480.66
  340.35,   346.46,   605.67
  476.14,   104.92,   353.53
  473.98,   102.68,   478.38
  471.60,   100.03,   603.30
  472.60,   229.74,   356.04
  470.55,   227.31,   480.61
  468.23,   224.68,   605.40
  468.98,   354.16,   357.89
  467.22,   351.92,   482.84
  465.25,   349.79,   607.83
  601.11,   108.07,   355.31
  598.91,   105.81,   480.35
  596.58,   103.33,   605.53
  597.59,   232.95,   357.59
  595.40,   230.48,   482.49
  593.14,   228.00,   607.64
  594.16,   357.58,   359.89
  592.29,   355.23,   484.93
  590.21,   353.00,   609.96
  349.24,   102.10,   475.52
  345.77,   103.75,   600.29
  342.36,   105.43,   725.06
  350.48,   227.01,   473.78
  347.14,   228.61,   598.54
  343.85,   230.28,   723.39
  351.64,   351.79,   471.93
  348.57,   353.70,   596.93
  345.44,   355.52,   721.87
  474.04,   101.12,   478.81
  470.45,   102.54,   603.69
  466.92,   103.85,   728.56
  475.29,   225.81,   477.04
  471.80,   227.27,   601.81
  468.29,   228.74,   726.83
  476.65,   350.44,   475.26
  473.50,   352.41,   600.23
  470.20,   354.39,   725.23
  599.00,    99.65,   481.96
  595.46,   101.26,   607.09
  591.99,   102.76,   732.06
  600.16,   224.36,   480.04
  596.71,   225.98,   605.19
  593.27,   227.65,   730.50
  601.74,   349.16,   478.48
  598.48,   351.00,   603.50
  595.11,   352.95,   728.53
  348.88,    99.58,   598.38
  347.55,    97.17,   723.19
  346.66,    94.94,   848.19
  350.33,   224.41,   600.69
  349.08,   221.95,   725.56
  348.21,   219.57,   850.66
  351.86,   349.50,   603.16
  350.79,   347.20,   728.12
  349.53,   344.80,   852.97
  473.64,    98.25,   599.67
  472.20,    95.50,   724.56
  471.42,    93.29,   849.53
  475.02,   222.93,   601.83
  473.56,   220.27,   726.90
  472.85,   217.90,   852.04
  476.81,   348.05,   604.33
  475.55,   345.89,   729.36
  474.50,   343.58,   854.36
  598.70,    96.81,   600.92
  597.34,    94.25,   725.86
  596.31,    91.88,   850.75
  599.98,   221.49,   603.09
  598.61,   219.06,   728.45
  597.67,   216.81,   853.40
  601.81,   346.50,   605.48
  600.52,   344.32,   730.56
  599.46,   342.11,   855.61
  349.25,   226.43,   100.12
  347.68,   224.97,   225.33
  346.19,   223.22,   350.26
  351.31,   351.44,   101.84
  349.64,   349.55,   226.79
  348.14,   347.79,   351.74
  353.47,   476.37,   103.53
  351.80,   474.37,   228.25
  350.25,   472.62,   353.27
  474.05,   224.05,   101.83
  472.35,   222.64,   227.24
  470.99,   221.02,   351.94
  476.01,   349.22,   103.37
  474.19,   347.29,   228.35
  472.98,   345.48,   353.32
  478.26,   474.23,   104.84
  476.41,   472.14,   229.52
  475.14,   470.24,   354.72
  599.02,   221.96,   103.31
  597.51,   220.45,   228.15
  596.01,   218.63,   352.81
  601.09,   346.90,   104.68
  599.43,   345.13,   229.62
  598.19,   343.30,   354.62
  603.47,   471.76,   106.20
  601.80,   469.84,   231.07
  600.49,   468.17,   356.33
  351.03,   226.49,   224.51
  351.65,   229.70,   349.42
  352.25,   232.79,   474.16
  350.16,   351.07,   220.96
  350.77,   354.25,   345.88
  351.50,   357.54,   470.85
  349.51,   475.88,   217.44
  350.06,   479.09,   342.41
  350.80,   482.46,   467.53
  475.72,   227.00,   224.28
  476.48,   230.32,   348.96
  477.12,   233.42,   473.52
  474.72,   351.65,   220.39
  475.61,   354.78,   345.33
  476.56,   358.02,   470.27
  474.12,   476.52,   216.59
  474.94,   479.57,   341.72
  475.92,   482.88,   466.98
  600.90,   227.66,   223.09
  601.55,   230.79,   347.72
  602.05,   233.83,   472.61
  599.98,   352.31,   219.55
  600.88,   355.46,   344.54
  601.71,   358.61,   469.60
  599.53,   477.04,   216.01
  600.33,   480.32,   341.23
  601.20,   483.67,   466.46
  349.88,   224.65,   349.16
  346.34,   226.52,   473.89
  342.75,   228.34,   598.64
  348.56,   349.23,   346.81
  345.15,   351.31,   471.75
  341.82,   353.43,   596.74
  347.41,   474.08,   344.52
  344.02,   476.26,   469.61
  340.74,   478.52,   594.74
  474.66,   225.79,   352.84
  471.15,   227.67,   477.38
  467.40,   229.36,   602.13
  473.36,   350.26,   350.40
  470.16,   352.31,   475.31
  466.75,   354.50,   600.27
  472.25,   475.05,   347.97
  469.09,   477.18,   473.20
  465.84,   479.63,   598.36
  599.66,   226.74,   355.73
  596.01,   228.58,   480.62
  592.30,   230.42,   605.74
  598.57,   351.43,   353.74
  595.24,   353.37,   478.77
  591.73,   355.46,   603.77
  597.58,   476.32,   351.62
  594.32,   478.45,   476.81
  590.95,   480.64,   601.78
  350.62,   227.03,   473.55
  347.42,   226.59,   598.32
  344.26,   226.21,   723.18
  351.21,   351.83,   473.72
  348.28,   351.70,   598.73
  345.29,   351.47,   723.68
  351.85,   476.79,   473.89
  349.00,   476.81,   599.05
  346.01,   476.81,   724.09
  475.44,   226.34,   476.64
  472.08,   225.77,   601.42
  468.70,   225.19,   726.46
  476.23,   350.99,   476.88
  473.22,   350.92,   601.86
  470.04,   350.85,   726.88
  476.96,   475.89,   477.10
  474.11,   476.09,   602.27
  471.08,   476.38,   727.23
  600.31,   225.41,   479.48
  597.00,   224.99,   604.64
  593.70,   224.62,   729.97
  601.32,   350.22,   479.94
  598.20,   350.03,   604.98
  594.97,   349.94,   730.03
  602.20,   475.33,   480.31
  599.22,   475.23,   605.28
  596.10,   475.20,   730.10
  350.41,   222.88,   600.08
  350.01,   221.74,   724.97
  349.99,   220.68,   850.09
  352.39,   347.98,   601.22
  352.17,   347.01,   726.20
  351.77,   345.94,   851.08
  354.22,   473.09,   602.28
  354.02,   472.37,   727.35
  353.44,   471.46,   852.03
  475.10,   220.97,   600.38
  474.49,   219.63,   725.47
  474.62,   218.59,   850.63
  477.33,   346.09,   601.54
  476.93,   345.26,   726.60
  476.73,   344.29,   851.63
  479.35,   471.26,   602.68
  479.10,   470.79,   727.67
  478.61,   470.00,   852.43
  600.06,   219.11,   600.79
  599.55,   217.99,   726.18
  599.44,   217.07,   851.17
  602.34,   344.11,   601.85
  601.90,   343.26,   726.95
  601.68,   342.37,   852.03
  604.48,   469.28,   602.89
  604.14,   468.48,   727.74
  603.76,   467.62,   852.80
  348.23,   349.29,    99.43
  345.46,   347.68,   224.36
  342.84,   346.17,   349.30
  347.56,   474.25,   100.84
  344.81,   472.50,   225.55
  342.12,   471.03,   350.54
  347.15,   599.21,   102.34
  344.42,   597.79,   227.15
  341.67,   596.31,   352.04
  472.92,   349.89,   102.11
  469.98,   348.22,   227.08
  467.65,   346.67,   352.03
  472.34,   474.93,   103.30
  469.37,   473.10,   227.95
  466.97,   471.46,   353.12
  472.08,   600.03,   104.98
  469.26,   598.41,   229.52
  466.59,   596.72,   354.51
  597.98,   350.39,   104.56
  595.20,   348.86,   229.49
  592.86,   347.30,   354.49
  597.53,   475.29,   105.79
  594.73,   473.62,   230.63
  592.31,   472.19,   355.88
  597.28,   600.38,   107.57
  594.63,   598.81,   232.25
  591.86,   597.42,   357.20
  348.15,   349.10,   225.50
  350.02,   346.38,   350.44
  352.00,   343.75,   475.40
  347.07,   473.90,   227.92
  348.87,   471.20,   352.90
  350.88,   468.67,   478.03
  346.26,   599.18,   230.76
  347.99,   596.46,   355.65
  349.85,   593.80,   480.69
  472.69,   350.15,   223.73
  474.85,   347.39,   348.69
  477.03,   344.72,   473.61
  471.66,   475.02,   225.86
  473.75,   472.16,   351.02
  475.99,   469.57,   476.28
  471.13,   600.31,   228.69
  472.94,   597.39,   353.65
  474.86,   594.73,   478.91
  597.93,   351.30,   221.68
  600.08,   348.54,   346.67
  602.14,   345.76,   471.70
  597.05,   476.03,   224.07
  599.11,   473.40,   349.31
  601.25,   470.82,   474.53
  596.52,   601.21,   226.96
  598.24,   598.60,   351.88
  600.05,   596.06,   477.02
  348.02,   348.27,   349.55
  348.99,   345.97,   474.54
  350.01,   343.70,   599.55
  347.34,   473.11,   351.68
  348.32,   470.91,   476.81
  349.44,   468.81,   601.99
  346.92,   598.38,   354.08
  347.76,   596.05,   479.13
  348.68,   593.80,   604.28
  472.87,   348.79,   348.81
  474.03,   346.46,   473.75
  474.96,   344.24,   598.73
  472.23,   473.58,   350.80
  473.45,   471.33,   476.07
  474.58,   469.40,   601.25
  471.89,   598.82,   353.09
  472.79,   596.49,   478.36
  473.76,   594.41,   603.62
  598.11,   349.45,   347.80
  599.15,   347.01,   472.85
  599.99,   344.69,   597.90
  597.60,   474.33,   350.09
  598.72,   472.08,   475.33
  599.71,   469.86,   600.33
  597.19,   599.55,   352.32
  597.99,   597.33,   477.48
  598.94,   595.07,   602.61
  348.26,   350.80,   473.61
  345.02,   353.72,   598.59
  341.73,   356.55,   723.51
  345.59,   475.70,   470.63
  342.42,   478.77,   595.75
  339.11,   481.80,   720.76
  343.05,   600.83,   467.69
  339.67,   603.72,   592.76
  336.25,   606.70,   717.79
  473.25,   353.34,   477.03
  469.93,   356.34,   601.99
  466.47,   359.37,   726.96
  470.65,   478.18,   474.09
  467.49,   481.44,   599.24
  464.16,   484.79,   724.16
  467.98,   603.32,   471.11
  464.64,   606.39,   596.32
  461.29,   609.51,   721.27
  598.32,   355.96,   480.36
  594.90,   358.85,   605.35
  591.37,   361.83,   730.34
  595.86,   481.00,   477.56
  592.58,   483.99,   602.52
  589.17,   487.05,   727.30
  593.10,   606.21,   474.43
  589.73,   609.14,   599.54
  586.51,   612.05,   724.50
  350.14,   351.17,   600.70
  351.39,   354.67,   725.64
  352.41,   358.08,   850.45
  349.56,   476.24,   597.29
  350.82,   479.97,   722.33
  351.71,   483.55,   846.98
  348.82,   601.19,   593.74
  349.96,   604.85,   718.80
  351.02,   608.47,   843.50
  475.11,   351.65,   599.57
  476.19,   355.32,   724.58
  477.41,   358.83,   849.54
  474.70,   476.75,   596.25
  475.93,   480.76,   721.20
  476.88,   484.47,   845.89
  473.87,   601.73,   592.77
  475.10,   605.52,   717.74
  476.21,   609.21,   842.35
  600.14,   352.03,   598.42
  601.17,   355.64,   723.44
  602.39,   359.22,   848.47
  599.85,   477.17,   595.02
  601.00,   480.83,   719.81
  602.07,   484.42,   844.78
  599.05,   602.36,   591.45
  600.39,   605.88,   716.41
  601.67,   609.33,   841.38
  349.72,   475.27,   100.64
  346.96,   475.95,   225.34
  344.29,   476.91,   350.34
  353.45,   600.21,    99.81
  350.73,   601.22,   224.60
  347.99,   602.15,   349.51
  357.35,   725.29,    99.17
  354.69,   726.65,   224.11
  351.86,   727.51,   348.87
  474.45,   471.86,   103.12
  471.49,   472.47,   227.78
  469.10,   473.25,   352.94
  478.34,   596.91,   102.46
  475.53,   597.73,   227.00
  472.87,   598.47,   351.99
  482.33,   721.90,   102.11
  479.79,   723.16,   226.78
  476.80,   723.91,   351.33
  599.59,   468.13,   105.62
  596.80,   468.89,   230.47
  594.39,   469.89,   355.73
  603.48,   593.15,   105.04
  600.85,   594.01,   229.75
  598.09,   595.08,   354.71
  607.47,   718.24,   104.71
  604.97,   719.36,   229.33
  601.79,   720.38,   353.72
  349.02,   472.83,   223.37
  352.21,   473.18,   348.35
  355.62,   473.70,   473.47
  348.77,   598.13,   223.15
  351.90,   598.47,   348.03
  355.15,   598.86,   473.07
  348.70,   723.60,   223.16
  351.75,   723.89,   347.92
  354.75,   724.06,   472.74
  473.59,   473.34,   219.89
  477.06,   473.54,   345.03
  480.71,   474.00,   470.29
  473.62,   598.66,   219.66
  476.83,   598.81,   344.60
  480.14,   599.20,   469.84
  473.86,   724.14,   219.97
  476.76,   724.31,   344.50
  479.60,   724.52,   469.41
  598.95,   473.74,   216.67
  602.41,   474.17,   341.90
  605.95,   474.66,   467.12
  598.99,   598.93,   216.51
  602.12,   599.40,   341.42
  605.31,   599.94,   466.53
  599.11,   724.34,   216.68
  601.83,   724.76,   341.01
  604.55,   725.14,   465.73
  350.92,   474.17,   348.01
  351.48,   471.60,   473.14
  352.16,   469.15,   598.32
  348.97,   599.42,   350.78
  349.38,   596.73,   475.82
  349.87,   594.12,   600.97
  347.18,   724.78,   353.74
  347.34,   721.86,   478.56
  347.53,   718.99,   603.50
  475.80,   476.17,   347.59
  476.59,   473.56,   472.86
  477.29,   471.27,   598.04
  473.93,   601.41,   350.25
  474.39,   598.71,   475.50
  474.92,   596.27,   600.77
  472.20,   726.85,   353.21
  472.19,   723.97,   478.16
  472.34,   721.17,   603.37
  601.17,   478.46,   347.35
  601.85,   475.86,   472.58
  602.42,   473.27,   597.58
  599.23,   603.66,   349.94
  599.57,   601.09,   475.08
  600.08,   598.47,   600.22
  597.26,   728.97,   352.58
  597.15,   726.23,   477.39
  597.45,   723.52,   602.75
  348.46,   475.69,   473.60
  347.72,   476.20,   598.80
  346.84,   476.69,   723.88
  347.36,   600.86,   473.29
  346.41,   601.21,   598.45
  345.43,   601.65,   723.55
  346.32,   726.04,   473.06
  345.08,   726.12,   598.00
  343.94,   726.24,   723.00
  473.59,   476.65,   474.69
  472.86,   477.33,   599.90
  471.94,   478.11,   724.90
  472.37,   601.84,   474.35
  471.46,   602.35,   599.63
  470.56,   602.94,   724.64
  471.18,   727.15,   474.02
  469.88,   727.30,   599.24
  468.95,   727.34,   724.24
  598.86,   477.95,   475.79
  598.00,   478.35,   600.81
  597.01,   478.80,   725.66
  597.56,   603.22,   475.30
  596.63,   603.57,   600.46
  595.85,   603.88,   725.47
  596.14,   728.40,   474.62
  594.99,   728.66,   600.00
  594.33,   728.85,   725.55
  348.18,   475.52,   601.42
  345.99,   473.29,   726.44
  343.41,   470.88,   851.09
  347.45,   600.50,   603.78
  345.15,   598.26,   728.83
  342.75,   595.93,   853.51
  346.67,   725.38,   606.03
  344.24,   722.80,   730.99
  342.15,   720.31,   855.85
  473.31,   476.04,   603.85
  471.07,   474.11,   728.80
  468.56,   471.83,   853.49
  472.50,   601.04,   606.29
  470.27,   598.94,   731.24
  467.88,   596.72,   855.81
  471.47,   725.94,   608.61
  469.26,   723.28,   733.55
  467.20,   720.78,   858.35
  598.43,   476.42,   606.08
  596.11,   474.17,   730.90
  593.71,   471.85,   855.91
  597.66,   601.63,   608.45
  595.56,   599.23,   733.39
  593.30,   596.81,   858.35
  596.59,   726.69,   610.73
  594.65,   724.16,   736.21
  592.72,   721.37,   861.11
  351.31,   599.66,    98.11
  353.93,   599.13,   222.89
  356.53,   598.50,   347.79
  354.47,   724.76,    98.87
  357.16,   724.58,   223.81
  359.67,   723.89,   348.57
  357.36,   849.92,    99.61
  360.11,   849.59,   224.45
  362.65,   848.85,   349.30
  476.22,   597.11,    95.42
  478.76,   596.39,   219.92
  481.45,   595.58,   344.88
  479.43,   722.08,    96.43
  482.29,   721.83,   221.11
  484.65,   721.04,   345.64
  482.29,   846.94,    97.13
  485.27,   846.86,   222.04
  487.66,   846.15,   346.50
  601.34,   594.11,    92.60
  604.12,   593.38,   217.29
  606.73,   592.91,   342.24
  604.53,   719.15,    93.62
  607.51,   718.74,   218.31
  609.70,   718.23,   342.67
  607.18,   844.04,    94.38
  610.19,   843.92,   219.00
  612.41,   843.20,   343.25
  350.42,   598.68,   225.65
  349.40,   599.19,   350.59
  348.50,   599.75,   475.66
  347.95,   724.12,   225.49
  346.85,   724.57,   350.29
  345.70,   724.90,   475.13
  345.19,   849.14,   224.99
  344.11,   849.47,   349.89
  342.98,   849.65,   474.70
  475.29,   601.63,   226.32
  474.34,   601.94,   351.31
  473.48,   602.50,   476.60
  473.12,   727.08,   226.43
  471.85,   727.40,   351.01
  470.53,   727.77,   475.98
  470.38,   852.07,   226.24
  469.17,   852.47,   350.80
  467.77,   852.77,   475.65
  600.68,   604.32,   227.33
  599.62,   604.96,   352.27
  598.64,   605.64,   477.42
  598.36,   729.72,   227.26
  596.89,   730.28,   351.63
  595.46,   730.78,   476.45
  595.29,   854.84,   226.86
  593.94,   855.19,   351.23
  592.59,   855.51,   475.94
  351.47,   601.52,   347.96
  353.72,   604.00,   472.99
  356.04,   606.55,   598.11
  349.11,   726.89,   345.81
  351.12,   729.14,   470.61
  353.12,   731.41,   595.53
  346.56,   851.77,   343.55
  348.59,   853.88,   468.34
  350.49,   856.15,   593.11
  476.40,   604.04,   345.47
  478.70,   606.52,   470.70
  481.04,   609.23,   595.95
  474.12,   729.50,   343.34
  475.95,   731.79,   468.22
  477.90,   734.15,   593.41
  471.62,   854.53,   341.27
  473.40,   856.76,   466.06
  475.31,   858.97,   590.96
  601.68,   606.82,   343.22
  603.85,   609.45,   468.31
  606.17,   612.00,   593.43
  599.17,   732.12,   340.77
  600.87,   734.56,   465.47
  602.96,   737.03,   590.77
  596.39,   857.03,   338.52
  598.20,   859.24,   463.12
  600.35,   861.68,   588.33
  351.40,   598.04,   476.34
  351.33,   596.75,   601.51
  351.22,   595.58,   726.61
  352.03,   723.22,   477.76
  351.66,   721.65,   602.73
  351.41,   720.12,   727.72
  352.74,   848.03,   479.30
  352.22,   846.45,   604.09
  351.81,   845.02,   728.93
  476.44,   597.34,   476.53
  476.41,   596.22,   601.81
  476.38,   595.18,   726.81
  476.90,   722.64,   477.85
  476.50,   721.16,   603.09
  476.47,   719.58,   728.10
  477.56,   847.68,   479.44
  477.06,   846.03,   604.39
  476.98,   844.46,   729.19
  601.65,   597.04,   476.62
  601.60,   595.73,   601.77
  601.68,   594.37,   726.74
  601.89,   722.23,   477.58
  601.65,   720.84,   602.97
  601.88,   719.38,   728.50
  602.41,   846.99,   478.92
  602.17,   845.61,   604.29
  602.35,   844.25,   730.01
  349.02,   600.74,   599.02
  350.07,   599.17,   724.12
  351.02,   597.55,   848.83
  350.72,   725.62,   600.61
  351.62,   723.71,   725.59
  352.85,   721.88,   850.47
  352.66,   850.39,   602.34
  353.41,   848.60,   727.16
  354.87,   846.71,   852.37
  474.07,   598.84,   598.14
  475.21,   597.42,   723.14
  476.19,   595.90,   847.77
  475.54,   723.78,   599.78
  476.66,   721.82,   724.79
  477.99,   719.96,   849.63
  477.49,   848.63,   601.46
  478.57,   846.69,   726.23
  479.63,   844.97,   851.58
  599.24,   597.02,   596.92
  600.49,   595.29,   721.89
  601.61,   593.52,   846.88
  600.66,   722.10,   598.46
  602.05,   720.27,   723.99
  603.53,   718.17,   849.03
  602.56,   846.84,   600.14
  603.90,   845.13,   725.86
  605.04,   843.10,   850.95
  476.14,   101.11,    98.86
  477.95,   100.22,   224.06
  479.90,    99.11,   348.82
  473.12,   226.25,   100.43
  474.73,   225.22,   225.84
  476.69,   223.99,   350.54
  469.80,   351.41,   101.60
  471.28,   349.86,   226.58
  473.39,   348.44,   351.55
  601.45,   104.31,    96.99
  603.24,   103.26,   221.85
  604.90,   101.99,   346.74
  598.06,   229.47,    98.65
  599.84,   228.36,   223.50
  601.70,   226.93,   348.14
  594.85,   354.41,    99.65
  596.47,   353.01,   224.58
  598.58,   351.59,   349.60
  726.88,   107.64,    95.15
  728.71,   106.25,   219.28
  729.89,   104.80,   344.57
  723.17,   232.87,    96.52
  725.14,   231.55,   220.83
  726.84,   229.82,   345.50
  720.12,   357.52,    97.69
  722.12,   356.19,   222.49
  723.99,   354.82,   347.57
  476.71,   100.25,   225.45
  476.32,   100.58,   350.24
  475.70,   100.75,   475.15
  476.68,   225.30,   225.75
  476.30,   225.49,   350.47
  475.78,   225.46,   475.06
  476.41,   349.98,   225.00
  476.18,   349.98,   349.98
  475.96,   350.10,   474.96
  602.05,   100.07,   225.55
  601.36,   100.25,   350.47
  600.71,   100.40,   475.55
  601.87,   225.23,   225.70
  601.36,   225.23,   350.38
  600.69,   225.14,   475.31
  601.69,   349.93,   225.31
  601.44,   349.94,   350.35
  601.09,   349.94,   475.43
  727.57,    99.82,   225.32
  726.39,    99.85,   350.70
  725.63,    99.94,   476.01
  727.21,   225.20,   225.31
  726.54,   224.89,   350.04
  725.75,   224.78,   475.52
  727.38,   349.91,   225.52
  726.89,   349.96,   350.61
  726.28,   349.86,   475.79
  475.15,    98.78,   348.48
  474.56,    99.35,   473.40
  473.73,    99.49,   598.35
  472.07,   223.67,   348.32
  471.57,   224.03,   472.91
  470.82,   224.17,   597.72
  468.87,   348.13,   347.43
  468.67,   348.64,   472.39
  468.27,   349.27,   597.40
  600.16,   101.53,   348.68
  599.53,   102.06,   473.75
  598.75,   102.37,   598.95
  597.08,   226.47,   348.22
  596.45,   226.77,   473.13
  595.75,   227.07,   598.30
  594.07,   351.13,   347.76
  593.77,   351.54,   472.84
  593.27,   352.07,   597.91
  725.15,   104.19,   348.81
  724.40,   104.65,   474.12
  723.88,   105.24,   599.46
  722.24,   229.21,   347.84
  721.48,   229.48,   473.30
  720.97,   230.06,   598.92
  719.50,   354.22,   348.01
  718.94,   354.52,   473.18
  718.33,   354.90,   598.35
  476.62,   101.40,   476.29
  479.26,    99.24,   601.21
  481.94,    96.98,   726.10
  478.44,   226.07,   478.05
  481.13,   223.92,   602.83
  483.80,   221.77,   727.90
  480.39,   350.70,   479.81
  483.42,   349.05,   604.78
  486.29,   347.39,   729.80
  601.60,    99.35,   473.18
  604.31,    97.38,   598.34
  607.09,    95.33,   723.27
  603.31,   224.06,   474.79
  606.08,   222.07,   599.95
  608.87,   220.16,   725.32
  605.46,   348.84,   476.77
  608.40,   347.06,   601.80
  611.24,   345.37,   726.85
  726.46,    97.20,   470.15
  729.42,    95.48,   595.33
  732.56,    93.73,   720.29
  728.33,   222.00,   471.47
  731.29,   220.31,   597.08
  734.45,   218.70,   722.47
  730.59,   347.05,   473.60
  733.44,   345.15,   598.77
  736.41,   343.39,   723.76
  473.27,    99.34,   598.41
  470.35,    97.93,   723.30
  468.10,    97.03,   848.27
  476.24,   224.01,   599.27
  473.31,   222.72,   724.32
  471.10,   221.71,   849.46
  479.60,   349.11,   600.45
  476.88,   348.33,   725.48
  474.33,   347.40,   850.47
  598.28,    96.32,   601.14
  595.44,    95.11,   726.07
  592.94,    94.10,   850.97
  601.14,   220.99,   601.99
  598.30,   219.92,   727.35
  595.89,   219.03,   852.30
  604.55,   345.98,   603.07
  601.79,   345.17,   728.14
  599.25,   344.33,   853.19
  723.40,    93.28,   603.75
  720.90,    92.37,   728.68
  718.00,    91.17,   853.84
  726.35,   218.09,   604.75
  723.84,   217.33,   730.17
  720.69,   216.37,   855.23
  729.58,   342.91,   605.66
  726.94,   342.04,   730.66
  724.15,   341.14,   855.53
  476.68,   226.60,   100.61
  474.61,   225.05,   226.02
  472.89,   223.29,   350.71
  473.27,   351.75,   102.21
  471.08,   349.68,   227.18
  469.50,   347.73,   352.15
  470.16,   476.74,   103.77
  467.94,   474.52,   228.43
  466.29,   472.48,   353.60
  601.61,   229.87,   102.53
  599.72,   228.22,   227.36
  597.88,   226.26,   352.03
  598.32,   354.78,   103.95
  596.28,   352.85,   228.88
  594.69,   350.90,   353.91
  595.33,   479.65,   105.55
  593.28,   477.57,   230.39
  591.60,   475.75,   355.65
  726.76,   233.32,   104.04
  725.02,   231.42,   228.36
  723.01,   229.16,   353.08
  723.62,   357.92,   105.68
  721.92,   356.07,   230.50
  720.09,   354.16,   355.58
  720.63,   482.40,   107.47
  718.99,   480.68,   232.67
  717.14,   479.21,   357.84
  472.82,   223.51,   225.88
  473.71,   225.50,   350.59
  474.48,   227.24,   475.16
  474.73,   348.16,   223.34
  475.77,   349.95,   348.30
  476.84,   351.85,   473.25
  477.04,   473.03,   220.85
  478.01,   474.73,   346.02
  479.14,   476.71,   471.31
  597.98,   221.25,   224.61
  598.75,   223.05,   349.26
  599.37,   224.74,   474.17
  599.97,   345.93,   222.41
  601.01,   347.72,   347.41
  601.95,   349.51,   472.47
  602.44,   470.64,   220.19
  603.38,   472.58,   345.45
  604.40,   474.58,   470.69
  723.30,   219.03,   222.96
  723.91,   220.52,   347.65
  724.41,   222.19,   473.10
  725.63,   343.72,   221.33
  726.43,   345.54,   346.39
  727.11,   347.23,   471.57
  728.15,   468.30,   219.78
  728.97,   470.58,   345.01
  729.68,   472.59,   469.98
  475.98,   224.82,   352.08
  476.90,   226.67,   476.66
  477.56,   228.33,   601.47
  476.63,   349.29,   349.69
  477.86,   351.30,   474.64
  478.88,   353.46,   599.65
  477.46,   474.09,   347.32
  478.75,   476.18,   472.60
  479.93,   478.60,   597.79
  601.03,   223.77,   350.57
  601.81,   225.57,   475.48
  602.54,   227.38,   600.67
  601.89,   348.46,   348.63
  602.99,   350.36,   473.69
  603.90,   352.40,   598.75
  602.85,   473.34,   346.56
  604.02,   475.45,   471.80
  605.08,   477.57,   596.80
  726.21,   222.64,   348.79
  726.87,   224.43,   474.26
  727.80,   226.54,   599.88
  727.33,   347.69,   347.45
  728.17,   349.49,   472.62
  728.98,   351.38,   597.80
  728.45,   472.75,   345.95
  729.32,   474.87,   470.91
  730.16,   476.51,   595.72
  475.57,   224.28,   474.69
  475.36,   225.00,   599.51
  475.13,   225.71,   724.60
  477.80,   348.90,   473.62
  477.93,   350.11,   598.63
  477.91,   351.35,   723.69
  479.96,   473.77,   472.51
  480.27,   475.25,   597.72
  480.40,   476.83,   722.72
  600.46,   221.92,   474.39
  600.31,   222.79,   599.58
  600.17,   223.72,   724.97
  602.91,   346.70,   473.53
  602.94,   347.79,   598.61
  602.87,   348.98,   723.69
  605.23,   471.78,   472.59
  605.40,   472.95,   597.61
  605.44,   474.18,   722.45
  725.50,   219.51,   474.03
  725.55,   220.68,   599.68
  725.76,   221.92,   725.12
  728.06,   344.56,   473.32
  728.00,   345.53,   598.54
  728.05,   346.63,   723.56
  730.50,   469.92,   472.57
  730.46,   470.62,   597.40
  730.38,   471.17,   722.10
  476.38,   226.14,   599.61
  478.61,   227.61,   724.68
  481.53,   229.37,   849.81
  474.22,   351.24,   598.04
  476.66,   353.23,   723.06
  479.24,   355.07,   848.05
  471.80,   476.36,   596.43
  474.39,   478.70,   721.40
  476.72,   480.74,   846.11
  601.32,   228.64,   597.16
  603.66,   230.34,   722.51
  606.34,   232.21,   847.51
  599.21,   353.63,   595.50
  601.61,   355.57,   720.54
  604.18,   357.48,   845.58
  596.90,   478.79,   593.82
  599.42,   480.78,   718.63
  601.86,   482.70,   843.60
  726.52,   231.21,   594.72
  729.21,   233.21,   720.10
  731.29,   235.00,   845.20
  724.25,   356.06,   592.91
  726.73,   357.87,   717.87
  729.15,   359.72,   842.70
  721.96,   481.21,   591.10
  724.36,   482.47,   715.75
  726.72,   484.24,   840.93
  474.04,   348.49,   100.03
  472.36,   345.64,   225.01
  471.32,   342.92,   349.96
  474.02,   473.51,   102.41
  472.33,   470.50,   227.06
  471.22,   467.68,   352.23
  474.34,   598.58,   105.27
  472.80,   595.78,   229.81
  471.41,   592.90,   354.80
  599.13,   348.40,   101.20
  597.61,   345.72,   226.12
  596.55,   342.98,   351.11
  599.24,   473.29,   103.61
  597.73,   470.44,   228.45
  596.59,   467.84,   353.70
  599.56,   598.35,   106.57
  598.19,   595.60,   231.26
  596.72,   593.04,   356.22
  724.45,   348.46,   102.33
  723.28,   345.82,   227.10
  721.98,   343.10,   352.14
  724.57,   472.95,   104.95
  723.48,   470.44,   230.11
  722.18,   468.17,   355.29
  724.80,   597.77,   107.73
  723.71,   595.28,   232.99
  722.12,   593.35,   357.80
  473.09,   351.04,   223.84
  470.97,   348.77,   348.79
  468.86,   346.62,   473.72
  472.76,   475.92,   225.44
  470.56,   473.56,   350.60
  468.51,   471.48,   475.85
  472.93,   601.23,   227.75
  470.45,   598.81,   352.71
  468.08,   596.65,   477.96
  598.33,   351.41,   226.05
  596.19,   349.14,   351.05
  593.97,   346.88,   476.08
  598.15,   476.15,   227.92
  595.91,   474.02,   353.16
  593.76,   471.93,   478.37
  598.31,   601.34,   230.28
  595.73,   599.24,   355.20
  593.26,   597.19,   480.35
  724.00,   351.82,   228.15
  721.62,   349.58,   353.20
  719.12,   347.20,   478.34
  723.87,   476.45,   230.70
  721.48,   474.66,   355.85
  719.03,   472.55,   480.80
  723.79,   601.31,   233.08
  721.10,   599.85,   357.85
  718.48,   598.02,   482.69
  474.05,   348.63,   352.08
  474.75,   347.89,   477.04
  475.23,   347.27,   602.05
  474.52,   473.44,   352.48
  475.28,   472.78,   477.77
  475.94,   472.45,   602.98
  475.28,   598.71,   353.17
  475.72,   597.97,   478.46
  476.22,   597.48,   603.75
  599.30,   348.18,   351.52
  599.88,   347.33,   476.59
  600.25,   346.59,   601.67
  599.90,   473.08,   352.23
  600.55,   472.42,   477.48
  601.08,   471.78,   602.49
  600.59,   598.32,   352.86
  600.92,   597.70,   478.03
  601.40,   597.02,   603.18
  724.74,   347.80,   350.85
  725.05,   346.83,   476.02
  725.34,   345.97,   601.23
  725.49,   472.89,   352.10
  725.84,   472.21,   477.08
  726.16,   471.07,   601.91
  725.99,   598.07,   352.72
  726.17,   597.71,   477.57
  726.69,   596.60,   602.48
  474.95,   349.16,   474.63
  478.02,   348.03,   599.60
  480.92,   346.91,   724.62
  476.99,   474.03,   475.81
  480.24,   473.18,   600.98
  483.29,   472.42,   725.93
  478.93,   599.20,   476.96
  482.02,   598.20,   602.20
  485.11,   597.28,   727.16
  600.03,   347.12,   471.57
  603.00,   345.87,   596.60
  605.86,   344.71,   721.66
  602.21,   472.19,   472.91
  605.33,   471.04,   597.89
  608.30,   469.91,   722.68
  604.09,   597.46,   473.91
  607.16,   596.27,   599.01
  610.37,   594.99,   723.95
  725.16,   345.15,   468.38
  728.03,   343.78,   593.55
  731.02,   342.56,   718.56
  727.45,   470.51,   469.92
  730.36,   468.88,   594.71
  733.19,   467.09,   719.37
  729.30,   595.99,   470.87
  732.39,   594.40,   595.74
  735.66,   592.22,   720.64
  473.97,   348.10,   601.35
  474.71,   349.03,   726.41
  475.62,   349.81,   851.43
  472.29,   473.25,   600.75
  473.18,   474.54,   725.75
  473.81,   475.52,   850.49
  470.18,   598.26,   599.99
  471.08,   599.38,   725.00
  471.84,   600.38,   849.63
  598.99,   349.80,   600.54
  599.69,   350.70,   725.62
  600.59,   351.56,   850.69
  597.42,   474.98,   599.85
  598.23,   475.94,   724.69
  598.97,   476.83,   849.72
  595.34,   600.19,   599.01
  596.36,   601.02,   724.00
  597.27,   601.79,   849.00
  724.06,   351.54,   599.67
  724.86,   352.34,   724.67
  725.57,   353.15,   849.55
  722.50,   476.66,   598.83
  723.19,   476.93,   723.53
  723.87,   477.74,   848.77
  720.60,   602.19,   597.88
  721.74,   602.15,   722.88
  722.59,   602.42,   848.36
  474.52,   473.27,    99.48
  470.69,   473.86,   224.09
  467.45,   474.63,   349.23
  471.18,   598.30,    98.66
  467.54,   599.13,   223.17
  464.03,   599.85,   348.12
  467.93,   723.26,    98.11
  464.58,   724.55,   222.79
  460.77,   725.29,   347.34
  599.63,   476.74,   102.75
  596.00,   477.48,   227.56
  592.73,   478.47,   352.79
  596.30,   601.79,   102.04
  592.83,   602.64,   226.70
  589.22,   603.66,   351.60
  593.06,   726.85,   101.54
  589.76,   728.02,   226.17
  585.75,   728.97,   350.52
  724.87,   480.06,   106.17
  721.66,   481.16,   231.35
  718.23,   482.51,   356.49
  721.45,   604.92,   105.28
  718.26,   605.99,   230.49
  714.51,   607.64,   355.23
  718.01,   730.30,   104.83
  714.73,   731.20,   229.33
  710.59,   732.63,   353.55
  474.84,   473.55,   223.66
  471.98,   471.61,   348.81
  469.27,   469.95,   474.05
  473.62,   598.84,   225.50
  470.48,   596.86,   350.46
  467.46,   595.12,   475.70
  472.60,   724.31,   227.87
  469.14,   722.33,   352.41
  465.66,   720.40,   477.36
  600.21,   475.16,   226.82
  597.31,   473.46,   352.05
  594.50,   471.79,   477.25
  598.98,   600.34,   228.72
  595.74,   598.67,   353.63
  592.61,   597.04,   478.77
  597.82,   725.74,   230.91
  594.16,   724.01,   355.26
  590.58,   722.22,   480.09
  725.92,   476.84,   230.28
  722.86,   475.49,   355.43
  719.74,   473.80,   480.36
  724.44,   601.70,   232.20
  721.08,   600.66,   356.96
  717.80,   599.26,   481.79
  722.83,   726.91,   233.75
  719.06,   725.70,   358.00
  715.53,   724.29,   482.69
  474.41,   474.47,   350.27
  477.62,   476.66,   475.52
  480.72,   479.17,   600.68
  477.55,   599.70,   348.04
  480.42,   601.81,   473.28
  483.34,   604.15,   598.52
  480.85,   725.14,   346.14
  483.25,   727.07,   471.04
  485.78,   729.07,   596.24
  599.72,   471.69,   347.62
  602.83,   473.88,   472.83
  605.80,   476.09,   597.80
  602.80,   596.87,   345.35
  605.57,   599.13,   470.45
  608.48,   601.30,   595.54
  605.88,   722.17,   343.12
  608.18,   724.27,   467.84
  610.86,   726.37,   593.14
  725.26,   469.06,   345.11
  728.06,   471.26,   470.05
  730.82,   473.00,   594.83
  728.16,   594.16,   342.85
  730.77,   596.72,   467.63
  733.70,   598.52,   592.49
  730.81,   719.16,   340.06
  733.11,   721.72,   464.62
  736.11,   723.89,   589.99
  474.43,   473.84,   473.28
  473.73,   474.57,   598.49
  472.83,   475.40,   723.49
  470.71,   598.98,   472.87
  469.84,   599.55,   598.15
  468.95,   600.19,   723.17
  467.02,   724.24,   472.48
  465.76,   724.45,   597.70
  464.83,   724.54,   722.69
  599.66,   477.65,   474.35
  598.82,   478.09,   599.38
  597.85,   478.59,   724.22
  595.85,   602.87,   473.79
  594.95,   603.28,   598.96
  594.19,   603.64,   723.97
  591.94,   728.00,   473.06
  590.79,   728.30,   598.43
  590.13,   728.54,   723.96
  724.90,   481.64,   475.33
  723.86,   481.57,   600.14
  722.78,   481.36,   724.85
  721.03,   607.05,   474.67
  720.17,   607.07,   599.62
  719.55,   606.58,   724.65
  716.85,   731.99,   473.50
  716.05,   732.35,   599.00
  715.81,   732.33,   724.89
  476.14,   474.14,   601.63
  477.38,   473.60,   726.62
  478.36,   472.74,   851.37
  472.84,   599.13,   602.71
  474.10,   598.43,   727.71
  475.20,   597.61,   852.33
  469.33,   724.03,   603.67
  470.58,   722.77,   728.66
  472.02,   721.65,   853.51
  601.25,   477.07,   600.41
  602.41,   476.18,   725.24
  603.49,   475.24,   850.29
  597.97,   602.27,   601.41
  599.36,   601.25,   726.39
  600.61,   600.19,   851.40
  594.40,   727.31,   602.31
  595.92,   726.20,   727.83
  597.52,   724.81,   852.85
  726.30,   479.96,   599.08
  727.34,   478.38,   723.78
  728.35,   477.37,   849.02
  723.21,   605.47,   599.97
  724.71,   603.58,   724.98
  725.89,   602.02,   850.47
  719.68,   730.79,   600.78
  721.61,   729.36,   726.63
  723.20,   727.47,   851.71
  475.90,   601.06,   101.12
  479.21,   601.84,   225.63
  482.63,   602.52,   350.58
  473.89,   726.06,   100.79
  477.48,   727.29,   225.47
  480.58,   727.99,   349.98
  471.49,   850.92,   100.12
  475.18,   852.29,   225.00
  478.33,   853.06,   349.48
  601.04,   603.26,    97.60
  604.58,   604.05,   222.28
  607.90,   605.08,   347.16
  599.00,   728.33,    97.29
  602.69,   729.44,   221.93
  605.60,   730.40,   346.24
  596.34,   853.22,    96.63
  600.05,   854.58,   221.24
  603.07,   855.31,   345.53
  726.14,   605.15,    93.86
  729.99,   606.07,   219.15
  733.21,   607.73,   343.91
  723.89,   730.60,    93.63
  727.68,   731.30,   218.20
  730.48,   732.73,   342.39
  720.98,   855.58,    92.94
  724.60,   856.84,   217.29
  727.71,   857.45,   341.27
  474.01,   601.85,   225.83
  475.56,   601.16,   350.81
  477.22,   600.72,   476.09
  474.99,   727.33,   226.95
  476.22,   726.65,   351.51
  477.41,   726.03,   476.47
  475.41,   852.35,   227.77
  476.69,   851.75,   352.30
  477.79,   851.07,   477.14
  599.41,   601.38,   224.33
  600.87,   601.02,   349.28
  602.41,   600.72,   474.43
  600.25,   726.80,   225.28
  601.30,   726.37,   349.65
  602.38,   725.90,   474.45
  600.35,   851.96,   225.89
  601.49,   851.33,   350.21
  602.63,   850.65,   474.87
  724.90,   600.74,   223.09
  726.26,   601.01,   347.91
  727.65,   600.99,   472.75
  725.32,   725.98,   223.43
  726.25,   726.06,   347.70
  727.37,   726.03,   472.35
  725.00,   851.51,   223.78
  726.19,   850.79,   347.80
  727.47,   850.21,   472.49
  472.86,   601.44,   348.45
  473.55,   599.80,   473.72
  474.32,   598.40,   599.00
  476.29,   726.89,   350.34
  476.52,   725.07,   475.30
  476.90,   723.32,   600.53
  479.52,   851.94,   352.30
  479.66,   850.06,   477.13
  479.96,   848.15,   602.09
  598.13,   598.53,   347.83
  598.73,   597.01,   472.99
  599.48,   595.45,   598.14
  601.33,   723.84,   349.39
  601.47,   722.17,   474.20
  602.01,   720.52,   599.57
  604.29,   848.76,   351.11
  604.47,   846.90,   475.77
  605.01,   845.25,   601.13
  723.50,   595.75,   347.40
  723.95,   594.51,   472.25
  724.72,   592.54,   597.15
  726.27,   720.77,   348.39
  726.45,   719.55,   473.05
  727.32,   717.93,   598.50
  728.97,   845.46,   349.60
  729.27,   843.75,   474.31
  730.10,   842.38,   600.09
  475.09,   599.46,   473.94
  473.58,   596.78,   599.19
  472.08,   594.19,   724.15
  477.82,   724.71,   476.85
  475.94,   721.67,   602.05
  474.42,   718.53,   727.03
  480.73,   849.68,   480.03
  478.75,   846.48,   604.95
  477.19,   843.35,   729.70
  600.26,   596.86,   475.46
  598.74,   594.00,   600.57
  597.33,   591.12,   725.50
  602.77,   722.00,   478.00
  601.04,   719.06,   603.36
  599.80,   716.04,   728.83
  605.53,   846.69,   480.91
  603.82,   843.77,   606.27
  602.51,   840.86,   731.97
  725.48,   594.54,   476.96
  723.98,   591.24,   601.83
  722.63,   587.46,   726.73
  727.74,   719.57,   479.10
  726.37,   716.62,   604.56
  725.54,   713.15,   730.26
  730.34,   843.74,   481.71
  728.93,   841.10,   607.51
  727.73,   838.63,   733.69
  473.42,   602.03,   599.50
  471.85,   603.45,   724.49
  470.15,   604.77,   849.11
  471.61,   726.97,   598.25
  470.02,   727.85,   723.24
  468.65,   728.84,   848.09
  470.32,   851.84,   597.07
  468.68,   852.77,   721.79
  467.04,   853.97,   847.13
  598.58,   603.48,   600.97
  597.14,   604.63,   725.96
  595.59,   605.74,   850.95
  596.71,   728.56,   599.65
  595.39,   729.59,   725.19
  594.17,   730.35,   850.22
  595.39,   853.30,   598.47
  594.03,   854.43,   724.07
  592.40,   855.35,   849.19
  723.85,   604.98,   602.30
  722.54,   605.27,   727.32
  720.91,   605.91,   852.80
  722.02,   730.35,   600.91
  721.12,   731.08,   726.77
  719.87,   731.38,   851.85
  720.49,   854.72,   599.77
  719.16,   856.40,   725.97
  717.50,   857.58,   851.09
  598.55,   100.10,    99.71
  598.30,   101.19,   224.64
  597.94,   102.07,   349.54
  597.18,   225.31,    99.22
  596.94,   226.33,   224.11
  596.77,   227.04,   348.78
  596.01,   350.29,    98.05
  595.59,   351.02,   223.00
  595.66,   351.73,   348.03
  724.09,   101.36,    99.78
  723.81,   102.13,   224.06
  722.97,   102.83,   349.39
  722.36,   226.69,    99.08
  722.28,   227.48,   223.39
  721.95,   227.88,   348.10
  721.31,   351.38,    98.07
  721.27,   352.17,   222.87
  721.12,   352.92,   347.97
  849.11,   102.31,   100.07
  848.75,   102.76,   224.21
  847.77,   103.75,   349.73
  847.59,   227.78,    98.88
  847.47,   228.32,   223.46
  846.92,   228.88,   348.36
  846.34,   352.39,    98.20
  846.49,   353.16,   223.14
  846.24,   353.99,   348.17
  599.73,    99.24,   225.08
  600.34,    96.90,   349.98
  601.00,    94.52,   475.05
  601.70,   224.36,   227.74
  602.48,   221.83,   352.38
  603.08,   219.21,   477.29
  603.69,   349.01,   229.86
  604.72,   346.50,   354.87
  605.63,   343.97,   479.92
  725.26,    96.85,   223.54
  725.36,    94.38,   348.95
  725.89,    91.97,   474.26
  727.03,   222.20,   226.02
  727.62,   219.36,   350.70
  728.11,   216.72,   476.17
  729.34,   346.88,   228.73
  730.12,   344.38,   353.78
  730.77,   341.74,   478.94
  850.15,    94.19,   222.77
  850.14,    91.99,   348.37
  850.57,    89.82,   473.63
  852.17,   219.71,   225.14
  852.54,   217.08,   350.05
  853.06,   214.67,   475.51
  854.47,   344.56,   228.03
  855.16,   342.14,   353.00
  855.80,   339.63,   478.01
  599.56,   100.79,   350.37
  601.23,    99.10,   475.42
  602.76,    97.20,   600.60
  600.13,   225.74,   352.10
  601.78,   223.82,   477.00
  603.37,   221.90,   602.19
  600.79,   350.44,   353.89
  602.76,   348.62,   478.94
  604.52,   346.91,   603.99
  724.59,    99.84,   348.27
  726.13,    98.09,   473.57
  727.92,    96.45,   598.79
  725.30,   224.86,   349.43
  726.82,   222.91,   474.88
  728.62,   221.29,   600.51
  726.22,   349.91,   351.83
  727.92,   347.97,   476.98
  729.60,   346.14,   602.16
  849.38,    99.03,   346.64
  850.82,    97.51,   471.93
  852.96,    95.79,   596.74
  850.24,   224.16,   347.75
  851.80,   222.44,   473.21
  853.79,   220.75,   598.71
  851.29,   349.25,   350.04
  852.96,   347.43,   475.03
  854.59,   345.55,   600.25
  601.63,   101.74,   476.19
  598.93,    98.29,   601.34
  596.30,    94.73,   726.24
  603.25,   226.41,   479.39
  600.61,   222.94,   604.53
  597.96,   219.52,   729.85
  605.31,   351.18,   482.93
  602.83,   347.93,   607.94
  600.26,   344.76,   732.98
  726.51,    99.58,   478.54
  724.07,    96.39,   603.73
  721.78,    93.13,   728.64
  728.27,   224.36,   481.50
  725.85,   221.19,   607.07
  723.53,   218.07,   732.45
  730.44,   349.37,   485.17
  727.88,   345.99,   610.30
  725.44,   342.76,   735.26
  851.18,    97.85,   481.09
  849.14,    94.57,   605.86
  847.25,    91.14,   730.74
  853.23,   222.74,   484.04
  851.02,   219.48,   609.45
  849.02,   216.09,   734.32
  855.45,   347.67,   487.41
  852.84,   344.23,   612.61
  850.28,   340.85,   737.68
  600.81,   100.23,   598.55
  598.86,    96.45,   723.48
  597.24,    92.84,   848.32
  597.89,   224.87,   601.90
  595.93,   221.20,   727.22
  594.39,   217.71,   852.15
  595.51,   349.84,   605.48
  593.62,   346.43,   730.52
  591.97,   342.99,   855.54
  725.93,   102.94,   600.39
  724.31,    99.48,   725.42
  722.34,    95.72,   850.42
  723.12,   227.73,   603.87
  721.49,   224.37,   729.24
  719.24,   220.82,   854.28
  720.56,   352.51,   607.28
  718.79,   349.03,   732.23
  716.90,   345.56,   857.10
  850.97,   105.72,   601.99
  849.80,   102.10,   726.95
  847.73,    98.25,   852.33
  848.29,   230.64,   605.72
  846.94,   227.03,   730.61
  844.35,   223.31,   855.84
  845.51,   355.34,   609.01
  843.61,   351.72,   734.09
  841.49,   348.29,   858.81
  601.00,   226.06,   102.30
  598.72,   228.64,   227.13
  596.49,   230.91,   351.78
  598.55,   350.98,    99.50
  596.09,   353.29,   224.41
  594.12,   355.56,   349.41
  596.38,   475.88,    96.90
  593.92,   478.02,   221.68
  591.84,   480.42,   346.91
  726.16,   228.77,   104.12
  724.02,   231.09,   228.41
  721.64,   233.07,   353.13
  723.82,   353.38,   101.52
  721.74,   355.75,   226.31
  719.54,   358.08,   351.40
  721.64,   477.90,    99.11
  719.63,   480.34,   224.24
  717.42,   483.12,   349.41
  851.37,   231.13,   105.93
  849.15,   233.25,   230.53
  846.58,   235.41,   355.41
  848.83,   355.68,   103.68
  846.92,   358.07,   228.61
  844.64,   360.48,   353.60
  846.50,   479.98,   101.20
  844.60,   482.76,   226.84
  842.51,   485.57,   351.73
  598.01,   226.29,   224.55
  599.50,   228.67,   349.19
  600.84,   230.95,   474.08
  594.52,   350.92,   221.80
  596.26,   353.31,   346.80
  597.94,   355.71,   471.85
  591.48,   475.63,   219.02
  593.14,   478.14,   344.26
  594.87,   480.73,   469.50
  723.30,   229.53,   222.13
  724.65,   231.62,   346.80
  725.87,   233.87,   472.22
  720.15,   354.16,   219.96
  721.69,   356.61,   345.04
  723.10,   358.91,   470.18
  717.18,   478.72,   217.83
  718.71,   481.60,   343.04
  720.14,   484.25,   468.01
  848.45,   232.48,   220.49
  849.58,   234.74,   345.37
  850.86,   237.22,   470.80
  845.34,   357.25,   218.51
  846.77,   359.78,   343.54
  848.12,   362.16,   468.48
  842.16,   481.88,   216.68
  843.79,   484.83,   341.66
  845.15,   487.39,   466.27
  601.17,   226.11,   350.73
  602.29,   228.30,   475.64
  603.37,   230.50,   600.81
  598.76,   350.78,   348.45
  600.21,   353.07,   473.50
  601.48,   355.49,   598.55
  596.45,   475.63,   346.01
  597.97,   478.12,   471.24
  599.38,   480.65,   596.25
  726.33,   228.24,   348.57
  727.34,   230.41,   474.02
  728.61,   232.89,   599.62
  724.19,   353.26,   346.90
  725.38,   355.46,   472.04
  726.53,   357.72,   597.19
  722.03,   478.28,   345.00
  723.25,   480.81,   469.97
  724.45,   482.85,   594.76
  851.27,   230.55,   347.40
  852.33,   232.95,   472.84
  853.76,   235.37,   598.32
  849.27,   355.62,   345.62
  850.42,   357.90,   470.58
  851.49,   360.11,   595.75
  847.11,   480.68,   343.82
  848.26,   483.12,   468.43
  849.27,   485.18,   593.30
  599.31,   226.01,   476.24
  599.46,   228.17,   601.42
  599.62,   230.40,   726.77
  601.33,   350.78,   474.10
  601.66,   353.17,   599.15
  601.89,   355.66,   724.20
  603.20,   475.85,   471.85
  603.67,   478.33,   596.85
  604.01,   480.84,   721.67
  724.36,   224.03,   475.62
  724.70,   226.49,   601.24
  725.20,   229.01,   726.63
  726.50,   349.08,   473.62
  726.73,   351.32,   598.80
  727.05,   353.70,   723.78
  728.49,   474.44,   471.57
  728.75,   476.43,   596.37
  728.96,   478.25,   721.05
  849.34,   222.47,   475.43
  849.88,   224.88,   600.95
  850.64,   227.13,   725.88
  851.54,   347.45,   473.17
  851.71,   349.65,   598.38
  851.87,   351.88,   723.54
  853.49,   472.62,   471.00
  853.55,   474.67,   595.90
  853.55,   476.49,   720.84
  597.98,   225.84,   598.15
  598.13,   226.48,   723.53
  598.68,   227.31,   848.55
  601.43,   350.82,   597.47
  601.67,   351.73,   722.54
  602.08,   352.61,   847.62
  604.71,   475.98,   596.74
  605.06,   476.91,   721.58
  605.33,   477.80,   846.62
  723.19,   222.89,   597.95
  723.69,   223.84,   723.38
  723.58,   224.61,   848.51
  726.48,   347.73,   597.09
  726.82,   348.54,   722.12
  727.05,   349.35,   847.00
  729.76,   472.82,   596.23
  729.97,   473.07,   720.94
  730.17,   473.89,   846.15
  848.33,   220.03,   597.64
  849.14,   220.72,   722.60
  848.77,   221.28,   847.83
  851.45,   344.81,   596.66
  851.64,   345.48,   721.84
  851.64,   346.30,   846.66
  854.53,   469.80,   595.73
  854.54,   470.07,   720.71
  854.49,   470.95,   846.02
  598.27,   350.31,    98.79
  601.07,   348.55,   223.70
  604.34,   346.76,   348.67
  598.04,   475.23,   100.30
  600.86,   473.29,   225.11
  604.04,   471.64,   350.36
  598.00,   600.30,   102.35
  600.99,   598.47,   227.02
  603.84,   596.86,   351.95
  723.54,   350.77,    95.64
  726.71,   349.06,   220.38
  729.75,   347.30,   345.41
  723.32,   475.31,    97.35
  726.56,   473.68,   222.46
  729.61,   472.37,   347.65
  723.17,   600.17,    99.16
  726.47,   598.51,   224.43
  729.21,   597.54,   349.23
  848.50,   351.14,    92.60
  851.85,   349.40,   217.49
  854.79,   347.72,   342.47
  848.16,   475.47,    94.27
  851.46,   474.11,   219.84
  854.62,   472.79,   344.74
  847.87,   600.27,    95.96
  851.12,   598.65,   221.69
  854.09,   597.90,   346.42
  599.20,   351.49,   223.38
  598.52,   351.48,   348.42
  597.77,   351.48,   473.50
  600.66,   476.25,   223.01
  599.88,   476.38,   348.28
  599.19,   476.57,   473.54
  602.46,   601.43,   223.14
  601.35,   601.62,   348.08
  600.31,   601.85,   473.24
  724.88,   350.31,   224.02
  723.97,   350.35,   349.11
  722.94,   350.23,   474.28
  726.39,   474.94,   224.30
  725.47,   475.43,   349.52
  724.48,   475.62,   474.50
  727.94,   599.78,   224.47
  726.73,   600.60,   349.29
  725.55,   601.10,   474.13
  850.06,   348.97,   225.04
  849.06,   349.08,   350.06
  848.00,   349.06,   475.08
  851.32,   473.72,   225.62
  850.54,   474.18,   350.54
  849.49,   474.28,   475.19
  852.61,   598.26,   225.66
  851.65,   599.32,   350.42
  850.62,   599.99,   475.14
  601.37,   350.83,   350.83
  605.01,   347.62,   475.82
  608.44,   344.53,   600.81
  604.32,   475.68,   353.83
  608.03,   472.67,   478.99
  611.61,   469.64,   603.90
  607.34,   600.86,   356.74
  610.73,   597.90,   481.81
  614.29,   594.84,   606.85
  726.74,   348.21,   347.03
  730.10,   344.88,   472.11
  733.45,   341.67,   597.25
  729.83,   473.23,   350.58
  733.23,   470.20,   475.46
  736.59,   466.69,   600.20
  732.65,   598.36,   353.47
  735.90,   595.66,   478.23
  739.49,   592.15,   603.05
  851.74,   345.44,   343.51
  855.08,   342.25,   468.45
  858.39,   339.00,   593.60
  854.79,   470.46,   347.11
  858.14,   467.33,   471.64
  861.30,   463.93,   596.49
  857.48,   595.53,   350.12
  860.88,   592.94,   474.76
  864.36,   589.50,   599.65
  600.01,   351.15,   473.95
  603.37,   350.76,   598.98
  606.61,   350.47,   724.02
  599.23,   476.24,   474.51
  602.74,   475.95,   599.48
  606.10,   475.69,   724.27
  598.16,   601.51,   474.73
  601.60,   601.20,   599.84
  605.19,   600.79,   724.78
  725.15,   352.11,   470.43
  728.41,   351.58,   595.57
  731.76,   351.19,   720.54
  724.49,   477.50,   471.17
  727.78,   476.73,   595.94
  731.01,   475.76,   720.60
  723.35,   602.97,   471.30
  726.83,   602.28,   596.19
  730.53,   600.99,   721.13
  850.17,   353.15,   466.92
  853.36,   352.58,   592.08
  856.53,   352.04,   717.24
  849.47,   478.39,   467.56
  852.56,   477.65,   592.41
  855.58,   476.71,   717.33
  848.38,   604.09,   468.00
  851.83,   603.37,   592.93
  855.34,   601.93,   717.90
  599.35,   349.41,   598.15
  600.19,   349.04,   723.23
  601.22,   348.64,   848.31
  600.88,   474.59,   598.69
  601.83,   474.28,   723.54
  602.72,   473.90,   848.58
  601.90,   599.83,   599.09
  603.09,   599.37,   724.07
  604.14,   598.86,   849.10
  724.42,   348.07,   597.14
  725.37,   347.62,   722.16
  726.22,   347.16,   847.05
  725.95,   473.19,   597.55
  726.78,   472.19,   722.25
  727.60,   471.75,   847.46
  727.18,   598.73,   597.83
  728.45,   597.37,   722.81
  729.41,   596.38,   848.31
  849.42,   346.90,   596.06
  850.23,   346.30,   721.24
  850.85,   345.86,   846.06
  850.77,   471.92,   596.41
  851.39,   470.90,   721.37
  851.96,   470.52,   846.68
  852.21,   597.61,   596.96
  853.29,   596.09,   721.96
  854.04,   595.08,   847.46
  598.16,   475.51,   101.44
  601.24,   477.05,   226.25
  604.68,   478.89,   351.48
  595.61,   600.57,   100.09
  598.87,   602.22,   224.76
  601.97,   604.08,   349.65
  593.16,   725.63,    98.94
  596.59,   727.60,   223.58
  599.26,   729.39,   347.90
  723.40,   478.00,    98.19
  726.91,   479.84,   223.32
  730.20,   482.04,   348.49
  720.74,   602.86,    96.60
  724.31,   604.65,   221.86
  727.28,   607.15,   346.62
  718.07,   728.27,    95.50
  721.59,   729.87,   220.08
  724.15,   732.13,   344.27
  848.21,   480.56,    94.81
  851.75,   482.69,   220.42
  855.16,   484.87,   345.30
  845.42,   605.39,    93.09
  848.94,   607.17,   218.79
  852.11,   609.93,   343.51
  842.72,   730.96,    92.02
  846.28,   732.10,   216.43
  848.80,   734.86,   340.89
  598.41,   475.58,   222.72
  595.81,   478.69,   347.92
  593.30,   481.86,   473.11
  602.31,   600.69,   219.94
  599.37,   603.86,   344.81
  596.49,   607.07,   469.89
  606.26,   726.01,   217.46
  602.92,   729.14,   341.77
  599.59,   732.19,   466.48
  724.08,   472.28,   225.91
  721.34,   475.74,   351.06
  718.53,   478.91,   475.99
  727.72,   597.03,   223.17
  724.69,   600.83,   347.92
  721.67,   604.32,   472.69
  731.23,   722.14,   220.07
  727.79,   725.78,   344.29
  724.49,   729.26,   468.85
  848.99,   469.07,   229.13
  846.38,   472.51,   353.99
  843.49,   475.59,   478.60
  852.32,   593.54,   226.29
  849.56,   597.56,   350.96
  846.69,   601.23,   475.61
  855.84,   718.27,   222.60
  852.43,   722.46,   347.12
  849.34,   726.44,   471.98
  600.14,   475.25,   350.11
  601.92,   474.51,   475.36
  603.58,   473.79,   600.36
  598.17,   600.47,   350.85
  599.62,   599.77,   476.01
  601.22,   599.01,   601.16
  596.19,   725.81,   351.65
  597.18,   724.94,   476.47
  598.57,   724.09,   601.84
  725.72,   477.73,   348.89
  727.19,   477.00,   473.86
  728.63,   475.77,   598.67
  723.54,   602.88,   349.59
  724.83,   602.46,   474.43
  726.47,   601.30,   599.36
  721.13,   727.91,   349.81
  722.15,   727.46,   474.47
  723.87,   726.67,   599.95
  850.77,   479.91,   347.49
  852.18,   479.09,   472.10
  853.43,   477.92,   597.00
  848.45,   605.03,   348.27
  849.88,   604.80,   472.99
  851.49,   603.60,   597.95
  845.84,   730.01,   348.22
  847.03,   730.06,   473.19
  849.01,   729.13,   598.76
  600.37,   473.24,   476.84
  600.35,   477.08,   601.80
  600.21,   480.97,   726.59
  601.12,   598.46,   472.92
  601.04,   602.26,   598.02
  601.10,   605.99,   722.97
  601.76,   723.60,   468.78
  601.44,   727.31,   594.08
  601.61,   730.95,   719.62
  725.65,   472.65,   477.02
  725.43,   475.99,   601.79
  725.17,   479.18,   726.44
  726.37,   598.09,   473.04
  726.32,   601.50,   597.90
  726.51,   604.37,   722.86
  726.75,   723.08,   468.50
  726.75,   726.84,   593.88
  727.36,   730.15,   719.69
  850.66,   471.68,   476.93
  850.25,   475.05,   601.80
  849.78,   478.19,   726.70
  851.45,   597.33,   473.27
  851.37,   600.71,   598.18
  851.40,   603.36,   723.14
  851.67,   722.61,   468.96
  851.92,   726.24,   594.41
  852.72,   728.81,   719.81
  600.42,   475.88,   601.32
  602.53,   475.05,   726.15
  604.57,   474.15,   851.18
  598.08,   601.10,   602.28
  600.42,   600.13,   727.25
  602.62,   599.12,   852.25
  595.44,   726.17,   603.13
  597.92,   725.10,   728.65
  600.47,   723.77,   853.65
  725.48,   477.85,   599.04
  727.46,   476.32,   723.72
  729.43,   475.37,   848.94
  723.32,   603.37,   599.88
  725.77,   601.53,   724.86
  727.89,   600.02,   850.35
  720.73,   728.72,   600.64
  723.62,   727.32,   726.46
  726.16,   725.48,   851.54
  850.27,   479.98,   596.78
  852.05,   478.41,   721.71
  853.76,   477.52,   847.04
  848.35,   605.67,   597.87
  850.64,   603.59,   722.87
  852.56,   602.04,   848.35
  845.87,   731.18,   598.82
  848.97,   729.04,   724.28
  851.34,   727.12,   849.26
  599.86,   600.11,   101.84
  598.88,   602.12,   226.55
  597.74,   604.34,   351.48
  602.41,   725.18,   100.29
  601.59,   727.50,   224.95
  600.03,   729.66,   349.31
  604.32,   850.07,    98.39
  603.54,   852.62,   223.01
  602.08,   854.56,   347.33
  725.06,   597.43,   102.66
  724.36,   599.66,   227.95
  723.10,   602.50,   352.74
  727.40,   722.83,   101.14
  726.63,   724.83,   225.73
  724.95,   727.50,   349.98
  729.04,   847.94,    99.20
  728.18,   850.33,   223.53
  726.76,   852.19,   347.55
  849.77,   595.01,   103.50
  849.05,   597.32,   229.24
  848.04,   600.42,   353.95
  852.13,   720.42,   101.92
  851.32,   722.15,   226.42
  849.67,   725.37,   350.97
  854.11,   845.82,    99.62
  853.13,   848.25,   224.18
  851.57,   850.18,   348.32
  600.13,   601.72,   225.72
  600.95,   602.38,   350.67
  601.84,   603.08,   475.82
  600.98,   727.13,   225.66
  601.38,   727.73,   350.03
  601.81,   728.26,   474.83
  601.08,   852.30,   225.26
  601.57,   852.68,   349.59
  602.08,   853.01,   474.27
  725.63,   601.07,   225.13
  726.34,   602.36,   349.95
  727.07,   603.35,   474.78
  726.05,   726.30,   224.45
  726.33,   727.40,   348.72
  726.79,   728.37,   473.38
  725.73,   851.83,   223.80
  726.28,   852.12,   347.83
  726.92,   852.54,   472.53
  850.33,   600.54,   224.41
  851.26,   602.08,   349.16
  852.15,   603.24,   473.88
  850.77,   725.44,   223.14
  851.06,   727.07,   347.71
  851.71,   728.54,   472.70
  850.69,   851.61,   222.48
  851.11,   851.95,   346.62
  851.75,   852.49,   471.70
  598.06,   599.75,   351.49
  594.59,   599.93,   476.62
  591.27,   600.08,   601.75
  595.53,   725.08,   351.30
  591.61,   725.10,   476.10
  588.06,   725.13,   601.45
  592.79,   850.03,   351.32
  588.91,   849.87,   475.99
  585.37,   849.89,   601.27
  723.37,   602.74,   355.12
  719.75,   603.17,   479.93
  716.49,   602.89,   604.83
  720.39,   727.75,   354.33
  716.51,   728.16,   478.99
  713.32,   728.24,   604.46
  717.40,   852.42,   353.90
  713.68,   852.35,   478.62
  710.45,   852.66,   604.34
  848.24,   605.49,   358.66
  844.76,   606.11,   483.37
  841.51,   605.71,   608.28
  845.03,   730.46,   357.62
  841.37,   731.34,   482.56
  838.49,   731.25,   608.10
  842.14,   855.15,   356.95
  838.48,   855.16,   482.02
  835.35,   855.36,   607.82
  600.75,   600.40,   473.08
  599.96,   603.42,   598.20
  599.32,   606.38,   723.18
  598.04,   725.53,   469.72
  597.01,   728.45,   595.05
  596.47,   731.32,   720.58
  595.61,   850.26,   466.78
  594.61,   853.15,   592.04
  594.05,   856.10,   717.62
  725.96,   603.40,   473.80
  725.22,   606.03,   598.70
  724.72,   608.13,   723.70
  722.99,   728.34,   470.02
  722.29,   731.33,   595.45
  722.18,   733.91,   721.31
  720.42,   852.48,   466.80
  719.70,   855.61,   592.47
  719.16,   859.11,   718.64
  851.00,   606.03,   474.66
  850.26,   608.62,   599.60
  849.64,   610.46,   724.60
  847.86,   731.24,   471.04
  847.44,   734.10,   596.56
  847.58,   735.93,   722.01
  845.25,   855.08,   467.64
  844.60,   858.06,   593.41
  844.22,   861.20,   718.93
  601.00,   599.97,   601.19
  603.42,   598.40,   726.15
  605.69,   596.79,   851.16
  601.70,   725.06,   602.57
  604.27,   723.41,   728.10
  606.90,   721.46,   853.10
  602.91,   849.81,   604.07
  605.41,   848.28,   729.77
  607.66,   846.43,   854.82
  726.27,   598.92,   598.70
  728.77,   596.46,   723.65
  730.94,   594.37,   849.13
  727.02,   724.31,   599.99
  730.01,   722.26,   725.77
  732.61,   719.78,   850.85
  728.01,   848.74,   601.53
  730.57,   847.71,   727.71
  732.79,   846.17,   852.81
  851.28,   597.87,   596.59
  853.58,   595.25,   721.56
  855.53,   593.16,   847.04
  852.16,   723.43,   598.12
  855.28,   720.66,   723.53
  857.71,   718.14,   848.51
  852.91,   847.59,   599.50
  855.75,   845.90,   724.95
  857.86,   844.74,   850.57
