75 PA4-A-Demo-Fast-Answer.txt 0
  -17.44     5.08   -42.36       -17.44     5.08   -42.36     0.000
   -7.07    24.82    23.38        -7.07    24.82    23.38     0.000
   31.83    14.78    12.20        31.83    14.78    12.20     0.000
   -3.33    -4.74    45.01        -3.33    -4.74    45.01     0.000
   12.24    -6.24    38.86        12.24    -6.24    38.86     0.000
   13.04   -17.08    -8.65        13.04   -17.08    -8.65     0.000
   -9.02   -26.74   -36.27        -9.02   -26.74   -36.27     0.000
  -32.94    -3.53    -9.88       -32.94    -3.53    -9.88     0.000
  -31.70     4.69   -14.50       -31.70     4.69   -14.50     0.000
   -8.21   -20.43    -9.67        -8.21   -20.43    -9.67     0.000
  -24.39    11.89   -28.22       -24.39    11.89   -28.22     0.000
    6.41    -7.31    55.81         6.41    -7.31    55.81     0.000
   28.99    12.41   -27.51        28.99    12.41   -27.51     0.000
   -3.57     1.19    63.23        -3.57     1.19    63.23     0.000
   34.74     0.66    12.30        34.74     0.66    12.30     0.000
  -11.79     7.80   -14.18       -11.79     7.80   -14.18     0.000
   -5.03   -25.88   -29.67        -5.03   -25.88   -29.67     0.000
    1.35    -6.98    56.66         1.35    -6.98    56.66     0.000
   14.69   -13.35     2.72        14.69   -13.35     2.72     0.000
   35.59    14.85    -0.87        35.59    14.85    -0.87     0.000
  -37.58     4.66   -23.45       -37.58     4.66   -23.45     0.000
   -2.64   -18.35    -9.58        -2.64   -18.35    -9.58     0.000
   22.13    -7.08    12.03        22.13    -7.08    12.03     0.000
   35.35    12.95   -14.53        35.35    12.95   -14.53     0.000
  -16.16   -24.49   -10.53       -16.16   -24.49   -10.53     0.000
   11.99   -16.92    -7.31        11.99   -16.92    -7.31     0.000
  -19.09   -32.63   -28.70       -19.09   -32.63   -28.70     0.000
   18.16    16.48    56.79        18.16    16.48    56.79     0.000
    6.32    -6.70    63.02         6.32    -6.70    63.02     0.000
   18.68     1.06   -23.44        18.68     1.06   -23.44     0.000
  -40.67   -19.71   -30.63       -40.67   -19.71   -30.63     0.000
  -17.38    12.08   -26.54       -17.38    12.08   -26.54     0.000
  -12.20     5.67    12.17       -12.20     5.67    12.17     0.000
    6.27   -11.06   -22.70         6.27   -11.06   -22.70     0.000
  -38.55   -20.48   -16.32       -38.55   -20.48   -16.32     0.000
   29.41    -8.88   -21.71        29.41    -8.88   -21.71     0.000
  -17.53    10.50   -35.49       -17.53    10.50   -35.49     0.000
   -3.53    17.73     9.88        -3.53    17.73     9.88     0.000
   -3.46    -6.32    32.63        -3.46    -6.32    32.63     0.000
   -6.61    11.45    44.41        -6.61    11.45    44.41     0.000
   20.39    25.61   -12.92        20.39    25.61   -12.92     0.000
   18.56    17.25    50.16        18.56    17.25    50.16     0.000
   31.97     8.13    15.61        31.97     8.13    15.61     0.000
    0.45   -17.20    -8.10         0.45   -17.20    -8.10     0.000
  -28.40   -30.26   -19.22       -28.40   -30.26   -19.22     0.000
    6.33   -12.72     4.71         6.33   -12.72     4.71     0.000
   -0.44    -6.40    39.37        -0.44    -6.40    39.37     0.000
   22.92     2.33    43.50        22.92     2.33    43.50     0.000
   35.98    -0.89   -18.05        35.98    -0.89   -18.05     0.000
  -28.32    -5.53   -47.57       -28.32    -5.53   -47.57     0.000
  -32.87    -6.92   -45.73       -32.87    -6.92   -45.73     0.000
    6.37    -8.97    18.16         6.37    -8.97    18.16     0.000
  -19.58   -32.27   -22.87       -19.58   -32.27   -22.87     0.000
    8.44    20.92    50.31         8.44    20.92    50.31     0.000
    2.91   -14.81   -24.70         2.91   -14.81   -24.70     0.000
  -26.78   -25.95   -10.72       -26.78   -25.95   -10.72     0.000
   -6.66     4.96   -29.45        -6.66     4.96   -29.45     0.000
   -6.30     3.55    62.16        -6.30     3.55    62.16     0.000
   -9.76    24.98    25.84        -9.76    24.98    25.84     0.000
  -43.06    -9.61   -20.06       -43.06    -9.61   -20.06     0.000
  -25.68    -9.50    -6.37       -25.68    -9.50    -6.37     0.000
  -15.22   -22.74   -44.10       -15.22   -22.74   -44.10     0.000
  -42.37    -3.70   -30.95       -42.37    -3.70   -30.95     0.000
  -40.73   -21.02   -25.18       -40.73   -21.02   -25.18     0.000
  -15.37    -3.60   -47.25       -15.37    -3.60   -47.25     0.000
   29.29    -5.70   -25.31        29.29    -5.70   -25.31     0.000
  -16.08     7.59   -15.12       -16.08     7.59   -15.12     0.000
   -7.96     4.82    30.74        -7.96     4.82    30.74     0.000
   17.65    -3.52   -22.68        17.65    -3.52   -22.68     0.000
   20.75    11.98    59.02        20.75    11.98    59.02     0.000
   13.23    -8.08    15.52        13.23    -8.08    15.52     0.000
  -30.89     9.67   -22.94       -30.89     9.67   -22.94     0.000
   11.14    25.65    -2.92        11.14    25.65    -2.92     0.000
  -41.52    -2.02   -18.83       -41.52    -2.02   -18.83     0.000
   19.34    24.38    12.05        19.34    24.38    12.05     0.000
