75 PA4-A-Demo-Slow-Answer.txt 0
    0.37   -16.99    -7.65         0.37   -16.99    -7.65     0.000
   21.61   -15.21    -5.36        21.61   -15.21    -5.36     0.000
  -16.06     2.40   -44.40       -16.06     2.40   -44.40     0.000
   23.83   -14.72   -16.03        23.83   -14.72   -16.03     0.000
   16.91    25.18   -20.48        16.91    25.18   -20.48     0.000
  -24.62    11.84   -28.27       -24.62    11.84   -28.27     0.000
    8.92    11.67   -11.08         8.92    11.67   -11.08     0.000
  -22.27    10.63   -35.00       -22.27    10.63   -35.00     0.000
   -1.53   -21.08   -32.17        -1.53   -21.08   -32.17     0.000
   -8.01    -9.90     5.85        -8.01    -9.90     5.85     0.000
  -36.18     4.47   -33.01       -36.18     4.47   -33.01     0.000
   -6.10   -23.91   -15.98        -6.10   -23.91   -15.98     0.000
   12.39    20.80   -26.56        12.39    20.80   -26.56     0.000
  -18.58    -1.61   -47.15       -18.58    -1.61   -47.15     0.000
   31.46    19.28     5.68        31.46    19.28     5.68     0.000
   -8.35    15.78    39.72        -8.35    15.78    39.72     0.000
  -41.46   -19.44   -28.33       -41.46   -19.44   -28.33     0.000
  -28.43    10.40   -29.18       -28.43    10.40   -29.18     0.000
  -11.21    -1.63   -44.54       -11.21    -1.63   -44.54     0.000
  -10.99   -28.79   -34.59       -10.99   -28.79   -34.59     0.000
   12.17    17.33   -13.68        12.17    17.33   -13.68     0.000
   -7.52     9.12     0.85        -7.52     9.12     0.85     0.000
   32.38     4.95   -25.39        32.38     4.95   -25.39     0.000
  -25.83   -23.58    -8.83       -25.83   -23.58    -8.83     0.000
   -0.67   -14.68   -35.37        -0.67   -14.68   -35.37     0.000
   24.93     6.64   -30.32        24.93     6.64   -30.32     0.000
   16.97    -4.79    43.20        16.97    -4.79    43.20     0.000
   13.74    19.97    58.05        13.74    19.97    58.05     0.000
   -7.82     8.19   -13.23        -7.82     8.19   -13.23     0.000
   33.18     7.89   -24.13        33.18     7.89   -24.13     0.000
   -2.51    19.92    11.05        -2.51    19.92    11.05     0.000
   -5.80    15.33    44.69        -5.80    15.33    44.69     0.000
   33.03     6.81    14.30        33.03     6.81    14.30     0.000
   31.57    -6.62     7.35        31.57    -6.62     7.35     0.000
   -1.62     6.36   -20.73        -1.62     6.36   -20.73     0.000
   37.66     6.69   -12.05        37.66     6.69   -12.05     0.000
   20.84    11.20    59.98        20.84    11.20    59.98     0.000
   31.74    12.59    13.60        31.74    12.59    13.60     0.000
  -15.05   -14.88    -4.64       -15.05   -14.88    -4.64     0.000
  -14.39    11.89    29.06       -14.39    11.89    29.06     0.000
   22.38    23.49    11.31        22.38    23.49    11.31     0.000
   -6.95     2.99    35.67        -6.95     2.99    35.67     0.000
   35.73     7.01   -18.82        35.73     7.01   -18.82     0.000
   25.17     3.85    34.44        25.17     3.85    34.44     0.000
   31.60    16.77   -19.49        31.60    16.77   -19.49     0.000
  -13.19    23.21    23.10       -13.19    23.21    23.10     0.000
    1.00   -11.56     9.01         1.00   -11.56     9.01     0.000
   14.53    -4.84    60.77        14.53    -4.84    60.77     0.000
   30.42    18.14    10.74        30.42    18.14    10.74     0.000
  -12.07     5.37     7.70       -12.07     5.37     7.70     0.000
   -3.66     3.07   -26.81        -3.66     3.07   -26.81     0.000
   -9.06     7.01    29.57        -9.06     7.01    29.57     0.000
   10.98    -6.72    27.01        10.98    -6.72    27.01     0.000
   31.00    -7.29     6.64        31.00    -7.29     6.64     0.000
    1.80    -9.40    20.89         1.80    -9.40    20.89     0.000
   39.87     5.02     1.12        39.87     5.02     1.12     0.000
  -38.81     0.55   -35.13       -38.81     0.55   -35.13     0.000
   21.78     1.96    49.32        21.78     1.96    49.32     0.000
   16.33    -9.84     8.49        16.33    -9.84     8.49     0.000
   -3.53   -19.75   -37.52        -3.53   -19.75   -37.52     0.000
   34.38    16.01   -11.97        34.38    16.01   -11.97     0.000
   21.69     2.37    51.12        21.69     2.37    51.12     0.000
  -26.43    11.58   -27.19       -26.43    11.58   -27.19     0.000
   12.09    20.35    59.50        12.09    20.35    59.50     0.000
  -26.47   -21.16   -45.91       -26.47   -21.16   -45.91     0.000
  -20.84   -27.07   -11.47       -20.84   -27.07   -11.47     0.000
    0.28    20.48     8.26         0.28    20.48     8.26     0.000
   31.00    -6.93   -22.85        31.00    -6.93   -22.85     0.000
  -22.35    11.85   -20.82       -22.35    11.85   -20.82     0.000
  -28.63   -29.60   -35.29       -28.63   -29.60   -35.29     0.000
    2.92   -18.05   -12.20         2.92   -18.05   -12.20     0.000
  -25.46    -1.04   -46.72       -25.46    -1.04   -46.72     0.000
   -3.51    16.60    47.43        -3.51    16.60    47.43     0.000
    7.76     8.51    63.15         7.76     8.51    63.15     0.000
   11.71   -16.57    -9.77        11.71   -16.57    -9.77     0.000
