150 PA5-C-Debug-Output.txt 6
   38.4123  183.9126   43.2207  -85.9745   73.7182 -138.5094
   33.04    15.28   -11.88        33.04    15.28   -11.88     0.000
  -16.39    -1.83   -53.84       -16.39    -1.83   -53.84     0.000
   35.35     6.61   -11.20        35.35     6.61   -11.20     0.000
   -5.13    14.99    25.33        -5.13    14.99    25.33     0.000
   16.72    14.02    -9.36        16.72    14.02    -9.36     0.000
   30.41    -2.57   -20.40        30.41    -2.57   -20.40     0.000
   32.17    10.91   -18.40        32.17    10.91   -18.40     0.000
  -33.79   -19.57   -12.67       -33.79   -19.57   -12.67     0.000
  -14.17   -20.82   -49.53       -14.17   -20.82   -49.53     0.000
   -8.09    12.04    22.12        -8.09    12.04    22.12     0.000
    9.42    18.17    14.08         9.42    18.17    14.08     0.000
  -23.84   -11.96   -56.23       -23.84   -11.96   -56.23     0.000
    9.89    18.30    31.09         9.89    18.30    31.09     0.000
  -14.56     4.44   -49.91       -14.56     4.44   -49.91     0.000
   20.57     6.22    37.12        20.57     6.22    37.12     0.000
   -0.25    17.70    32.74        -0.25    17.70    32.74     0.000
   29.70    14.29   -20.39        29.70    14.29   -20.39     0.000
   25.18    22.41     6.33        25.18    22.41     6.33     0.000
  -17.97     3.12   -51.41       -17.97     3.12   -51.41     0.000
   24.32    13.77    14.11        24.32    13.77    14.11     0.000
  -25.98   -32.63   -25.52       -25.98   -32.63   -25.52     0.000
   -3.46    11.55    16.72        -3.46    11.55    16.72     0.000
   17.37    11.04    64.34        17.37    11.04    64.34     0.000
   19.50    -2.90    15.73        19.50    -2.90    15.73     0.000
  -21.41   -15.49   -54.87       -21.41   -15.49   -54.87     0.000
   27.72    20.51    -8.96        27.72    20.51    -8.96     0.000
  -18.69   -28.51   -44.78       -18.69   -28.51   -44.78     0.000
   18.54    16.19    38.30        18.54    16.19    38.30     0.000
   21.73     3.43    26.48        21.73     3.43    26.48     0.000
    0.87    13.79    41.00         0.87    13.79    41.00     0.000
    7.52    -7.25    19.15         7.52    -7.25    19.15     0.000
  -10.85    12.14    36.53       -10.85    12.14    36.53     0.000
   -0.50    -4.07    17.11        -0.50    -4.07    17.11     0.000
  -19.88   -23.54   -12.16       -19.88   -23.54   -12.16     0.000
  -44.21   -15.83   -32.91       -44.21   -15.83   -32.91     0.000
   -2.25   -10.92   -33.82        -2.25   -10.92   -33.82     0.000
  -12.37    -4.32   -49.81       -12.37    -4.32   -49.81     0.000
   -2.20    14.81    39.42        -2.20    14.81    39.42     0.000
   19.76    21.74   -16.84        19.76    21.74   -16.84     0.000
   27.44    18.07   -17.17        27.44    18.07   -17.17     0.000
  -11.59   -25.10   -44.17       -11.59   -25.10   -44.17     0.000
   19.96    21.94    25.44        19.96    21.94    25.44     0.000
   20.03   -10.70     1.42        20.03   -10.70     1.42     0.000
   16.46    14.63   -21.24        16.46    14.63   -21.24     0.000
   -2.94     1.64    30.35        -2.94     1.64    30.35     0.000
    7.62    -1.67    41.81         7.62    -1.67    41.81     0.000
   30.37    15.07    -7.80        30.37    15.07    -7.80     0.000
  -30.91   -25.50   -14.22       -30.91   -25.50   -14.22     0.000
   -3.14   -13.10    -3.68        -3.14   -13.10    -3.68     0.000
   31.36    17.22   -11.53        31.36    17.22   -11.53     0.000
   -1.85    -3.73    14.45        -1.85    -3.73    14.45     0.000
   11.13    -1.33    46.24        11.13    -1.33    46.24     0.000
  -10.52     7.30    25.47       -10.52     7.30    25.47     0.000
   -1.33    -3.12   -29.80        -1.33    -3.12   -29.80     0.000
    0.94   -10.01     1.56         0.94   -10.01     1.56     0.000
  -19.93   -24.46   -50.96       -19.93   -24.46   -50.96     0.000
   15.13    -0.65    37.62        15.13    -0.65    37.62     0.000
   30.24    -1.26     0.40        30.24    -1.26     0.40     0.000
    4.52    -3.51    28.47         4.52    -3.51    28.47     0.000
    5.82    12.11     6.41         5.82    12.11     6.41     0.000
   18.28     7.44   -19.55        18.28     7.44   -19.55     0.000
   21.40    -9.79    -0.98        21.40    -9.79    -0.98     0.000
   26.73    13.44   -24.77        26.73    13.44   -24.77     0.000
  -38.69   -27.13   -28.13       -38.69   -27.13   -28.13     0.000
    9.88    17.84     5.35         9.88    17.84     5.35     0.000
   -1.91     3.46    48.17        -1.91     3.46    48.17     0.000
    1.92    -5.60    14.60         1.92    -5.60    14.60     0.000
   17.87    14.19    48.70        17.87    14.19    48.70     0.000
    6.38    -1.23   -22.85         6.38    -1.23   -22.85     0.000
  -14.31    -2.95    -2.82       -14.31    -2.95    -2.82     0.000
   33.68    13.38   -14.80        33.68    13.38   -14.80     0.000
    3.34     0.37    56.35         3.34     0.37    56.35     0.000
  -32.86   -31.53   -31.79       -32.86   -31.53   -31.79     0.000
    3.16     0.14    61.72         3.16     0.14    61.72     0.000
  -45.49   -12.05   -25.96       -45.49   -12.05   -25.96     0.000
   -4.55     5.24    38.65        -4.55     5.24    38.65     0.000
   -2.49     4.55    49.83        -2.49     4.55    49.83     0.000
  -12.72     7.37   -16.49       -12.72     7.37   -16.49     0.000
   32.81    12.38   -16.77        32.81    12.38   -16.77     0.000
   32.20     5.06   -29.97        32.20     5.06   -29.97     0.000
    7.72    12.34     1.98         7.72    12.34     1.98     0.000
   20.57    14.44   -26.92        20.57    14.44   -26.92     0.000
   33.19     5.17   -24.96        33.19     5.17   -24.96     0.000
  -44.42    -3.93   -38.30       -44.42    -3.93   -38.30     0.000
   13.62    23.48    52.40        13.62    23.48    52.40     0.000
  -32.78     6.18   -45.30       -32.78     6.18   -45.30     0.000
  -18.85   -27.10   -17.07       -18.85   -27.10   -17.07     0.000
   17.06     2.10    63.61        17.06     2.10    63.61     0.000
    8.95     1.59    69.93         8.95     1.59    69.93     0.000
  -42.77    -1.51   -44.03       -42.77    -1.51   -44.03     0.000
   30.85    14.72    -7.88        30.85    14.72    -7.88     0.000
  -34.89     6.41   -44.45       -34.89     6.41   -44.45     0.000
   14.15    16.54    -4.57        14.15    16.54    -4.57     0.000
   13.78    -0.89    56.75        13.78    -0.89    56.75     0.000
  -10.44     5.57   -34.62       -10.44     5.57   -34.62     0.000
  -21.36     9.87   -43.49       -21.36     9.87   -43.49     0.000
   28.67    19.89    -9.89        28.67    19.89    -9.89     0.000
    4.30   -16.56    -7.22         4.30   -16.56    -7.22     0.000
   23.55    14.34   -25.46        23.55    14.34   -25.46     0.000
  -43.48   -12.90   -19.22       -43.48   -12.90   -19.22     0.000
   22.96    -1.08    14.35        22.96    -1.08    14.35     0.000
  -35.06   -27.18   -20.75       -35.06   -27.18   -20.75     0.000
   -4.06    10.22    39.35        -4.06    10.22    39.35     0.000
    7.01    10.64     3.35         7.01    10.64     3.35     0.000
   19.82    -4.32   -20.40        19.82    -4.32   -20.40     0.000
    3.16    -0.24    65.21         3.16    -0.24    65.21     0.000
    4.72    -9.57   -26.98         4.72    -9.57   -26.98     0.000
  -25.44   -26.17   -15.28       -25.44   -26.17   -15.28     0.000
    3.85    -4.53   -25.16         3.85    -4.53   -25.16     0.000
  -19.92    12.47   -23.65       -19.92    12.47   -23.65     0.000
    3.04    13.04    11.88         3.04    13.04    11.88     0.000
  -22.11   -33.06   -31.60       -22.11   -33.06   -31.60     0.000
    3.38    11.33     9.87         3.38    11.33     9.87     0.000
    3.00    14.58    42.26         3.00    14.58    42.26     0.000
  -22.58    -4.60   -54.77       -22.58    -4.60   -54.77     0.000
  -37.80     4.01   -45.38       -37.80     4.01   -45.38     0.000
   21.09   -11.11   -14.45        21.09   -11.11   -14.45     0.000
  -13.40     6.80   -15.63       -13.40     6.80   -15.63     0.000
  -11.47     8.20   -30.14       -11.47     8.20   -30.14     0.000
   13.18    -0.98    66.93        13.18    -0.98    66.93     0.000
  -37.13   -28.51   -35.44       -37.13   -28.51   -35.44     0.000
   11.58   -10.29    13.19        11.58   -10.29    13.19     0.000
  -30.49   -26.76   -14.76       -30.49   -26.76   -14.76     0.000
   34.25     3.97    -5.68        34.25     3.97    -5.68     0.000
  -22.66    -8.43   -10.76       -22.66    -8.43   -10.76     0.000
   24.79    16.69   -22.96        24.79    16.69   -22.96     0.000
   14.00    -0.58    50.04        14.00    -0.58    50.04     0.000
    7.47    17.22    69.48         7.47    17.22    69.48     0.000
  -31.86    -7.55   -55.45       -31.86    -7.55   -55.45     0.000
   33.17     1.47   -17.21        33.17     1.47   -17.21     0.000
    3.11    -1.30   -25.33         3.11    -1.30   -25.33     0.000
   -9.33   -25.64   -40.52        -9.33   -25.64   -40.52     0.000
  -12.41   -27.08   -42.50       -12.41   -27.08   -42.50     0.000
    5.66    17.06    26.87         5.66    17.06    26.87     0.000
   34.69    10.57   -13.76        34.69    10.57   -13.76     0.000
   -2.88   -11.35   -34.41        -2.88   -11.35   -34.41     0.000
  -18.58     7.07   -47.64       -18.58     7.07   -47.64     0.000
   16.86    12.08    67.05        16.86    12.08    67.05     0.000
  -44.38    -0.15   -30.69       -44.38    -0.15   -30.69     0.000
  -10.97     9.56   -25.20       -10.97     9.56   -25.20     0.000
   -3.13     9.20    60.45        -3.13     9.20    60.45     0.000
   -1.19     1.66    40.13        -1.19     1.66    40.13     0.000
   21.08    10.05    23.66        21.08    10.05    23.66     0.000
  -29.62   -29.47   -43.95       -29.62   -29.47   -43.95     0.000
   17.03    -1.79    24.33        17.03    -1.79    24.33     0.000
  -42.67   -20.75   -35.55       -42.67   -20.75   -35.55     0.000
   24.39     1.11    15.58        24.39     1.11    15.58     0.000
  -22.67    12.98   -21.37       -22.67    12.98   -21.37     0.000
   11.33    12.83    -2.12        11.33    12.83    -2.12     0.000
  -41.02     4.81   -28.51       -41.02     4.81   -28.51     0.000
