150 PA5-D-Debug-Output.txt 6
   69.0239 -175.8937   24.9225   23.3190   52.2125   72.4025
   32.73    23.04     6.50        32.73    23.04     6.50     0.000
   27.33    11.46    29.18        27.33    11.46    29.18     0.000
   21.69    23.11   -34.97        21.69    23.11   -34.97     0.000
  -11.90   -10.74     6.96       -11.90   -10.74     6.96     0.000
  -11.98   -12.23     2.54       -11.98   -12.23     2.54     0.000
    8.84    24.85     7.57         8.84    24.85     7.57     0.000
    5.82    22.67    21.15         5.82    22.67    21.15     0.000
  -20.60   -14.97    -2.95       -20.60   -14.97    -2.95     0.000
   18.17    26.98    -5.69        18.17    26.98    -5.69     0.000
   20.70   -14.09    -0.75        20.70   -14.09    -0.75     0.000
   19.34    13.01    58.62        19.34    13.01    58.62     0.000
   23.54    20.14   -35.05        23.54    20.14   -35.05     0.000
   38.39    -6.38   -18.65        38.39    -6.38   -18.65     0.000
    6.50    25.98     0.93         6.50    25.98     0.93     0.000
  -10.88    22.53    21.55       -10.88    22.53    21.55     0.000
    9.95    25.53     4.29         9.95    25.53     4.29     0.000
   10.69    19.50    52.26        10.69    19.50    52.26     0.000
    6.43    20.87    -8.75         6.43    20.87    -8.75     0.000
  -11.62     2.90    40.47       -11.62     2.90    40.47     0.000
    5.49   -14.69   -10.67         5.49   -14.69   -10.67     0.000
  -10.52    12.86    38.16       -10.52    12.86    38.16     0.000
   -2.32   -16.47   -32.57        -2.32   -16.47   -32.57     0.000
   -1.19    -0.30   -27.05        -1.19    -0.30   -27.05     0.000
   32.61    -3.22    17.69        32.61    -3.22    17.69     0.000
  -29.05     6.94   -30.37       -29.05     6.94   -30.37     0.000
   32.45    23.37   -24.47        32.45    23.37   -24.47     0.000
   23.86     0.49    39.68        23.86     0.49    39.68     0.000
  -39.89   -11.11    -9.10       -39.89   -11.11    -9.10     0.000
  -36.56   -19.36    -8.25       -36.56   -19.36    -8.25     0.000
   17.14    14.77    58.50        17.14    14.77    58.50     0.000
   -5.94    24.06    16.53        -5.94    24.06    16.53     0.000
   -4.03    15.14    -1.50        -4.03    15.14    -1.50     0.000
   -6.24     6.61   -27.93        -6.24     6.61   -27.93     0.000
   31.93     3.99   -34.10        31.93     3.99   -34.10     0.000
    4.99    -1.01   -25.58         4.99    -1.01   -25.58     0.000
  -32.47   -27.56   -26.03       -32.47   -27.56   -26.03     0.000
  -15.07     4.71    10.14       -15.07     4.71    10.14     0.000
   19.23    26.46    -3.67        19.23    26.46    -3.67     0.000
   -8.11    14.03     4.49        -8.11    14.03     4.49     0.000
   36.34     1.45   -26.06        36.34     1.45   -26.06     0.000
   -7.51    12.27    60.98        -7.51    12.27    60.98     0.000
    4.74    19.94    36.11         4.74    19.94    36.11     0.000
  -11.29     8.45   -21.50       -11.29     8.45   -21.50     0.000
   19.77    21.03    23.49        19.77    21.03    23.49     0.000
   29.62    -8.44     9.67        29.62    -8.44     9.67     0.000
  -37.59     1.07   -30.35       -37.59     1.07   -30.35     0.000
  -19.99   -18.61    -4.17       -19.99   -18.61    -4.17     0.000
  -41.37    -9.98   -26.30       -41.37    -9.98   -26.30     0.000
    4.73    -9.21    63.51         4.73    -9.21    63.51     0.000
    4.96   -14.46    -5.54         4.96   -14.46    -5.54     0.000
  -33.96   -27.13   -19.72       -33.96   -27.13   -19.72     0.000
   14.38   -14.69     3.41        14.38   -14.69     3.41     0.000
   14.29    -1.71   -24.65        14.29    -1.71   -24.65     0.000
   -6.58   -16.03   -38.17        -6.58   -16.03   -38.17     0.000
  -34.71   -24.76   -30.27       -34.71   -24.76   -30.27     0.000
   17.46    26.32    -1.40        17.46    26.32    -1.40     0.000
   30.81    -0.54    21.80        30.81    -0.54    21.80     0.000
   -6.03    24.05    18.38        -6.03    24.05    18.38     0.000
   -5.68    24.13    18.76        -5.68    24.13    18.76     0.000
   28.23     0.79    26.68        28.23     0.79    26.68     0.000
  -29.72     0.27   -36.84       -29.72     0.27   -36.84     0.000
   -5.65   -21.98   -16.02        -5.65   -21.98   -16.02     0.000
  -26.47   -30.61   -17.25       -26.47   -30.61   -17.25     0.000
  -14.46   -11.09     3.21       -14.46   -11.09     3.21     0.000
    8.09    11.99    64.82         8.09    11.99    64.82     0.000
   13.13     7.18   -19.60        13.13     7.18   -19.60     0.000
  -11.18   -24.37   -35.09       -11.18   -24.37   -35.09     0.000
  -26.73     2.68   -36.69       -26.73     2.68   -36.69     0.000
   -2.60   -11.65   -36.85        -2.60   -11.65   -36.85     0.000
   39.76    10.13   -19.79        39.76    10.13   -19.79     0.000
   -0.55    -9.96    45.81        -0.55    -9.96    45.81     0.000
   19.13    -0.20    58.94        19.13    -0.20    58.94     0.000
    4.05    -9.28    26.19         4.05    -9.28    26.19     0.000
   32.60    20.70    11.41        32.60    20.70    11.41     0.000
   -4.72    16.24     1.71        -4.72    16.24     1.71     0.000
   -6.18   -19.26   -11.26        -6.18   -19.26   -11.26     0.000
   -4.73   -20.70   -33.41        -4.73   -20.70   -33.41     0.000
  -13.10     3.99    25.42       -13.10     3.99    25.42     0.000
  -16.32    15.78    23.52       -16.32    15.78    23.52     0.000
   -8.72    18.83     8.39        -8.72    18.83     8.39     0.000
   16.42    15.21    57.94        16.42    15.21    57.94     0.000
   15.82    26.08   -18.11        15.82    26.08   -18.11     0.000
    2.94    18.39    58.49         2.94    18.39    58.49     0.000
   42.99    12.21     9.33        42.99    12.21     9.33     0.000
  -18.55    -2.25   -41.24       -18.55    -2.25   -41.24     0.000
   -1.79    -9.73    36.52        -1.79    -9.73    36.52     0.000
   -2.69   -16.97   -17.57        -2.69   -16.97   -17.57     0.000
   -6.01     5.35   -28.77        -6.01     5.35   -28.77     0.000
  -17.35     9.69   -18.91       -17.35     9.69   -18.91     0.000
  -24.94   -10.85    -2.28       -24.94   -10.85    -2.28     0.000
   -9.89    -4.26    56.09        -9.89    -4.26    56.09     0.000
   23.37    17.84   -36.56        23.37    17.84   -36.56     0.000
   41.23    -0.82   -15.81        41.23    -0.82   -15.81     0.000
  -41.42   -14.12   -12.62       -41.42   -14.12   -12.62     0.000
  -30.59    -3.54   -38.92       -30.59    -3.54   -38.92     0.000
  -35.49   -22.78    -9.99       -35.49   -22.78    -9.99     0.000
  -34.79    -7.05    -4.18       -34.79    -7.05    -4.18     0.000
  -14.19    -2.66   -40.44       -14.19    -2.66   -40.44     0.000
   -8.50   -13.85   -39.69        -8.50   -13.85   -39.69     0.000
   17.08   -16.50   -15.11        17.08   -16.50   -15.11     0.000
  -37.49     3.62   -23.89       -37.49     3.62   -23.89     0.000
   11.96    22.09    20.55        11.96    22.09    20.55     0.000
  -16.74   -11.54     0.98       -16.74   -11.54     0.98     0.000
    8.91    11.08    64.63         8.91    11.08    64.63     0.000
  -11.50    -2.08    36.32       -11.50    -2.08    36.32     0.000
  -10.05    10.73     4.35       -10.05    10.73     4.35     0.000
   24.97    24.59   -32.34        24.97    24.59   -32.34     0.000
    7.16     9.39   -18.86         7.16     9.39   -18.86     0.000
   -3.17    18.96    38.99        -3.17    18.96    38.99     0.000
  -35.66     3.04   -29.29       -35.66     3.04   -29.29     0.000
   14.15    -8.21    18.48        14.15    -8.21    18.48     0.000
  -12.11    -4.77    27.72       -12.11    -4.77    27.72     0.000
   -4.69   -17.87   -14.19        -4.69   -17.87   -14.19     0.000
   -7.28   -23.60   -13.99        -7.28   -23.60   -13.99     0.000
   -3.75   -21.10   -21.60        -3.75   -21.10   -21.60     0.000
   -5.81    20.00    32.19        -5.81    20.00    32.19     0.000
   -8.00    -7.75    44.31        -8.00    -7.75    44.31     0.000
  -30.16     0.28   -36.73       -30.16     0.28   -36.73     0.000
   -0.41   -10.46    21.61        -0.41   -10.46    21.61     0.000
   -4.53   -10.34    24.86        -4.53   -10.34    24.86     0.000
   17.53     3.45   -23.65        17.53     3.45   -23.65     0.000
   -3.18    -0.48   -28.78        -3.18    -0.48   -28.78     0.000
   13.57    25.69     3.41        13.57    25.69     3.41     0.000
  -11.61     1.65    41.34       -11.61     1.65    41.34     0.000
  -39.02   -21.30   -14.34       -39.02   -21.30   -14.34     0.000
  -33.78     6.25   -16.52       -33.78     6.25   -16.52     0.000
   19.85   -18.85    -9.22        19.85   -18.85    -9.22     0.000
   43.30     1.42   -11.24        43.30     1.42   -11.24     0.000
   23.28    17.25    31.45        23.28    17.25    31.45     0.000
   28.60    18.66    17.44        28.60    18.66    17.44     0.000
  -38.70   -20.05   -10.91       -38.70   -20.05   -10.91     0.000
   11.49   -16.07    -0.10        11.49   -16.07    -0.10     0.000
   21.24     0.14    49.51        21.24     0.14    49.51     0.000
   28.92     2.34   -34.05        28.92     2.34   -34.05     0.000
   -3.92   -22.22   -23.66        -3.92   -22.22   -23.66     0.000
    3.45    18.91    53.24         3.45    18.91    53.24     0.000
    9.88    -8.12    43.69         9.88    -8.12    43.69     0.000
   22.14    26.80   -19.01        22.14    26.80   -19.01     0.000
    6.80    26.11     0.55         6.80    26.11     0.55     0.000
    0.66    -4.06   -27.69         0.66    -4.06   -27.69     0.000
   27.88   -14.01    -9.20        27.88   -14.01    -9.20     0.000
  -11.52     1.88    52.59       -11.52     1.88    52.59     0.000
   -0.54    -9.89    47.78        -0.54    -9.89    47.78     0.000
   22.90   -11.38   -20.16        22.90   -11.38   -20.16     0.000
   39.16    -5.22   -18.38        39.16    -5.22   -18.38     0.000
   24.41    19.62   -34.84        24.41    19.62   -34.84     0.000
   11.74    -4.11    63.93        11.74    -4.11    63.93     0.000
  -10.34    23.09    14.59       -10.34    23.09    14.59     0.000
   -4.43   -11.88     7.04        -4.43   -11.88     7.04     0.000
   35.84    19.68   -21.27        35.84    19.68   -21.27     0.000
