200 PA4-B-output.txt
      6.69    -4.80    63.41         6.69    -4.81    63.42     0.003
    -37.19   -17.18   -41.07       -37.19   -17.18   -41.07     0.003
     28.11    19.28    12.82        28.11    19.28    12.82     0.002
    -32.91   -28.13   -19.43       -32.91   -28.13   -19.43     0.003
     23.57    -3.58   -26.39        23.57    -3.58   -26.38     0.003
     18.20    23.92    15.84        18.20    23.91    15.84     0.009
     -4.34   -10.85     7.34        -4.34   -10.85     7.34     0.001
    -27.50    11.09   -23.71       -27.50    11.10   -23.71     0.006
     -9.97    16.46    14.88        -9.97    16.46    14.88     0.001
    -28.20   -31.24   -30.93       -28.19   -31.23   -30.93     0.004
     38.71     4.38   -11.66        38.71     4.38   -11.66     0.004
     34.63    -2.52   -20.19        34.64    -2.52   -20.19     0.010
     37.33    -1.85     4.61        37.35    -1.86     4.61     0.018
    -31.24   -29.72   -31.44       -31.24   -29.72   -31.44     0.002
     22.01    25.58    -4.66        22.00    25.56    -4.66     0.012
     -6.88    -1.91    31.30        -6.89    -1.91    31.30     0.003
     -4.36    -9.64    13.64        -4.36    -9.64    13.64     0.002
     -8.43    21.78    35.56        -8.43    21.78    35.56     0.005
    -21.74    -5.94    -4.67       -21.74    -5.94    -4.66     0.004
    -20.97   -29.51   -14.69       -20.97   -29.50   -14.69     0.005
    -30.48     8.57   -32.77       -30.48     8.58   -32.77     0.006
     -1.14    18.44    46.66        -1.15    18.45    46.67     0.007
      8.90    -6.80   -21.85         8.89    -6.80   -21.85     0.004
    -26.11   -22.39    -7.90       -26.11   -22.39    -7.90     0.004
     -7.32   -25.34   -16.98        -7.32   -25.34   -16.99     0.006
    -21.10   -14.53   -47.97       -21.10   -14.53   -47.97     0.001
     -7.04     6.75    58.16        -7.04     6.75    58.16     0.006
     -6.00     2.28   -34.93        -5.99     2.28   -34.93     0.008
     35.55    -1.38   -18.97        35.56    -1.38   -18.97     0.006
      2.00    19.60    45.31         2.00    19.61    45.32     0.008
     21.89     7.85    55.52        21.88     7.85    55.52     0.001
     -8.91    11.87    37.56        -8.90    11.87    37.55     0.013
      2.17    20.41    41.89         2.17    20.42    41.89     0.004
     10.61    -6.38    34.46        10.61    -6.38    34.45     0.001
     35.59     0.40    11.34        35.60     0.40    11.35     0.007
     24.71    20.24   -24.78        24.71    20.24   -24.78     0.003
     16.08    23.17    22.27        16.08    23.17    22.27     0.004
     -6.56     9.11    59.85        -6.56     9.11    59.85     0.006
     -5.80   -24.59   -35.04        -5.80   -24.59   -35.04     0.005
    -35.23   -16.56    -9.48       -35.23   -16.56    -9.48     0.006
     -4.14    16.16    46.96        -4.14    16.16    46.97     0.004
    -34.39   -21.22   -41.06       -34.39   -21.22   -41.06     0.003
    -21.96     4.49   -42.80       -21.96     4.50   -42.80     0.005
    -32.18     3.87   -14.21       -32.18     3.87   -14.21     0.002
     -3.82    12.00    62.19        -3.82    12.00    62.19     0.002
     -8.34   -19.43    -8.55        -8.34   -19.43    -8.55     0.004
     17.40     2.86   -22.45        17.41     2.86   -22.44     0.012
     -7.64   -27.92   -29.25        -7.64   -27.92   -29.25     0.002
      2.27    -7.03    62.77         2.27    -7.02    62.76     0.009
      8.82    21.88    34.68         8.82    21.88    34.68     0.004
    -12.03   -26.30   -39.84       -12.03   -26.30   -39.84     0.002
     -8.79    -7.58   -45.70        -8.79    -7.58   -45.70     0.002
     -9.37    -1.67    19.32        -9.37    -1.67    19.32     0.001
     -4.75    23.94    31.19        -4.74    23.96    31.19     0.012
    -21.81    -5.00   -48.03       -21.81    -5.01   -48.03     0.001
     -2.19    15.28     4.84        -2.18    15.28     4.84     0.006
     -1.45   -10.91    11.43        -1.45   -10.91    11.43     0.001
    -10.79   -23.41   -11.66       -10.79   -23.41   -11.66     0.001
      6.76   -11.03   -22.53         6.76   -11.03   -22.53     0.003
     37.06     6.38   -13.66        37.05     6.38   -13.66     0.003
     29.84    21.12     1.91        29.83    21.12     1.91     0.007
    -39.97   -20.25   -18.56       -39.97   -20.25   -18.56     0.002
     27.61     8.16    25.41        27.61     8.16    25.41     0.006
      6.10    19.60    -4.05         6.12    19.59    -4.04     0.020
     -4.96     5.85   -24.12        -4.96     5.85   -24.12     0.001
     -2.48    -4.77   -31.53        -2.49    -4.77   -31.53     0.001
    -17.45    -3.40   -47.45       -17.45    -3.40   -47.45     0.002
     -7.12     1.01    32.96        -7.13     1.01    32.96     0.004
     23.36    11.72    40.74        23.36    11.72    40.73     0.001
     17.38    27.09    -0.54        17.37    27.08    -0.54     0.008
     17.15   -14.84   -16.27        17.15   -14.85   -16.28     0.012
     16.34    26.92     3.67        16.34    26.91     3.67     0.012
     -2.36   -22.29   -18.67        -2.37   -22.29   -18.67     0.004
    -23.51   -21.72   -45.51       -23.51   -21.72   -45.51     0.000
     21.61     7.30   -29.48        21.61     7.30   -29.47     0.011
     27.05     5.66    27.91        27.06     5.66    27.91     0.007
    -34.09     6.74   -20.76       -34.09     6.74   -20.76     0.007
     -5.48   -18.87   -40.63        -5.48   -18.87   -40.63     0.007
    -36.96   -13.92   -43.01       -36.96   -13.92   -43.01     0.002
     -7.56   -19.50    -8.98        -7.56   -19.50    -8.99     0.001
    -42.73    -9.90   -18.86       -42.73    -9.91   -18.86     0.003
    -12.40   -20.60    -9.12       -12.40   -20.60    -9.12     0.004
     -8.20    16.76    13.71        -8.20    16.76    13.71     0.001
    -43.33    -7.47   -29.26       -43.33    -7.47   -29.26     0.003
     40.03     3.61    -7.47        40.02     3.61    -7.47     0.005
    -39.30     0.74   -18.55       -39.31     0.74   -18.55     0.003
    -30.05     3.64   -40.96       -30.05     3.65   -40.97     0.007
    -13.78   -28.33   -38.00       -13.78   -28.33   -38.00     0.004
      3.56    -4.27   -24.64         3.56    -4.27   -24.64     0.004
     18.03    -4.67    37.19        18.03    -4.67    37.19     0.002
      9.75    18.75    61.66         9.74    18.75    61.67     0.004
    -10.21     8.46   -28.48       -10.21     8.46   -28.48     0.002
     38.38     1.53   -12.45        38.39     1.53   -12.45     0.004
     16.32    -7.04    18.57        16.32    -7.05    18.57     0.008
     34.65    14.93     7.76        34.64    14.93     7.76     0.008
     31.08    13.49    14.07        31.08    13.49    14.07     0.002
     32.85    -5.89   -21.12        32.87    -5.89   -21.12     0.015
     32.97    14.88   -18.51        32.98    14.89   -18.51     0.006
     27.67    22.19     6.99        27.67    22.19     6.99     0.006
     -5.83    -4.52    31.26        -5.83    -4.52    31.26     0.002
     36.67    -1.64     8.84        36.68    -1.64     8.84     0.011
     -5.66   -18.22    -8.59        -5.66   -18.22    -8.59     0.002
     -3.47    17.59     9.71        -3.47    17.59     9.72     0.003
     -6.23    -2.52    34.64        -6.24    -2.52    34.64     0.004
    -20.95     0.53    -8.49       -20.95     0.53    -8.49     0.002
     21.66    25.19     5.63        21.66    25.19     5.63     0.006
     30.22     1.59   -28.28        30.22     1.59   -28.29     0.012
     -7.21   -20.60   -41.48        -7.21   -20.60   -41.48     0.001
     15.86    22.70    27.41        15.86    22.70    27.41     0.004
     31.47     7.47    16.70        31.47     7.47    16.70     0.005
     28.71    21.81   -14.18        28.71    21.81   -14.18     0.008
     32.59    18.06    -4.90        32.59    18.06    -4.90     0.006
     13.19    -6.57    25.70        13.19    -6.57    25.70     0.001
     -5.59     5.38   -26.01        -5.59     5.38   -26.01     0.001
     -4.95    18.49    12.04        -4.95    18.49    12.04     0.002
     21.52    24.14   -23.23        21.52    24.14   -23.23     0.003
      2.00   -10.88    13.33         2.00   -10.88    13.33     0.002
     20.49    14.88    48.77        20.49    14.89    48.77     0.003
     28.52   -10.09    -1.23        28.53   -10.11    -1.23     0.022
     16.42    -6.45    23.02        16.43    -6.46    23.02     0.008
     -5.03    -6.39    26.21        -5.03    -6.39    26.21     0.005
     -7.16     2.36    33.54        -7.16     2.35    33.54     0.001
    -13.15   -14.59   -47.35       -13.16   -14.59   -47.35     0.004
     35.09    15.11    -3.82        35.08    15.11    -3.82     0.007
    -31.46     8.14   -32.62       -31.46     8.14   -32.62     0.007
      3.90    12.22    -7.88         3.90    12.21    -7.87     0.014
     21.30    24.82   -20.54        21.30    24.81   -20.54     0.010
    -25.36     7.75   -38.53       -25.36     7.76   -38.54     0.003
      3.78    18.35    -0.43         3.79    18.34    -0.42     0.016
    -32.89   -17.13    -8.66       -32.88   -17.13    -8.66     0.006
      5.98    20.37    44.94         5.98    20.38    44.94     0.005
      0.52   -15.44    -4.80         0.53   -15.45    -4.79     0.005
    -21.18     6.80   -40.31       -21.19     6.80   -40.32     0.005
     33.63    -5.24    -5.15        33.64    -5.25    -5.15     0.012
     19.86   -11.10     2.37        19.87   -11.11     2.37     0.014
      2.65   -10.23    16.44         2.65   -10.22    16.43     0.005
    -41.11   -18.74   -20.37       -41.11   -18.74   -20.37     0.002
    -43.13   -14.78   -23.21       -43.13   -14.78   -23.21     0.004
     24.17     7.00    39.98        24.18     7.00    39.98     0.004
     36.42    11.15   -11.99        36.43    11.15   -12.00     0.008
    -24.01   -32.51   -22.99       -24.01   -32.50   -22.99     0.008
    -30.39   -26.70   -38.98       -30.39   -26.70   -38.97     0.005
    -18.19     0.32   -46.13       -18.19     0.32   -46.13     0.001
     34.69    10.71    10.66        34.70    10.71    10.67     0.006
     19.12    17.92    43.48        19.13    17.92    43.48     0.003
     28.91    -3.89   -26.06        28.91    -3.89   -26.04     0.011
    -19.52     7.05   -15.45       -19.52     7.05   -15.46     0.002
      1.49    -9.50    20.76         1.49    -9.50    20.76     0.003
      0.05    24.00    23.61         0.05    24.00    23.61     0.002
    -32.58    -4.34   -44.81       -32.58    -4.34   -44.81     0.001
     10.30    19.43   -11.58        10.31    19.44   -11.57     0.008
     12.05   -13.08   -17.72        12.06   -13.09   -17.72     0.008
    -35.51    -3.51   -11.25       -35.51    -3.51   -11.25     0.004
     33.85    -5.44     1.34        33.86    -5.45     1.34     0.011
    -21.35    -3.70   -47.64       -21.35    -3.70   -47.64     0.001
     27.16    22.83   -14.30        27.15    22.83   -14.30     0.010
     -5.03    13.16    51.45        -5.03    13.16    51.45     0.007
    -38.88    -1.53   -37.62       -38.88    -1.53   -37.62     0.003
     22.92    -0.22   -27.10        22.92    -0.22   -27.10     0.003
     -6.64     2.32    39.81        -6.64     2.32    39.81     0.002
    -27.02   -24.66   -42.89       -27.02   -24.66   -42.89     0.001
     -2.89   -11.13   -39.68        -2.89   -11.13   -39.68     0.001
    -39.66   -19.57   -33.82       -39.66   -19.58   -33.82     0.003
     35.84     6.07   -19.02        35.84     6.08   -19.02     0.003
     29.88    17.70    11.95        29.88    17.70    11.94     0.002
     19.96     0.23    56.63        19.95     0.23    56.63     0.006
     -6.99     5.07    55.66        -7.00     5.06    55.66     0.006
     11.04    12.45    63.14        11.05    12.45    63.14     0.001
    -13.75   -24.00   -10.30       -13.75   -24.00   -10.30     0.004
      9.12    -7.83   -22.10         9.12    -7.84   -22.09     0.010
     -4.02    16.86     9.73        -4.02    16.86     9.73     0.003
     34.41    -5.90   -15.64        34.43    -5.91   -15.64     0.021
     31.22    17.14   -19.92        31.22    17.14   -19.92     0.003
    -32.93     7.60   -20.67       -32.93     7.60   -20.67     0.006
    -33.39     4.55   -37.62       -33.39     4.55   -37.63     0.004
      3.72    -7.41    61.24         3.73    -7.40    61.24     0.012
     -3.95   -18.38   -39.02        -3.95   -18.37   -39.01     0.004
      2.06     5.88   -19.04         2.05     5.87   -19.04     0.004
      7.95     3.93   -18.31         7.95     3.93   -18.30     0.007
    -14.24    21.42    29.66       -14.23    21.42    29.66     0.003
     31.53    -7.38   -21.54        31.54    -7.38   -21.55     0.011
     -9.22     8.81     5.59        -9.23     8.81     5.59     0.001
     22.82     4.13    45.72        22.83     4.13    45.72     0.002
    -26.73     3.41   -42.84       -26.73     3.41   -42.84     0.001
     21.76   -10.90   -21.63        21.76   -10.90   -21.63     0.003
    -22.39     5.95   -41.36       -22.39     5.96   -41.37     0.006
      4.18     8.30    63.41         4.18     8.30    63.41     0.001
     -7.32    18.91    13.75        -7.32    18.91    13.75     0.001
    -43.57    -6.29   -26.32       -43.56    -6.29   -26.32     0.007
     39.07     9.88    -1.68        39.06     9.88    -1.68     0.009
     -9.30   -10.85     2.88        -9.30   -10.85     2.88     0.001
     -5.53    -4.37    32.52        -5.52    -4.37    32.52     0.003
     -5.37    -4.18    33.20        -5.37    -4.18    33.20     0.002
     15.49    -3.24   -22.25        15.49    -3.24   -22.24     0.006
    -39.91   -14.09   -35.98       -39.91   -14.10   -35.98     0.002
      7.23    15.48    -8.26         7.23    15.48    -8.25     0.008
     -5.55    -6.38   -42.30        -5.55    -6.38   -42.30     0.002
     21.47    14.09    45.81        21.48    14.09    45.81     0.005
     29.61    -8.13     4.20        29.61    -8.15     4.20     0.021
     -6.58   -25.77   -33.92        -6.58   -25.77   -33.92     0.006
