200 PA4-C-output.txt
      0.93    -6.56    50.70         0.91    -6.61    50.70     0.061
     29.13    12.22    14.92        30.44    12.79    15.58     1.567
    -35.24   -22.77   -15.95       -35.80   -23.34   -15.50     0.924
      0.85   -12.99    -0.45         0.89   -13.35    -0.30     0.392
    -10.75     2.43    20.49       -10.09     2.64    20.29     0.723
      7.63    21.36    -7.51         8.45    21.05    -7.11     0.968
     -7.10    24.90    28.58        -7.11    24.74    28.54     0.162
     -7.35     7.53   -23.79        -7.32     7.59   -23.81     0.066
     37.25    -1.67    -6.21        37.26    -1.69    -6.21     0.022
     -5.57    -8.45   -44.38        -6.32    -8.59   -43.63     1.067
     -2.45    -5.71    55.72        -2.29    -5.37    55.72     0.373
      9.38    -4.71    61.57         9.44    -4.69    63.39     1.824
    -23.77    10.63   -37.64       -23.46     9.54   -36.79     1.409
      0.05     1.09    61.45        -0.00     0.97    63.41     1.962
      6.58     1.69   -22.06         6.35     1.03   -21.26     1.057
    -11.61    -0.51    13.83       -11.35    -0.42    13.73     0.289
    -41.69   -14.71   -33.65       -40.07   -14.67   -33.58     1.625
    -39.63   -22.07   -22.16       -39.64   -22.07   -22.16     0.011
    -41.40    -1.23   -20.27       -41.33    -1.27   -20.28     0.078
    -43.39   -12.98   -22.48       -43.32   -12.97   -22.49     0.073
     -4.11    10.83    -5.31        -3.66    10.09    -5.15     0.882
     24.69    11.21    26.94        26.22    11.69    27.37     1.657
    -22.49     7.62   -18.50       -22.47     8.45   -17.38     1.394
     -8.38     2.61    46.24        -6.62     2.79    46.25     1.768
     -1.47   -18.76   -12.84        -1.16   -19.18   -12.63     0.563
    -11.61     3.99   -43.09       -12.24     3.24   -42.11     1.388
      7.46    -4.98    61.60         7.47    -4.98    63.42     1.817
    -40.71   -11.14   -34.90       -40.05   -10.98   -35.00     0.687
      2.88    -9.22    16.84         3.00   -10.01    17.05     0.830
     21.54    14.17    34.63        22.90    14.92    34.98     1.594
     14.69    22.92   -24.48        14.46    23.11   -24.57     0.308
     10.93   -11.00     7.15        11.10   -11.58     7.39     0.641
     37.28     1.98     7.10        38.56     1.60     7.59     1.427
    -28.85   -25.75   -43.22       -28.38   -24.77   -42.27     1.442
     -1.24    20.40    40.56        -1.21    20.19    40.46     0.236
     20.99    12.73    42.02        22.41    13.55    42.34     1.669
    -15.93    13.04    20.64       -15.32    13.51    20.97     0.844
    -30.46   -13.78    -9.08       -31.47   -14.56    -7.10     2.355
      6.45    -8.54   -24.83         6.11    -8.76   -23.94     0.977
    -33.68   -12.31    -9.63       -34.93   -12.70    -8.38     1.811
     30.80     0.51    14.23        32.00     0.12    15.20     1.599
     15.89    -1.58    58.68        17.35    -2.79    58.84     1.902
     17.68    -4.40   -24.63        18.45    -4.46   -23.13     1.688
      8.23    17.52   -10.83         9.21    17.88    -9.67     1.570
     -8.30    10.30    57.58        -6.34     9.70    57.60     2.057
     -9.14   -26.03   -19.44        -8.30   -27.46   -19.08     1.693
    -18.71     0.41    -5.64       -18.84     0.50    -5.55     0.174
    -34.69    -0.60   -45.11       -33.76    -1.63   -43.13     2.416
     -0.33    24.02    16.48        -0.28    23.69    16.54     0.342
    -14.09   -21.43   -11.53       -12.66   -22.32    -9.79     2.420
      8.51    -6.44    51.33         8.52    -7.01    51.29     0.575
     -8.90     8.03    56.93        -6.87     7.63    57.04     2.071
     -4.09    11.38    -3.97        -3.63    10.50    -3.65     1.035
    -25.01   -15.39    -8.46       -25.74   -15.47    -6.56     2.033
    -31.99     7.28   -38.10       -31.31     6.00   -37.55     1.552
    -34.63    -9.79   -48.44       -33.71    -9.92   -46.15     2.466
    -39.91   -12.98   -42.11       -38.58   -12.71   -41.13     1.667
      4.74    21.14    -1.84         5.62    20.65    -1.35     1.115
    -21.94     6.76   -43.32       -22.05     5.33   -41.98     1.962
     12.02    19.73   -21.17        11.74    19.85   -21.14     0.308
    -17.40     6.50   -15.59       -17.56     7.42   -15.04     1.082
     30.26    19.67   -10.78        30.91    20.25   -10.79     0.870
    -37.32   -20.07   -15.41       -37.77   -20.35   -15.10     0.619
     -8.85   -20.09   -11.82        -8.29   -21.59   -10.56     2.035
     -5.40   -11.39   -44.23        -6.12   -11.34   -43.49     1.036
     -7.74    -9.39     7.44        -7.80    -9.52     7.48     0.140
     17.10    26.27     1.62        17.28    26.94     1.70     0.692
     -8.32     2.06    34.72        -7.03     2.16    34.57     1.305
    -13.29   -30.51   -27.31       -13.06   -31.28   -27.28     0.806
     -2.03    -7.11   -33.08        -2.28    -7.16   -32.94     0.288
     19.84    12.36    49.49        21.48    12.98    49.75     1.775
      0.76    13.99    -4.37         1.39    13.19    -3.89     1.130
    -40.50     2.47   -25.79       -39.91     2.07   -25.80     0.712
      6.26    16.59    -8.04         7.07    16.00    -7.51     1.124
     32.12     5.20    12.89        33.58     5.20    13.93     1.794
     16.19     3.30    61.31        16.22     3.20    62.98     1.677
      1.55    18.76    59.86         1.84    17.98    59.81     0.831
     20.93     1.76    42.33        22.52     0.88    42.43     1.824
      5.35    -7.58    22.11         5.54    -8.29    22.21     0.736
    -11.00    16.22    12.37        -9.57    15.40    13.97     2.294
    -42.32    -8.26   -33.93       -41.05    -7.72   -33.27     1.531
    -14.60    19.87    16.42       -13.32    19.40    18.19     2.230
    -16.13    21.54    21.38       -14.75    20.74    22.01     1.702
     -8.21     1.30    55.45        -6.53     1.65    55.38     1.714
    -44.39   -12.33   -26.53       -43.68   -12.00   -26.07     0.906
     10.53    -0.13   -22.67        10.66    -0.80   -21.54     1.318
      7.20   -13.82   -21.30         6.83   -13.44   -21.05     0.585
     33.56     0.27    11.03        34.78     0.10    12.17     1.679
    -25.34   -14.49    -8.45       -25.88   -14.70    -6.58     1.953
    -32.08   -28.85   -21.92       -32.24   -29.11   -21.87     0.307
     -8.17    10.72    57.75        -6.21    10.12    57.77     2.049
     14.48    -3.26    57.91        15.24    -4.55    58.02     1.492
    -16.15   -23.37   -12.07       -15.95   -24.57   -10.63     1.890
     37.65    10.08    -4.42        38.41    10.47    -4.57     0.866
    -22.61    12.65   -29.05       -22.56    12.08   -28.96     0.576
     -5.13    -4.05    53.35        -4.06    -3.19    53.50     1.382
    -11.68   -24.20   -14.62       -11.04   -25.56   -13.72     1.750
     -5.95    22.11    13.34        -5.47    20.75    14.24     1.690
    -25.71    10.48   -36.72       -25.19     9.27   -36.25     1.396
     16.42     7.62   -25.10        17.03     7.96   -24.65     0.827
    -18.64     6.13   -15.71       -19.01     6.90   -15.02     1.099
     21.92    12.42    37.29        23.25    13.19    37.40     1.541
    -35.93    -3.52   -13.30       -36.83    -2.92   -12.42     1.397
     26.50    -4.89    13.66        26.55    -5.32    13.89     0.491
     18.56    24.65   -20.82        18.48    25.45   -20.81     0.797
    -36.17   -23.97   -18.70       -36.73   -24.44   -18.43     0.780
    -38.05     2.54   -19.60       -38.10     2.59   -19.57     0.073
    -31.70   -19.40   -10.62       -32.47   -20.03    -9.24     1.701
      1.33     0.32   -25.66         0.71     0.26   -24.68     1.163
     -8.48     4.92    42.71        -6.94     5.09    42.64     1.557
      6.74    19.66    58.70         6.68    19.81    58.70     0.158
     32.98    -7.88   -15.03        33.00    -7.91   -15.03     0.033
      8.14    23.77    20.52         8.13    24.05    20.55     0.281
    -28.33   -31.03   -23.68       -28.53   -31.44   -23.64     0.455
     -9.60   -20.47   -11.79        -9.06   -21.90   -10.59     1.943
    -21.99   -10.51   -51.83       -22.19   -10.36   -49.73     2.114
    -28.67   -29.92   -20.35       -28.89   -30.54   -20.27     0.658
    -12.32   -25.20   -42.74       -12.73   -24.59   -42.07     1.001
    -10.28     8.54    29.38       -10.16     8.68    29.34     0.188
      3.40   -12.33     5.86         3.41   -12.18     5.82     0.153
      6.19    21.45    37.97         6.19    21.35    37.95     0.104
     34.51    -5.71   -12.29        34.58    -5.76   -12.29     0.077
     17.96   -17.34   -15.34        18.27   -16.14   -14.75     1.370
     21.84    12.86    36.62        23.13    13.57    36.95     1.507
     19.91    12.46    48.87        21.54    13.08    49.13     1.764
     10.01    -6.94    23.27        10.04    -7.22    23.29     0.286
     18.55   -11.83     0.54        18.85   -12.41     0.81     0.704
     35.03     6.79     8.86        36.30     7.24    10.08     1.822
    -37.52   -25.07   -33.17       -36.98   -24.62   -33.01     0.718
    -36.52     3.62   -18.17       -36.49     3.59   -18.18     0.042
    -28.30     9.41   -20.51       -28.50     9.92   -20.37     0.573
     -7.94    12.21    43.69        -6.85    12.23    43.32     1.154
      5.83    19.81    -5.72         6.70    19.61    -5.22     1.023
     21.58    -9.90   -25.24        22.26    -8.72   -24.00     1.842
     18.89    11.15    58.98        20.77    11.77    59.31     2.005
    -40.34   -11.37   -37.62       -39.95   -11.33   -37.52     0.408
     20.76    -0.86    36.21        21.79    -1.85    36.39     1.437
    -19.07   -10.97   -51.44       -19.53   -10.80   -49.36     2.144
    -10.83     1.56    19.20       -10.20     1.76    19.00     0.692
    -37.47   -20.13   -41.37       -36.45   -19.41   -40.34     1.615
     22.99    18.59    20.25        23.85    19.45    20.47     1.232
    -20.94   -31.87   -24.86       -20.89   -32.60   -24.83     0.733
     17.77    23.60    13.40        18.01    24.44    13.58     0.889
     29.60    15.88    10.99        30.69    16.83    11.77     1.640
     19.54    -0.66    43.14        20.67    -1.87    43.31     1.667
     14.94    -6.41    24.00        14.96    -6.56    24.01     0.151
      4.61    -6.65    36.45         4.59    -7.14    36.48     0.487
     -0.54   -19.04   -15.29        -0.18   -19.66   -15.13     0.733
     24.60    -8.28     6.68        24.60    -8.10     6.63     0.184
     24.17    23.94    -2.06        24.58    24.75    -1.99     0.908
     -7.57    -7.62    15.39        -7.35    -7.40    15.32     0.327
    -27.28   -22.67   -46.52       -27.07   -21.66   -45.47     1.472
      8.85     5.76    61.05         9.00     5.86    62.89     1.843
     11.89    20.03   -17.30        11.89    20.03   -17.30     0.002
     20.90    14.49    37.30        22.09    15.14    37.61     1.393
     30.22    13.62    12.02        31.53    14.20    12.97     1.719
    -17.47     1.28   -47.94       -17.25     0.24   -46.31     1.942
     12.12    17.05   -29.48        12.57    17.18   -29.18     0.568
     12.94    15.75   -30.92        13.42    16.18   -29.73     1.359
    -34.79   -23.60   -16.50       -35.36   -24.19   -16.05     0.941
      9.64    25.31    10.06         9.49    25.85    10.08     0.556
     24.92    11.99   -31.35        24.66    11.92   -30.95     0.480
     15.54    -5.98    26.29        15.58    -6.28    26.31     0.305
     19.66    -6.18    19.02        19.68    -6.30    19.03     0.125
     -2.85    16.23     4.28        -1.99    15.43     4.73     1.262
     23.42     7.29   -31.98        23.80     7.46   -30.41     1.629
     33.68    -4.93    -3.34        33.81    -5.02    -3.34     0.165
     -3.87    18.80    42.93        -3.74    18.56    42.84     0.293
    -33.47    -5.88   -47.94       -32.31    -6.65   -45.95     2.426
    -10.10   -28.36   -33.59        -9.95   -28.69   -33.64     0.367
     11.80     4.56    61.27        11.78     4.63    62.96     1.692
     21.39   -16.54   -11.19        21.45   -16.64   -11.19     0.110
     14.62    10.50   -19.00        15.34    10.64   -18.86     0.742
     24.22   -11.58    -2.25        24.23   -11.65    -2.21     0.076
     -9.15     8.00    34.52        -8.45     8.26    34.45     0.756
     10.66    23.49    -9.25        10.99    23.21    -9.11     0.457
      7.80    21.37    -7.78         8.60    21.06    -7.40     0.938
     29.42    -9.61    -2.67        29.48    -9.68    -2.66     0.093
    -12.94     5.91     5.30       -12.27     5.42     5.22     0.838
     21.38     1.86    40.39        22.76     1.09    40.48     1.582
     21.34    24.03   -21.81        21.62    24.63   -21.93     0.671
     24.90    -2.85    20.58        25.36    -3.69    20.81     0.981
     -7.43    11.79    54.55        -5.74    11.00    54.32     1.885
      3.24     0.58   -24.38         2.73     0.08   -23.24     1.352
    -29.96     7.98   -18.56       -30.06     8.46   -18.32     0.540
     14.12   -18.21    -9.68        14.34   -17.18    -9.39     1.093
     -5.80    -3.34    48.52        -4.76    -2.61    48.68     1.284
     12.54    23.49    20.53        12.56    24.00    20.61     0.511
    -35.14     2.64   -15.85       -35.42     3.16   -15.40     0.741
     16.79   -12.14     1.64        17.04   -12.91     1.97     0.872
    -22.51    11.62   -35.25       -22.28    10.62   -35.04     1.057
     29.39    19.93   -19.14        29.72    20.12   -19.27     0.407
     -5.50     4.84   -28.44        -5.81     4.56   -28.31     0.436
     16.83    -6.80    18.03        16.89    -7.06    18.08     0.269
     10.02    -7.27    20.64        10.05    -7.52    20.66     0.252
    -25.28     6.43   -43.37       -24.80     5.06   -41.96     2.025
     10.18    14.12   -12.55        11.08    13.88   -11.20     1.640
      5.51    12.08    61.25         5.53    12.20    63.17     1.925
    -24.35     3.48   -46.33       -23.93     2.21   -44.67     2.135
    -36.39     4.28   -18.73       -36.19     4.07   -18.79     0.295
