200 PA4-F-output.txt
     -3.42     4.74   -23.90        -3.43     4.72   -23.90     0.021
    -16.34    10.68   -34.00       -16.35    10.64   -33.99     0.034
      5.51    20.48    43.46         5.51    20.46    43.46     0.020
     11.75    25.78    11.49        11.75    25.80    11.49     0.018
    -27.21   -31.26   -32.85       -27.20   -31.23   -32.84     0.029
     10.94    17.65   -11.22        10.91    17.64   -11.24     0.041
     -9.98   -26.26   -15.43        -9.98   -26.27   -15.41     0.018
     -5.45    20.03    39.77        -5.42    19.88    39.70     0.164
     -6.26     9.79    50.51        -6.28     9.80    50.51     0.021
     -6.32    -1.74    36.15        -6.20    -1.72    36.14     0.123
    -10.54     7.05     3.04       -10.46     6.96     3.06     0.117
     -3.14   -18.77   -10.30        -3.14   -18.75   -10.31     0.022
    -38.26   -23.45   -32.02       -38.21   -23.42   -32.00     0.054
    -42.07   -11.26   -29.03       -42.08   -11.27   -29.04     0.020
     30.49    -2.75   -26.22        30.50    -2.76   -26.14     0.077
     -2.06    16.63    48.97        -2.13    16.70    49.03     0.111
      0.27    10.86    -7.78         0.29    10.82    -7.76     0.051
    -31.95    -3.35    -9.92       -31.94    -3.37    -9.97     0.061
     -9.02   -29.19   -28.17        -9.08   -29.11   -28.16     0.102
    -26.78    -0.18   -45.45       -26.82    -0.13   -45.53     0.103
    -14.92    12.85    29.79       -14.96    12.82    29.81     0.047
     -6.83     1.75    32.93        -7.18     1.73    32.97     0.353
      6.36    10.37   -12.07         6.36    10.33   -12.05     0.044
     21.29    -3.75   -24.67        21.31    -3.75   -24.65     0.023
     17.84    27.06    -1.26        17.84    27.03    -1.27     0.030
     20.21   -12.01   -20.84        20.26   -11.98   -20.80     0.061
     -1.98   -19.91   -34.87        -1.93   -19.95   -34.91     0.075
     -1.04   -15.29   -36.31        -1.16   -15.31   -36.23     0.147
     -0.59    -6.33    55.78        -0.54    -6.23    55.78     0.113
      0.06     0.38   -24.87         0.06     0.38   -24.87     0.002
      3.29    20.04     2.67         3.24    20.06     2.65     0.057
    -31.81   -26.90   -15.81       -31.82   -26.91   -15.80     0.019
     -2.01    -8.47   -32.85        -1.96    -8.45   -32.86     0.052
    -34.42     4.48   -36.84       -34.39     4.45   -36.81     0.052
     -6.79     1.91    39.65        -6.59     1.95    39.64     0.210
    -28.67   -17.73    -7.26       -28.66   -17.74    -7.34     0.075
     -3.00    -4.92   -35.55        -3.04    -4.93   -35.56     0.036
      1.90    -9.27    20.88         1.92    -9.36    20.90     0.093
     21.32   -14.06    -3.57        21.31   -14.03    -3.59     0.043
    -37.82   -24.09   -32.11       -37.76   -24.04   -32.08     0.092
    -27.74    11.12   -26.22       -27.74    11.13   -26.22     0.014
     18.11    -7.66    13.64        18.11    -7.66    13.64     0.007
     23.10    -1.24    33.89        23.15    -1.29    33.91     0.077
     35.30    -2.13   -19.12        35.30    -2.14   -19.12     0.005
     -0.29   -18.17   -31.63        -0.27   -18.18   -31.63     0.020
      8.46   -16.13    -7.14         8.46   -16.10    -7.14     0.037
     14.92    22.67    31.94        14.90    22.52    31.95     0.152
     32.93     7.90    14.14        32.90     7.89    14.12     0.046
    -36.60   -19.70   -12.47       -36.56   -19.68   -12.50     0.050
     37.26    12.94     3.65        37.22    12.91     3.65     0.052
     27.36    22.81    -9.65        27.39    22.84    -9.66     0.048
     -3.02    14.87    58.64        -3.02    14.88    58.64     0.005
     22.90     2.94   -28.87        22.93     2.97   -28.82     0.061
      3.13    -9.36    19.40         3.12    -9.33    19.40     0.030
      2.70   -12.35   -25.78         2.73   -12.35   -25.81     0.045
      5.97   -14.30   -20.75         6.05   -14.37   -20.79     0.115
     -8.06    20.90    36.88        -8.08    20.95    36.91     0.064
     27.10     3.68    26.81        27.19     3.67    26.84     0.095
      4.96    23.73     6.32         4.92    23.79     6.30     0.071
      7.22    23.00    28.40         7.22    22.90    28.39     0.098
     31.03    -8.55    -1.92        31.01    -8.53    -1.93     0.028
     23.50    -7.95     7.34        23.51    -8.02     7.35     0.073
    -13.52    16.76    17.81       -13.59    16.79    17.71     0.129
    -30.52   -17.48   -46.15       -30.53   -17.48   -46.16     0.014
     -4.93    10.75    -0.36        -4.90    10.72    -0.35     0.045
    -26.78    11.35   -24.74       -26.81    11.43   -24.73     0.087
      9.73    -6.93    24.64         9.75    -7.12    24.66     0.198
      6.23    20.29    44.38         6.21    20.46    44.40     0.165
    -31.06   -29.54   -32.62       -31.08   -29.57   -32.63     0.029
     -3.36    12.68     1.95        -3.34    12.64     1.96     0.046
     -3.55    -4.07    56.92        -3.54    -4.06    56.92     0.014
     -8.51   -28.74   -26.16        -8.42   -28.86   -26.13     0.153
     18.21    17.50    51.40        18.18    17.46    51.39     0.054
     -3.85   -24.82   -28.73        -3.81   -24.86   -28.74     0.065
    -23.73   -30.46   -16.50       -23.75   -30.39   -16.53     0.075
     36.01     5.64   -18.70        35.98     5.64   -18.69     0.033
     -1.07    -5.75    49.41        -1.04    -5.69    49.41     0.069
      3.41    13.58    63.05         3.42    13.58    63.15     0.099
    -40.78    -5.31   -35.69       -40.81    -5.32   -35.71     0.040
    -33.06   -27.73   -18.35       -33.02   -27.66   -18.38     0.084
     32.68     2.08    15.19        32.66     2.08    15.17     0.032
    -30.23    -8.72    -6.74       -30.23    -8.73    -6.75     0.004
     11.20    18.98   -13.51        11.23    18.98   -13.51     0.033
     16.46    -3.53    58.39        16.57    -3.64    58.39     0.160
    -19.00    11.50   -32.60       -19.00    11.52   -32.61     0.024
    -16.57    -1.28   -47.10       -16.57    -1.29   -47.07     0.027
    -15.40    -1.61     3.88       -15.42    -1.60     3.89     0.026
     -1.45    -5.71    54.36        -1.46    -5.72    54.36     0.019
     36.18    14.43     4.23        36.24    14.46     4.23     0.070
     -6.75     4.50    46.18        -6.79     4.50    46.18     0.038
     -5.72    16.68    43.73        -5.68    16.66    43.70     0.055
      3.60     4.93   -19.21         3.60     4.92   -19.20     0.015
      9.91    -3.91    63.39         9.91    -3.91    63.37     0.015
     -8.71     6.41   -34.04        -8.78     6.33   -34.00     0.115
     -3.89    -8.78    20.81        -3.92    -8.84    20.82     0.069
     22.82    11.02   -31.00        22.82    11.02   -31.01     0.008
    -24.97     3.42   -13.57       -24.97     3.42   -13.56     0.014
    -39.25    -2.38   -37.20       -39.34    -2.35   -37.25     0.106
     11.33    24.56    -7.16        11.34    24.55    -7.16     0.013
     17.16    -8.88   -21.51        17.15    -8.92   -21.55     0.058
    -41.08   -18.64   -19.75       -41.01   -18.62   -19.77     0.068
    -30.89     6.10   -38.05       -30.85     6.03   -38.01     0.086
     -3.45     4.63   -24.03        -3.44     4.64   -24.04     0.012
     -8.04     6.50   -28.24        -8.04     6.49   -28.24     0.007
     -7.93    21.72    16.59        -7.93    21.71    16.60     0.009
     -7.88     5.82   -30.83        -7.84     5.86   -30.83     0.051
     34.72     4.11   -21.83        34.62     4.10   -21.77     0.120
     10.57    -6.77    52.09        10.54    -6.65    52.10     0.121
    -10.26     6.80    -5.17       -10.31     6.87    -5.17     0.090
    -10.80   -23.54   -11.68       -10.82   -23.52   -11.71     0.038
     13.18   -17.23    -8.72        13.21   -17.13    -8.69     0.110
     33.97    12.90   -19.01        33.95    12.89   -19.00     0.024
     16.31     4.26    63.09        16.31     4.27    63.04     0.053
     21.57   -15.90   -15.37        21.54   -15.73   -15.36     0.170
    -11.33   -25.99   -40.05       -11.40   -25.86   -39.95     0.172
    -26.46   -22.83    -8.34       -26.45   -22.77    -8.39     0.073
    -28.11   -18.38    -7.24       -28.11   -18.38    -7.23     0.005
     23.30     5.24    45.55        23.10     5.28    45.52     0.210
    -35.70   -25.10   -35.05       -35.65   -25.04   -35.02     0.080
      6.03    -6.83    39.20         6.04    -6.91    39.20     0.087
    -10.24    -6.96     8.97       -10.19    -6.90     8.94     0.081
     14.46    -2.35    63.09        14.46    -2.35    63.09     0.007
     -6.75     8.32    -9.17        -6.77     8.38    -9.17     0.066
     25.64    21.13    13.49        25.66    21.15    13.49     0.030
     34.70    -4.78     4.85        34.71    -4.80     4.85     0.027
     23.11     5.15    45.95        23.00     5.18    45.92     0.114
     24.61    11.93    33.34        24.61    11.93    33.34     0.002
     -8.13     8.12   -21.61        -8.13     8.11   -21.61     0.015
    -22.62   -21.57   -45.98       -22.61   -21.56   -45.97     0.017
     10.63    22.62    31.30        10.64    22.45    31.28     0.176
      9.85    -6.51   -21.82         9.85    -6.51   -21.82     0.006
     -6.25     9.69    59.69        -6.37     9.73    59.69     0.127
    -15.59   -11.80    -2.52       -15.61   -11.83    -2.47     0.068
    -21.92    -6.34    -4.64       -21.94    -6.32    -4.62     0.032
    -14.59     4.89   -42.02       -14.61     4.86   -41.98     0.049
    -11.94     9.23   -29.17       -11.92     9.25   -29.17     0.020
     17.96    -7.49    14.03        17.98    -7.60    14.05     0.113
    -29.16     0.27   -44.24       -29.13     0.23   -44.18     0.075
    -12.25     9.34   -18.65       -12.25     9.30   -18.67     0.039
     -2.92    10.93    62.90        -2.89    10.92    62.84     0.069
    -12.17    20.91    18.30       -12.14    20.87    18.34     0.062
     -0.56     1.64   -24.73        -0.56     1.63   -24.73     0.003
    -39.63   -14.68   -37.37       -39.66   -14.68   -37.37     0.039
     13.22    10.59   -14.29        13.18    10.60   -14.31     0.045
    -10.81   -18.71   -44.96       -10.77   -18.74   -44.94     0.059
     23.47     8.00    44.04        23.48     8.00    44.03     0.006
     11.62    20.24   -14.52        11.66    20.22   -14.51     0.044
     10.60     2.72    63.04        10.60     2.72    63.06     0.015
    -20.89   -30.48   -36.83       -20.89   -30.47   -36.82     0.012
      3.98    -0.49    63.37         3.98    -0.49    63.34     0.034
    -37.65   -13.35   -42.32       -37.63   -13.35   -42.31     0.025
    -39.66   -13.27   -13.81       -39.65   -13.26   -13.82     0.020
     37.99    -1.00   -11.36        38.02    -1.02   -11.37     0.038
    -37.99     4.16   -28.80       -37.97     4.14   -28.79     0.029
    -35.25   -17.20    -9.94       -35.25   -17.19    -9.94     0.006
    -40.94   -19.78   -29.78       -40.91   -19.77   -29.77     0.032
     26.09    -2.05    23.80        26.00    -1.95    23.75     0.138
     -4.89    16.21     9.85        -4.86    16.18     9.87     0.040
     15.07    12.56    63.14        15.07    12.56    63.16     0.023
     24.82     6.61   -30.32        24.83     6.60   -30.33     0.007
     13.04     0.86    62.98        13.05     0.86    63.02     0.042
    -30.19   -11.46   -47.20       -30.20   -11.47   -47.24     0.045
     -4.96    -2.29    56.82        -4.97    -2.29    56.81     0.012
    -13.46    16.08    34.84       -13.41    16.10    34.80     0.064
     31.64    10.97    15.02        31.55    10.93    14.97     0.106
     27.58    13.15    21.84        27.50    13.13    21.81     0.084
     -7.49    15.26    12.43        -7.55    15.32    12.37     0.101
    -16.77     6.32   -13.36       -16.78     6.34   -13.34     0.028
    -42.70    -2.82   -26.24       -42.74    -2.81   -26.24     0.045
    -20.39   -31.94   -21.07       -20.39   -32.09   -21.05     0.153
      4.56    23.14    27.50         4.55    23.08    27.49     0.058
    -43.66   -11.19   -22.95       -43.62   -11.19   -22.96     0.045
     33.88     1.72    13.50        33.90     1.72    13.51     0.021
     -6.68     8.92    54.09        -6.52     8.88    54.09     0.166
    -25.52   -12.32   -48.36       -25.53   -12.32   -48.42     0.067
     22.02    19.87    26.31        21.95    19.82    26.29     0.089
    -14.88   -15.03   -47.92       -14.88   -15.04   -47.94     0.019
     22.24    20.59    22.69        22.17    20.51    22.67     0.103
      3.59    11.15   -10.21         3.61    11.11   -10.20     0.039
    -25.46    -4.85    -8.09       -25.50    -4.80    -8.02     0.085
    -14.45    11.59    23.19       -14.39    11.63    23.20     0.066
     10.59    24.74    15.78        10.59    24.78    15.78     0.043
     -8.92    25.01    24.49        -8.92    25.03    24.48     0.014
     -9.05     7.16   -31.57        -9.06     7.15   -31.57     0.017
     -7.89    15.50    40.23        -7.85    15.50    40.19     0.067
      0.43    12.48    -3.82         0.38    12.59    -3.86     0.128
      2.65   -15.72   -24.43         2.60   -15.70   -24.41     0.059
      8.11    20.42    54.85         8.10    20.45    54.85     0.033
     -6.03     2.01   -35.73        -6.04     2.00   -35.73     0.010
      6.19    22.67    29.52         6.19    22.68    29.53     0.018
      9.06    -6.71    45.90         9.05    -6.68    45.90     0.033
     32.50    -6.85     0.16        32.41    -6.74     0.16     0.143
    -18.81   -10.53    -2.92       -18.80   -10.52    -2.95     0.027
     25.36     4.41    33.40        25.46     4.40    33.42     0.107
    -35.42     6.65   -29.10       -35.37     6.60   -29.09     0.076
    -40.25   -19.46   -18.23       -40.20   -19.44   -18.26     0.056
     -3.58   -16.61   -39.85        -3.66   -16.56   -39.77     0.122
     27.41    -8.83     4.17        27.41    -8.85     4.17     0.023
      6.78    -1.10    63.28         6.78    -1.09    63.34     0.068
    -28.46   -28.03   -14.24       -28.47   -28.04   -14.23     0.013
