200 PA4-G-output.txt
    -31.40     2.95   -13.76       -31.40     2.95   -13.76     0.001
    -41.16    -3.38   -17.37       -41.15    -3.38   -17.37     0.002
     -8.87   -20.46   -43.13        -8.87   -20.46   -43.13     0.003
     -7.55     8.85    -0.39        -7.55     8.86    -0.39     0.005
     11.73    17.86   -26.64        11.73    17.86   -26.64     0.002
     -6.72     8.86    46.43        -6.72     8.86    46.43     0.002
     19.12    20.34    35.42        19.12    20.34    35.42     0.004
     19.28    -8.38   -23.04        19.28    -8.38   -23.05     0.002
    -21.93   -14.19    -5.68       -21.93   -14.19    -5.68     0.002
     16.26    22.29   -28.72        16.26    22.28   -28.72     0.004
    -29.12    -2.89   -46.00       -29.12    -2.89   -46.01     0.004
    -40.43   -20.51   -30.71       -40.42   -20.51   -30.71     0.007
    -11.74    23.40    20.75       -11.74    23.40    20.75     0.002
     -7.96     3.51    29.76        -7.96     3.51    29.76     0.004
     -7.48     4.15    32.65        -7.48     4.15    32.65     0.006
     -0.58    -0.47   -25.72        -0.58    -0.46   -25.73     0.004
    -10.08   -24.40   -12.73       -10.08   -24.40   -12.73     0.001
     19.08    21.72    26.41        19.08    21.72    26.41     0.006
    -42.41   -14.64   -20.14       -42.41   -14.65   -20.14     0.004
      9.93    24.41    -5.00         9.93    24.41    -5.00     0.005
     -5.65    11.76    50.41        -5.65    11.76    50.41     0.000
     39.82     4.92     1.73        39.82     4.92     1.73     0.001
      1.86    16.68     1.38         1.86    16.68     1.38     0.007
      0.24    18.55     5.76         0.25    18.55     5.76     0.003
     18.65    -1.71    54.70        18.65    -1.70    54.70     0.006
     12.06   -16.73    -4.34        12.06   -16.74    -4.33     0.007
    -37.63    -1.65   -14.11       -37.63    -1.65   -14.11     0.001
     -4.60    24.55    27.94        -4.60    24.54    27.94     0.010
     -4.32   -24.53   -31.34        -4.32   -24.53   -31.34     0.002
     21.40   -11.14   -21.52        21.40   -11.14   -21.51     0.007
     20.67    21.13    24.61        20.67    21.13    24.61     0.000
      1.90    -7.24    33.70         1.90    -7.24    33.70     0.003
     -5.84    10.97    58.33        -5.83    10.97    58.33     0.002
     -3.82    -0.30   -30.10        -3.82    -0.30   -30.10     0.001
     -9.91    -9.67     4.51        -9.91    -9.68     4.51     0.003
     11.02   -14.42   -16.40        11.02   -14.42   -16.40     0.002
     12.73    15.27    63.08        12.73    15.27    63.08     0.004
      2.59    23.10    29.03         2.59    23.10    29.03     0.003
    -31.90     4.38   -14.40       -31.90     4.38   -14.40     0.000
     14.30    18.77   -30.89        14.30    18.77   -30.89     0.002
     14.07    -5.41    55.71        14.07    -5.41    55.71     0.004
    -29.62     8.86   -32.74       -29.62     8.86   -32.74     0.001
    -25.39    -4.28   -47.38       -25.39    -4.28   -47.38     0.000
     18.67    -6.98    16.02        18.67    -6.97    16.02     0.003
     36.26    -1.38     9.82        36.27    -1.38     9.82     0.005
     18.48     7.98   -26.55        18.49     7.98   -26.55     0.007
     27.16     7.60    27.27        27.16     7.60    27.27     0.005
      2.06    23.84    22.55         2.06    23.84    22.55     0.006
    -14.29     3.10   -43.16       -14.29     3.10   -43.16     0.003
     -4.55    16.93    10.35        -4.55    16.94    10.34     0.003
     20.54     0.09    52.06        20.54     0.09    52.06     0.001
     37.77    -0.99   -12.12        37.77    -0.99   -12.12     0.002
     38.52     3.54   -12.22        38.52     3.54   -12.22     0.001
    -18.41    12.22   -26.90       -18.41    12.22   -26.90     0.001
    -42.11    -6.63   -17.65       -42.11    -6.63   -17.66     0.004
     32.15    -6.95     0.66        32.15    -6.95     0.66     0.003
      1.32    18.20    55.86         1.32    18.19    55.86     0.006
    -34.27   -13.55   -45.71       -34.27   -13.55   -45.71     0.005
     20.84   -15.91   -14.91        20.84   -15.91   -14.91     0.006
    -19.49   -26.42   -10.90       -19.49   -26.42   -10.90     0.003
     11.98    17.31   -22.71        11.98    17.31   -22.71     0.001
     23.21    17.97   -27.88        23.21    17.97   -27.88     0.002
     -4.03   -18.17   -39.19        -4.03   -18.18   -39.20     0.002
     21.11    22.44   -25.80        21.11    22.44   -25.79     0.001
      6.80    19.43    -5.46         6.80    19.43    -5.46     0.001
     -5.33    -1.82    59.65        -5.33    -1.82    59.65     0.000
     26.51     0.82    26.69        26.50     0.82    26.69     0.006
     15.13    19.54   -30.73        15.13    19.54   -30.74     0.003
      9.25    25.98     8.35         9.24    26.00     8.35     0.015
     30.45     9.28   -28.01        30.45     9.28   -28.01     0.005
      4.20    23.15    27.45         4.20    23.14    27.45     0.009
     -3.33    -4.51   -38.02        -3.33    -4.51   -38.02     0.001
     26.02    13.19    26.11        26.01    13.19    26.11     0.007
      3.19   -14.74    -3.29         3.19   -14.74    -3.29     0.001
     -6.65    15.64    42.86        -6.64    15.64    42.86     0.005
    -13.36     2.83   -43.05       -13.36     2.82   -43.05     0.003
     -6.51     1.26    38.99        -6.51     1.26    38.99     0.005
      3.47    21.55     4.17         3.47    21.55     4.17     0.002
    -42.63   -11.12   -18.88       -42.63   -11.12   -18.88     0.005
     -3.44   -15.63   -39.84        -3.45   -15.63   -39.84     0.001
     -9.98   -17.16   -44.72        -9.98   -17.16   -44.72     0.006
    -36.48   -11.51    -9.48       -36.48   -11.51    -9.48     0.002
    -26.76   -14.78    -6.60       -26.76   -14.78    -6.61     0.001
     -8.39   -21.91   -41.49        -8.39   -21.92   -41.49     0.003
    -30.75   -30.26   -30.06       -30.75   -30.26   -30.06     0.002
     10.42    -6.47    43.70        10.42    -6.47    43.70     0.001
     -9.84     9.06   -20.59        -9.83     9.07   -20.59     0.007
     26.39    -1.31    24.19        26.39    -1.32    24.19     0.005
    -16.21   -12.36    -3.07       -16.21   -12.36    -3.07     0.001
     24.33   -12.02    -2.94        24.33   -12.02    -2.94     0.005
      2.77    14.62    -3.56         2.77    14.62    -3.56     0.000
     -1.86     7.11   -19.36        -1.86     7.11   -19.37     0.003
      6.75   -11.05   -22.52         6.75   -11.05   -22.52     0.004
    -26.08   -20.70   -46.19       -26.08   -20.70   -46.19     0.002
     22.53    -5.79    17.06        22.53    -5.79    17.06     0.001
     30.85    10.35   -26.90        30.84    10.35   -26.89     0.006
     -2.80     8.29   -16.74        -2.80     8.29   -16.74     0.002
     -1.22   -18.18    -9.53        -1.22   -18.18    -9.53     0.001
    -30.29    -7.28   -47.12       -30.29    -7.28   -47.12     0.002
     -2.45    22.54    15.22        -2.45    22.54    15.22     0.001
    -15.02   -28.63   -38.07       -15.01   -28.63   -38.07     0.004
    -39.09    -3.41   -38.28       -39.09    -3.41   -38.28     0.005
    -11.09    16.82    37.24       -11.10    16.81    37.25     0.014
     19.83    -8.67   -22.84        19.83    -8.67   -22.83     0.005
     -8.87   -12.81     0.02        -8.87   -12.81     0.02     0.000
     35.49    -3.87     7.23        35.48    -3.86     7.22     0.008
    -27.15     2.52   -43.52       -27.15     2.52   -43.52     0.001
    -31.35     0.28   -42.89       -31.35     0.28   -42.89     0.003
     -3.88    14.81    51.15        -3.88    14.81    51.15     0.005
     29.43    20.68     8.20        29.43    20.67     8.20     0.007
    -34.57   -26.73   -33.85       -34.56   -26.72   -33.85     0.008
     29.72    17.23   -22.40        29.72    17.23   -22.40     0.002
    -13.48   -17.75    -6.67       -13.48   -17.76    -6.67     0.003
    -38.67   -22.91   -20.13       -38.67   -22.91   -20.13     0.002
      1.10   -14.84    -3.62         1.10   -14.85    -3.62     0.010
    -35.04    -7.55    -8.90       -35.04    -7.55    -8.90     0.001
    -26.01   -32.32   -26.70       -26.01   -32.32   -26.70     0.000
     10.10    -6.42    37.94        10.10    -6.42    37.94     0.000
     -4.17    17.47    10.37        -4.17    17.47    10.37     0.004
     10.48   -15.12     0.29        10.48   -15.11     0.29     0.004
      5.02    20.19    45.29         5.02    20.19    45.29     0.000
    -35.12   -12.11   -45.48       -35.12   -12.11   -45.48     0.007
      2.54    10.08   -11.82         2.54    10.08   -11.82     0.005
     15.28    27.03    -0.13        15.28    27.03    -0.13     0.006
      0.92    21.00     8.03         0.93    21.00     8.03     0.008
     11.41   -16.06   -11.79        11.41   -16.06   -11.79     0.001
    -20.84   -13.40    -5.12       -20.84   -13.40    -5.12     0.000
     -3.18   -21.79   -16.10        -3.18   -21.80   -16.10     0.004
      0.95    -0.25   -24.56         0.95    -0.25   -24.56     0.002
     -6.37     1.03    46.01        -6.37     1.03    46.01     0.002
    -14.96   -10.40    -0.47       -14.96   -10.41    -0.47     0.009
     14.73   -11.73     5.39        14.73   -11.73     5.39     0.006
    -42.84    -4.71   -20.24       -42.85    -4.71   -20.23     0.002
     -5.67    10.86     2.09        -5.67    10.86     2.09     0.006
     39.59     7.56    -4.90        39.59     7.56    -4.90     0.002
      3.45     7.43   -16.65         3.45     7.42   -16.65     0.005
     10.29   -14.52   -16.49        10.29   -14.51   -16.49     0.004
     20.27    19.59    31.95        20.27    19.59    31.95     0.005
     34.64     2.19    12.63        34.64     2.19    12.63     0.005
    -13.35    23.02    22.81       -13.34    23.02    22.81     0.003
    -11.98     8.31   -34.85       -11.98     8.31   -34.85     0.003
     20.16    -2.45    42.33        20.18    -2.46    42.33     0.020
     31.86    10.31    14.90        31.86    10.31    14.90     0.006
    -42.03    -2.16   -22.81       -42.03    -2.16   -22.81     0.002
     -8.52    19.37    38.24        -8.52    19.37    38.24     0.003
     -2.09   -21.88   -18.21        -2.09   -21.88   -18.21     0.004
    -39.48   -11.85   -13.25       -39.47   -11.85   -13.25     0.005
     13.67    22.79   -23.25        13.67    22.79   -23.25     0.002
     -9.78   -20.85   -43.40        -9.78   -20.85   -43.40     0.001
      2.35   -16.12   -24.44         2.35   -16.12   -24.44     0.001
     -0.41   -15.95   -34.82        -0.40   -15.95   -34.82     0.004
      8.79    20.80    -8.00         8.79    20.80    -8.00     0.002
     28.50    10.17    21.59        28.50    10.17    21.60     0.001
     -0.86    -1.23   -26.64        -0.86    -1.23   -26.64     0.000
    -31.35     4.88   -14.44       -31.35     4.88   -14.44     0.001
     -2.29   -20.20   -13.31        -2.30   -20.20   -13.31     0.003
     39.76     2.50    -1.54        39.76     2.50    -1.54     0.001
     -4.62    -3.44    39.73        -4.63    -3.44    39.73     0.002
    -16.78   -31.68   -32.25       -16.78   -31.68   -32.25     0.000
     33.73    16.79    -1.08        33.73    16.79    -1.08     0.001
    -21.43     7.19   -16.06       -21.43     7.19   -16.06     0.000
     -1.27    -7.56   -31.19        -1.27    -7.56   -31.19     0.000
      3.84    -8.29   -25.35         3.84    -8.29   -25.35     0.002
     17.20     8.96    63.16        17.20     8.96    63.16     0.002
      1.93   -11.71     9.34         1.93   -11.71     9.34     0.004
      3.46    -4.37   -24.72         3.46    -4.37   -24.72     0.004
     30.28    13.25    15.68        30.27    13.25    15.68     0.002
      5.97    -9.72    15.94         5.97    -9.72    15.94     0.000
     20.05   -10.30     3.88        20.05   -10.30     3.88     0.000
      4.80     3.76   -19.60         4.80     3.76   -19.60     0.001
     18.41    23.44    17.74        18.41    23.44    17.74     0.005
     36.41     1.24   -16.95        36.42     1.24   -16.95     0.004
     18.82    10.72    63.07        18.82    10.72    63.08     0.002
     34.06    14.73   -15.67        34.06    14.73   -15.67     0.004
    -12.03    12.15    16.71       -12.03    12.15    16.71     0.003
    -14.11    -4.75     4.84       -14.12    -4.75     4.85     0.008
     -4.78     8.63   -14.25        -4.78     8.62   -14.25     0.007
     -7.11    12.21    42.59        -7.11    12.21    42.59     0.001
     35.07    -2.57    10.38        35.07    -2.57    10.38     0.004
    -13.12   -25.04   -11.56       -13.12   -25.04   -11.55     0.001
     -4.26   -25.48   -22.86        -4.25   -25.49   -22.85     0.008
      0.95   -12.25     4.42         0.95   -12.24     4.42     0.006
    -11.12   -24.59   -41.12       -11.12   -24.59   -41.12     0.003
    -41.19   -11.70   -15.86       -41.19   -11.70   -15.86     0.000
     -2.96    -5.04   -35.74        -2.95    -5.04   -35.74     0.006
     -7.82     5.82   -30.89        -7.81     5.82   -30.89     0.004
     31.69    -8.89   -13.92        31.68    -8.89   -13.92     0.006
     -9.36     5.50    26.36        -9.35     5.50    26.36     0.004
     28.06     3.75   -29.91        28.06     3.75   -29.91     0.001
     -2.30    -7.39   -37.33        -2.30    -7.39   -37.33     0.004
    -31.97    -0.09   -42.91       -31.97    -0.09   -42.91     0.004
    -38.17     1.11   -35.71       -38.17     1.11   -35.71     0.003
     24.90     3.72    35.26        24.89     3.73    35.26     0.014
      0.06    -6.26    50.36         0.06    -6.26    50.36     0.005
    -29.04   -23.31    -9.40       -29.04   -23.31    -9.40     0.001
      1.93    -7.00    53.76         1.93    -6.99    53.76     0.007
     32.93    -6.00    -6.09        32.93    -6.00    -6.09     0.002
     22.89     7.41    48.16        22.89     7.41    48.16     0.001
    -39.52   -13.59   -38.64       -39.52   -13.59   -38.64     0.000
    -13.23   -29.03   -36.38       -13.23   -29.03   -36.37     0.006
