200 PA4-J-output.txt
      3.09    23.84    11.19         3.15    23.77    11.21     0.095
      8.91    20.81    52.54         8.85    20.99    52.56     0.185
     -1.36   -11.02    11.50        -1.35   -10.92    11.49     0.098
     -2.70   -22.81   -19.86        -2.62   -22.90   -19.83     0.129
     -4.67    13.53    53.33        -4.63    13.50    53.33     0.048
     32.06    -6.73     6.56        32.06    -6.72     6.56     0.014
    -39.83   -21.97   -24.04       -39.92   -22.03   -24.03     0.104
     15.92    -6.61    23.01        15.91    -6.53    23.00     0.080
     -3.18    19.54    40.93        -3.21    19.69    41.00     0.163
     -6.17     2.68    60.70        -6.29     2.66    60.73     0.124
     -5.12    12.65     5.98        -5.22    12.78     5.92     0.168
    -10.89     0.42   -43.19       -10.89     0.42   -43.19     0.006
     15.32   -11.65   -19.01        15.32   -11.64   -18.99     0.026
     24.75    -2.59    25.31        24.66    -2.49    25.28     0.135
     30.14     0.14    18.00        30.06     0.17    17.94     0.102
    -21.62    -8.54   -48.90       -21.61    -8.53   -48.92     0.029
     -0.40   -18.76   -31.73        -0.45   -18.74   -31.72     0.050
     28.31     6.96    23.33        28.40     6.97    23.36     0.097
     -1.13   -21.51   -28.01        -1.10   -21.52   -28.01     0.027
    -28.73   -30.02   -18.67       -28.69   -29.91   -18.73     0.135
    -27.68   -23.53    -9.22       -27.69   -23.56    -9.18     0.048
    -13.88   -26.10   -12.19       -13.87   -26.12   -12.16     0.043
    -10.22   -25.00   -13.38       -10.24   -24.98   -13.40     0.037
    -16.67     5.72   -41.82       -16.69     5.80   -41.92     0.124
    -31.01     5.90   -38.38       -30.97     5.82   -38.34     0.101
    -12.21   -21.00    -9.59       -12.16   -21.03    -9.54     0.082
     11.46    -6.72    26.90        11.45    -6.65    26.89     0.067
     -4.71   -20.43   -11.50        -4.71   -20.43   -11.50     0.002
    -38.91    -8.35   -12.00       -38.91    -8.35   -12.00     0.011
    -23.61    11.71   -21.42       -23.61    11.72   -21.42     0.009
    -11.21    13.38    35.54       -11.20    13.39    35.52     0.020
    -10.68     8.77   -28.39       -10.71     8.71   -28.39     0.063
     19.87    14.17    58.26        19.84    14.15    58.26     0.030
     -5.55    -3.28    35.97        -5.56    -3.29    35.97     0.014
     22.50     4.00    47.86        22.47     4.00    47.86     0.028
    -24.14    -3.30   -47.45       -24.15    -3.30   -47.49     0.036
      5.05   -12.68   -22.87         5.02   -12.67   -22.85     0.041
     -3.72    -3.32   -35.73        -3.57    -3.29   -35.73     0.151
    -22.47    11.67   -20.15       -22.46    11.63   -20.18     0.050
     -8.95     8.30    32.30        -8.95     8.30    32.30     0.004
      7.04    -6.27    63.33         7.04    -6.27    63.33     0.003
    -39.19     3.28   -26.79       -39.07     3.20   -26.78     0.143
     33.13     7.31    13.93        33.15     7.32    13.94     0.025
      9.86    25.65    11.29         9.86    25.68    11.30     0.035
     23.86     1.22   -28.57        23.89     1.24   -28.52     0.062
    -15.16   -12.75    -2.80       -15.15   -12.75    -2.82     0.018
    -39.79   -14.80   -14.42       -39.79   -14.81   -14.42     0.005
      7.65    -6.96    55.52         7.67    -7.19    55.51     0.230
     28.48    -9.52     0.72        28.52    -9.63     0.76     0.124
      0.49   -19.57   -24.93         0.42   -19.55   -24.92     0.072
     14.72    22.91    26.80        14.73    22.96    26.80     0.053
     -2.03    -5.69    61.57        -1.98    -5.61    61.57     0.096
     -3.63   -23.18   -33.89        -3.66   -23.14   -33.86     0.060
     13.80    -5.60    56.42        13.76    -5.54    56.42     0.073
    -31.47     9.30   -22.84       -31.46     9.28   -22.85     0.020
      7.36   -12.48     6.21         7.35   -12.54     6.21     0.053
    -12.46    -0.56    11.38       -12.36    -0.55    11.35     0.106
    -39.93   -10.96   -33.57       -39.90   -10.95   -33.56     0.031
      3.60    22.11    31.75         3.61    22.26    31.79     0.153
     22.56    -8.36     6.78        22.58    -8.42     6.79     0.055
    -15.57    13.63    22.41       -15.68    13.59    22.42     0.114
     12.91    -5.46    62.02        12.96    -5.52    62.09     0.108
    -39.21   -22.53   -20.76       -39.15   -22.50   -20.77     0.073
    -21.81   -29.67   -15.27       -21.82   -29.75   -15.22     0.097
      1.93    17.25     1.58         2.07    17.14     1.65     0.188
    -20.92   -11.27   -49.49       -20.92   -11.28   -49.54     0.047
    -30.43   -27.59   -15.63       -30.44   -27.60   -15.62     0.016
    -10.31   -21.54    -9.86       -10.30   -21.49    -9.92     0.085
     17.47    25.32   -15.36        17.46    25.40   -15.37     0.076
     16.78    -3.37    58.79        16.79    -3.38    58.79     0.017
     14.75    16.52    62.92        14.75    16.51    62.91     0.008
    -24.22   -10.88    -5.62       -24.20   -10.88    -5.64     0.033
    -40.43     1.07   -23.40       -40.41     1.05   -23.40     0.029
      6.22    21.81    -1.19         6.19    21.83    -1.20     0.031
     33.55    17.34     5.39        33.50    17.30     5.38     0.063
     28.31    -0.83    20.33        28.27    -0.81    20.31     0.048
      8.76     6.78   -15.66         8.77     6.75   -15.62     0.041
    -21.92    -5.01    -5.33       -21.96    -4.99    -5.28     0.078
    -20.55   -29.30   -14.42       -20.55   -29.36   -14.39     0.070
    -13.80   -31.44   -28.89       -13.83   -31.34   -28.88     0.100
    -43.38    -4.71   -22.54       -43.30    -4.75   -22.54     0.094
     -7.24    -9.94     6.43        -7.29   -10.06     6.47     0.139
     14.74    21.43    45.26        14.79    21.54    45.26     0.124
     38.11     4.43   -12.56        38.17     4.44   -12.60     0.068
     13.11    23.87   -11.77        13.09    23.90   -11.78     0.032
      5.55    24.10    20.66         5.54    23.93    20.64     0.172
     -4.16    15.52     8.19        -4.08    15.42     8.28     0.149
     28.51    10.44   -29.09        28.54    10.46   -29.13     0.059
    -22.24   -25.40   -42.91       -22.22   -25.34   -42.85     0.089
     11.07    19.76   -13.66        11.15    19.73   -13.64     0.091
    -16.30     2.29    -3.40       -16.31     2.31    -3.40     0.018
     30.23    19.98   -18.15        30.17    19.94   -18.14     0.076
    -43.27   -13.09   -22.85       -43.37   -13.11   -22.82     0.107
    -14.48   -27.97   -38.87       -14.48   -27.98   -38.88     0.007
      7.76    19.97    54.90         7.65    20.29    54.93     0.334
      2.42    -7.23    56.47         2.43    -7.21    56.47     0.024
     -3.97   -21.76   -36.13        -4.01   -21.73   -36.10     0.053
     18.74    20.80    34.01        18.74    20.80    34.01     0.002
     27.14    11.92    24.08        27.11    11.91    24.07     0.026
    -15.57   -24.81   -10.89       -15.57   -24.82   -10.88     0.008
     21.60    12.27    50.41        21.64    12.28    50.41     0.048
    -43.32    -9.71   -28.39       -43.27    -9.69   -28.35     0.069
     30.92     2.65   -27.38        30.93     2.64   -27.39     0.021
     12.81    -6.08    49.91        12.81    -6.09    49.91     0.015
     19.54    21.79   -27.75        19.51    21.76   -27.69     0.076
     11.45    21.22   -12.60        11.40    21.23   -12.62     0.052
      2.39    -5.29   -25.77         2.39    -5.29   -25.77     0.003
     27.94    17.33   -24.28        27.93    17.33   -24.28     0.005
     16.16    18.02    59.61        16.11    17.95    59.60     0.083
    -26.50   -18.78    -7.10       -26.50   -18.78    -7.05     0.052
     23.54     7.64    45.15        23.39     7.63    45.14     0.153
    -25.10    -2.74   -47.22       -25.09    -2.74   -47.19     0.029
     -7.07   -23.29   -13.98        -7.09   -23.25   -14.01     0.054
     25.79   -12.50    -5.30        25.85   -12.60    -5.28     0.113
     34.53     1.29   -22.10        34.45     1.29   -22.05     0.087
     24.79    24.09   -15.19        24.78    24.08   -15.20     0.014
     28.84    10.64   -28.81        28.82    10.63   -28.79     0.030
    -37.34     5.09   -25.14       -37.33     5.07   -25.14     0.021
     -6.74     3.58    54.28        -6.77     3.58    54.29     0.033
     -6.96     5.02    54.74        -6.97     5.01    54.74     0.018
     16.34    25.75   -11.61        16.37    25.66   -11.60     0.104
    -31.73    -9.06   -46.89       -31.74    -9.07   -46.92     0.032
    -15.66     3.70    -7.09       -15.74     3.79    -7.05     0.128
     28.00    22.55     0.69        27.96    22.50     0.68     0.069
     11.74     0.13   -21.11        11.74     0.13   -21.12     0.003
    -34.96     3.17   -14.87       -34.90     3.06   -14.97     0.157
     -1.47   -10.32    15.77        -1.47   -10.35    15.77     0.032
    -33.95   -13.51   -45.89       -33.96   -13.52   -45.91     0.031
     18.29    -6.36   -23.17        18.31    -6.36   -23.14     0.031
    -22.42   -27.18   -11.73       -22.42   -27.17   -11.74     0.012
    -40.25   -14.46   -14.88       -40.19   -14.45   -14.92     0.071
    -37.74   -11.87   -42.24       -37.82   -11.86   -42.29     0.092
    -21.54     8.52   -38.40       -21.54     8.41   -38.33     0.127
    -15.67     9.61   -36.15       -15.64     9.68   -36.17     0.078
    -21.54    -3.37   -47.40       -21.55    -3.36   -47.43     0.036
    -25.84   -26.21   -10.99       -25.84   -26.21   -11.00     0.003
     -9.11    17.10    39.10        -9.08    17.11    39.08     0.039
     34.60    -5.83   -14.09        34.53    -5.79   -14.09     0.078
     -5.40    12.03    59.87        -5.26    11.93    59.85     0.173
     -7.60    -6.55    17.64        -7.54    -6.52    17.62     0.070
    -29.52   -13.05    -6.04       -29.52   -13.04    -6.07     0.026
     30.99    18.46    10.10        30.92    18.38    10.02     0.136
      9.42    20.46    -9.42         9.46    20.44    -9.40     0.040
     21.74   -12.52    -1.57        21.68   -12.42    -1.64     0.135
    -25.98   -28.94   -14.95       -25.99   -29.00   -14.92     0.061
    -18.40    -7.78    -2.39       -18.41    -7.79    -2.37     0.026
     35.04     3.77    12.12        35.06     3.77    12.14     0.029
      3.19    18.58    60.84         3.23    18.47    60.84     0.119
     13.98    -0.04    63.00        13.98    -0.04    63.00     0.005
     -9.92   -29.74   -25.26        -9.94   -29.68   -25.27     0.064
    -23.80   -12.44   -48.76       -23.80   -12.43   -48.74     0.024
     -4.01   -23.04   -16.77        -4.06   -22.97   -16.81     0.097
    -12.86   -23.51   -10.74       -12.79   -23.58   -10.68     0.116
    -23.36   -25.22    -9.96       -23.35   -25.21    -9.97     0.017
     33.80    14.56     9.93        33.73    14.51     9.89     0.095
     -9.07   -20.56   -43.26        -9.09   -20.55   -43.24     0.032
    -20.16    -3.63    -3.87       -20.16    -3.63    -3.87     0.005
     18.25    -7.91    13.23        18.22    -7.75    13.18     0.174
     10.32    21.75    40.93        10.33    21.71    40.92     0.036
     22.41    25.50     0.43        22.40    25.47     0.43     0.041
     24.05   -13.98    -6.47        23.97   -13.86    -6.51     0.159
    -43.23   -14.01   -22.88       -43.22   -14.01   -22.88     0.014
     20.36    -1.90    43.68        20.46    -2.00    43.71     0.139
     16.54     9.93   -23.74        16.49     9.92   -23.76     0.049
    -32.35   -22.74   -10.89       -32.30   -22.66   -10.96     0.114
     33.36    16.89     6.56        33.42    16.94     6.59     0.077
     -5.49    23.47    33.19        -5.51    23.41    33.15     0.071
    -11.21    21.39    34.16       -11.26    21.45    34.20     0.088
     17.10     7.54    63.12        17.11     7.54    63.13     0.009
      7.28    12.06    63.20         7.29    12.06    63.22     0.024
     29.31   -10.02    -5.00        29.31   -10.02    -5.01     0.003
     10.44    -3.42    63.35        10.44    -3.42    63.35     0.006
     32.53    16.92   -16.31        32.53    16.92   -16.31     0.005
    -29.40   -29.79   -18.86       -29.39   -29.76   -18.88     0.042
    -39.45     2.37   -29.49       -39.49     2.39   -29.49     0.046
     -2.86     8.89   -13.51        -2.86     8.88   -13.51     0.006
    -12.49     5.16     1.32       -12.55     5.23     1.32     0.092
      3.44    22.74     8.08         3.39    22.80     8.06     0.078
     36.65     1.47   -16.38        36.66     1.47   -16.39     0.013
     -9.93    25.03    25.14        -9.90    24.93    25.14     0.108
      3.13   -18.00   -13.61         3.15   -18.03   -13.61     0.042
     15.75    -5.97    28.69        15.77    -6.12    28.70     0.147
    -42.68   -17.05   -25.94       -42.65   -17.03   -25.95     0.037
     30.08    20.10     7.94        30.16    20.19     7.95     0.128
    -11.79     7.94   -35.57       -11.78     7.97   -35.59     0.037
     21.58    -7.50    10.93        21.59    -7.56    10.94     0.054
    -15.39    14.88    31.13       -15.34    14.90    31.10     0.055
      3.85    21.23     2.64         3.87    21.21     2.65     0.030
     28.48   -11.91   -14.67        28.52   -11.98   -14.66     0.083
     19.21    24.75    10.92        19.19    24.68    10.91     0.071
    -27.41   -29.38   -36.36       -27.42   -29.40   -36.37     0.022
     -1.23    23.36    30.40        -1.23    23.37    30.40     0.015
    -11.85   -18.23   -45.36       -11.87   -18.21   -45.32     0.042
     21.21     4.94    58.71        21.19     4.94    58.71     0.024
    -38.85    -1.95   -37.70       -38.93    -1.93   -37.74     0.093
     -0.36   -14.58   -34.55        -0.42   -14.58   -34.54     0.055
     15.12    19.44    54.71        15.14    19.46    54.72     0.025
    -20.32    -9.91   -49.15       -20.33    -9.90   -49.17     0.031
     39.35     2.54     3.95        39.43     2.52     3.95     0.078
      1.39    -4.03    63.44         1.40    -4.03    63.45     0.007
