200 PA4-K-output.txt
    -30.55     9.02   -20.14       -30.56     9.06   -20.13     0.045
     -9.10     3.57    25.65        -9.01     3.59    25.62     0.100
     34.06    -6.45   -12.94        34.08    -6.46   -12.93     0.025
     -7.67     5.64   -30.39        -7.68     5.63   -30.39     0.018
     -9.16     4.28    25.43        -9.21     4.27    25.45     0.049
     14.97    -7.50    16.66        14.98    -7.52    16.67     0.025
     -1.76    -6.32   -31.17        -1.72    -6.31   -31.19     0.041
     -2.97    -6.03    36.21        -2.95    -5.94    36.19     0.095
     19.31   -10.61   -21.05        19.32   -10.61   -21.05     0.004
     12.59    24.95    13.93        12.56    25.21    14.00     0.266
    -31.15     5.70   -38.34       -31.16     5.72   -38.35     0.022
    -23.55   -10.62    -5.24       -23.59   -10.63    -5.19     0.061
    -11.59   -30.10   -31.24       -11.62   -30.05   -31.23     0.057
     -7.84   -27.36   -32.40        -7.78   -27.45   -32.42     0.116
    -14.50    11.10   -22.88       -14.50    11.08   -22.88     0.025
      9.32   -14.34     1.82         9.34   -14.26     1.79     0.084
     16.47    25.95    -9.83        16.46    25.98    -9.83     0.031
     31.70    -8.29   -11.07        31.68    -8.27   -11.07     0.033
     18.44    -1.57    58.06        18.46    -1.59    58.07     0.026
     32.00    -6.87     6.38        31.98    -6.85     6.37     0.022
     -4.20    16.30    46.21        -4.25    16.33    46.23     0.057
     26.65     3.11   -30.01        26.64     3.11   -30.03     0.012
     12.30   -16.88    -8.40        12.30   -16.88    -8.40     0.006
    -31.54     8.96   -21.93       -31.54     8.96   -21.93     0.003
     -2.16   -19.11   -35.92        -2.11   -19.13   -35.96     0.064
     14.14   -12.22     4.84        14.15   -12.24     4.86     0.023
    -28.37   -30.30   -33.71       -28.39   -30.37   -33.74     0.082
     27.93    -8.17     6.28        27.91    -8.05     6.24     0.122
     12.33    25.50    13.14        12.34    25.41    13.12     0.091
     23.00    12.98    40.86        22.94    12.96    40.85     0.069
    -16.15    15.24    20.78       -16.05    15.27    20.86     0.132
    -19.19    11.98   -22.71       -19.19    11.93   -22.71     0.052
     24.87    16.39   -27.70        24.89    16.41   -27.74     0.056
     -4.07    13.74     5.54        -4.03    13.70     5.56     0.055
    -12.90   -23.81   -10.77       -12.92   -23.79   -10.79     0.034
      9.05    13.60    -9.79         9.03    13.61    -9.81     0.030
      3.66    22.88     8.44         3.54    23.03     8.38     0.199
     -5.31     0.72   -35.85        -5.36     0.69   -35.84     0.058
     19.63   -11.59   -20.58        19.71   -11.53   -20.52     0.113
     14.28    26.31     8.67        14.29    26.40     8.68     0.096
     21.62    -4.03    27.55        21.71    -4.15    27.59     0.158
     19.49     7.95    62.60        19.50     7.94    62.65     0.050
     21.24    21.60   -26.80        21.18    21.54   -26.73     0.108
     32.71     4.17    15.18        32.70     4.17    15.17     0.017
    -10.59     6.63    -5.88       -10.66     6.74    -5.87     0.132
     -4.28    24.71    25.60        -4.30    24.64    25.60     0.071
      1.35    -2.59   -25.69         1.30    -2.62   -25.65     0.072
    -31.20     4.06   -39.89       -31.27     4.13   -39.97     0.113
      9.10   -13.01   -19.29         9.13   -13.06   -19.32     0.065
     20.24     1.61    59.53        20.26     1.60    59.54     0.014
      2.72    -3.34    63.41         2.72    -3.34    63.40     0.006
    -17.68    11.29   -21.83       -17.71    11.22   -21.87     0.090
    -34.84     3.90   -15.67       -34.84     3.90   -15.67     0.001
     31.42    18.62   -15.39        31.47    18.65   -15.40     0.063
    -32.57   -14.04    -7.35       -32.53   -14.01    -7.42     0.090
     14.55     6.16    63.07        14.55     6.16    63.05     0.021
     25.84     3.84    31.36        25.93     3.83    31.38     0.087
      0.69     3.19   -22.63         0.73     3.22   -22.66     0.057
    -36.30     4.51   -32.50       -36.34     4.54   -32.52     0.048
    -41.04    -9.04   -14.83       -41.01    -9.04   -14.85     0.036
     29.18   -11.03   -12.01        29.09   -10.93   -12.04     0.144
    -37.14   -16.92   -11.38       -37.09   -16.90   -11.41     0.065
     10.71    -3.24   -21.93        10.71    -3.24   -21.93     0.003
     31.84    -6.55   -22.05        31.92    -6.63   -22.10     0.124
     -2.32   -10.37    13.64        -2.35   -10.46    13.65     0.096
     -8.12    24.79    22.89        -8.13    24.71    22.91     0.090
      8.53    -7.08    58.02         8.53    -7.17    58.02     0.098
     10.36     1.15    63.21        10.36     1.15    63.19     0.015
     24.36    19.81    18.63        24.34    19.79    18.62     0.026
     -3.03    -5.25    43.14        -3.01    -5.23    43.14     0.034
    -10.37    10.85    13.41       -10.40    10.86    13.40     0.033
    -15.74    13.85    25.81       -15.58    13.92    25.83     0.174
    -27.64   -14.86    -6.58       -27.64   -14.84    -6.62     0.043
     27.50     2.70   -30.42        27.51     2.69   -30.39     0.028
      8.24   -15.92   -14.60         8.22   -15.87   -14.59     0.051
    -10.66   -26.86   -38.00       -10.67   -26.83   -37.98     0.037
     10.67    -3.77    63.29        10.67    -3.77    63.34     0.054
     19.51    14.52   -31.22        19.51    14.52   -31.25     0.025
     11.92   -16.80    -6.41        11.86   -16.94    -6.42     0.147
    -11.94     1.61    12.91       -12.06     1.60    12.92     0.125
    -19.51   -20.82   -46.67       -19.50   -20.85   -46.73     0.070
     35.76    10.43   -15.65        35.76    10.44   -15.65     0.002
     18.81    26.55    -4.62        18.80    26.53    -4.62     0.018
     11.46    20.74   -13.72        11.56    20.69   -13.68     0.118
     -7.00     8.31   -10.43        -7.03     8.39   -10.42     0.093
     -6.03   -25.57   -33.27        -6.05   -25.54   -33.25     0.045
     14.57    13.05   -22.36        14.47    12.97   -22.33     0.135
     -1.65    -7.01    32.13        -1.65    -7.01    32.14     0.004
     38.11     0.61   -13.05        38.14     0.61   -13.05     0.028
     20.44   -12.10   -20.89        20.43   -12.11   -20.90     0.014
     11.72    21.62   -12.71        11.62    21.66   -12.75     0.111
    -20.58   -15.86    -5.92       -20.59   -15.87    -5.88     0.040
      1.01    19.50    45.56         1.02    19.43    45.56     0.068
      9.71    -5.55    63.38         9.70    -5.55    63.39     0.009
      9.09    -6.64    34.77         9.09    -6.60    34.77     0.044
    -14.27   -23.87   -43.51       -14.29   -23.74   -43.38     0.181
     -6.03     5.29   -26.88        -6.03     5.28   -26.87     0.009
     21.65    17.62   -28.99        21.68    17.66   -29.05     0.075
    -11.96     9.76    20.21       -12.14     9.72    20.20     0.185
     23.32    11.65    40.99        23.35    11.66    40.99     0.029
     14.17    19.09    60.30        14.23    19.18    60.31     0.107
    -15.02     0.91     3.54       -15.03     0.92     3.54     0.012
    -28.04     0.84   -12.41       -28.02     0.80   -12.51     0.112
     25.30     1.56   -29.58        25.34     1.63   -29.44     0.157
    -24.49   -32.78   -24.88       -24.48   -32.66   -24.88     0.128
     -4.33   -25.89   -26.25        -4.26   -25.98   -26.27     0.117
     13.81    23.36   -16.75        13.82    23.35   -16.75     0.018
      2.91    18.49    58.28         2.91    18.48    58.28     0.003
     16.18    -7.90    14.07        16.19    -7.93    14.07     0.026
     -4.58   -25.95   -27.54        -4.55   -25.99   -27.55     0.052
     18.11    -8.64   -22.29        18.10    -8.66   -22.31     0.030
    -34.80   -27.64   -26.64       -34.89   -27.76   -26.65     0.147
    -43.04    -4.97   -20.33       -43.04    -4.97   -20.33     0.005
      3.01     2.14   -21.92         3.01     2.14   -21.93     0.013
    -26.91     7.00   -15.63       -26.91     6.98   -15.66     0.032
     32.87    17.73   -13.23        32.83    17.70   -13.22     0.047
     11.25    17.83   -12.53        11.31    17.84   -12.51     0.067
      8.80    23.82    -3.99         8.84    23.78    -3.97     0.058
     34.95    15.67    -0.48        34.93    15.65    -0.48     0.028
     -9.01   -26.93   -36.09        -9.04   -26.88   -36.06     0.072
     14.86    -4.77    57.22        14.89    -4.82    57.22     0.058
      4.97    21.76    33.37         4.97    21.82    33.38     0.060
     38.26     2.02     8.34        38.26     2.02     8.34     0.002
     -3.08    -4.59    56.20        -3.07    -4.59    56.20     0.012
     -7.26   -23.89   -14.61        -7.29   -23.82   -14.66     0.093
    -10.75     8.67    11.89       -10.84     8.72    11.86     0.099
      4.14    12.72    63.15         4.14    12.73    63.18     0.034
     -8.71    25.19    27.51        -8.72    25.09    27.49     0.096
    -41.31   -18.36   -29.56       -41.32   -18.36   -29.57     0.010
     28.14    -0.85    20.88        28.02    -0.79    20.82     0.140
    -12.03    10.41   -24.18       -12.07    10.34   -24.17     0.080
      8.35    22.30    31.22         8.34    22.39    31.24     0.094
     11.75    24.55    -8.46        11.85    24.45    -8.42     0.150
      8.33    25.68     6.67         8.27    25.82     6.69     0.157
     12.95    19.96    60.53        13.04    20.07    60.55     0.136
     20.82     9.24    61.72        20.87     9.25    61.73     0.050
      2.44    23.75    23.67         2.43    23.74    23.67     0.015
    -38.62   -20.99   -16.47       -38.47   -20.90   -16.58     0.199
    -15.32    11.29   -29.60       -15.37    11.20   -29.58     0.105
     -4.23    17.09    45.48        -4.26    17.11    45.50     0.039
     28.96    -5.15    12.80        28.99    -5.25    12.86     0.126
     -9.08    22.78    18.38        -9.07    22.70    18.43     0.096
    -16.79     1.49    -1.41       -16.71     1.42    -1.43     0.114
    -28.02   -14.14   -47.52       -28.05   -14.16   -47.59     0.078
    -31.45   -28.05   -35.59       -31.46   -28.08   -35.60     0.040
    -23.22    11.86   -21.48       -23.21    11.78   -21.48     0.074
     20.13    -9.89     4.63        20.14    -9.91     4.64     0.019
    -44.26    -8.66   -25.06       -44.37    -8.67   -25.09     0.118
     -8.28   -18.52    -7.59        -8.28   -18.53    -7.58     0.013
    -13.71   -28.72   -37.37       -13.73   -28.67   -37.35     0.049
     22.00    -5.82    17.06        22.02    -5.91    17.09     0.093
     11.28    -4.23    63.31        11.28    -4.23    63.33     0.014
      1.78   -16.94   -24.49         1.82   -16.96   -24.50     0.050
     -3.81   -23.50   -18.73        -3.82   -23.49   -18.74     0.015
     30.07     9.61    18.55        30.07     9.61    18.55     0.005
    -28.75   -29.36   -35.35       -28.79   -29.47   -35.41     0.136
    -39.87   -14.69   -35.16       -39.93   -14.70   -35.16     0.059
     17.31    20.40   -29.57        17.30    20.39   -29.55     0.024
    -11.48    -3.02   -45.76       -11.52    -3.05   -45.71     0.073
     19.79    21.40    26.22        19.78    21.38    26.22     0.013
    -34.68    -1.16   -42.45       -34.64    -1.21   -42.38     0.101
    -34.60     5.11   -17.52       -34.62     5.13   -17.52     0.033
    -26.52    -4.78   -47.84       -26.50    -4.76   -47.88     0.049
     -0.83    11.48    -5.54        -0.78    11.41    -5.50     0.101
      9.39    -9.65   -22.12         9.40    -9.66   -22.14     0.020
    -40.38     1.04   -27.15       -40.49     1.11   -27.16     0.129
      9.60     9.87   -12.71         9.61     9.93   -12.75     0.074
    -26.19   -10.46   -48.41       -26.19   -10.46   -48.40     0.008
    -26.58    11.42   -25.24       -26.62    11.54   -25.23     0.120
     -7.08   -20.41   -10.15        -7.07   -20.41   -10.14     0.009
    -12.91     4.81     2.05       -12.94     4.85     2.06     0.049
      8.74    23.00    -5.50         8.79    22.96    -5.46     0.076
     14.21   -15.96   -13.23        14.25   -15.83   -13.18     0.141
    -29.71   -12.10   -47.26       -29.72   -12.11   -47.31     0.055
     -6.58     3.02    56.23        -6.73     3.00    56.22     0.159
     16.63    -5.01    45.39        16.53    -4.84    45.38     0.192
    -26.30   -19.35    -7.11       -26.32   -19.34    -6.99     0.122
    -10.57     6.96    23.71       -10.58     6.96    23.71     0.006
     11.46    19.66   -22.66        11.51    19.64   -22.66     0.056
    -23.20     1.31   -11.06       -23.13     1.24   -11.14     0.124
    -16.58   -31.62   -22.59       -16.53   -31.83   -22.55     0.221
     21.88    10.32    56.02        21.63    10.28    55.99     0.258
     -1.83    -5.78    41.07        -1.83    -5.78    41.07     0.004
     -6.35    10.14    53.34        -6.18    10.09    53.34     0.171
     24.49   -11.36    -1.65        24.49   -11.34    -1.66     0.020
      9.29    23.71    -5.11         9.28    23.71    -5.12     0.008
    -13.05    10.70   -25.23       -13.02    10.74   -25.23     0.045
     23.00    22.80    12.71        23.04    22.93    12.73     0.133
     13.34    22.19    38.59        13.33    22.22    38.59     0.030
     11.19    25.34    13.41        11.20    25.24    13.38     0.110
     10.95    23.60    23.90        10.94    23.51    23.88     0.089
     18.18    23.96    14.73        18.23    24.12    14.77     0.169
     24.24   -14.75   -14.42        24.31   -14.86   -14.43     0.133
     -7.17    -1.29    30.10        -7.18    -1.29    30.11     0.013
     21.14   -11.60   -21.34        21.14   -11.59   -21.34     0.001
      2.68   -18.01   -11.69         2.67   -18.00   -11.69     0.016
    -12.58     4.73    11.24       -12.46     4.71    11.22     0.117
    -40.07     1.72   -28.58       -40.03     1.69   -28.58     0.051
     -0.95    12.23    -3.16        -0.98    12.28    -3.18     0.066
      4.79     4.67    63.35         4.79     4.68    63.39     0.035
