200 PA4-E-output.txt
     -1.54    23.96    21.66        -1.53    24.11    21.65     0.154
    -16.94     6.21   -13.17       -16.93     6.17   -13.22     0.065
      6.56    16.61    -5.96         6.52    16.64    -5.99     0.055
     11.10    -6.58    56.98        11.11    -6.58    56.97     0.006
      5.09     7.48    63.36         5.09     7.48    63.34     0.029
     32.24    13.86    12.48        32.21    13.84    12.45     0.044
      5.11    15.55    63.15         5.11    15.55    63.14     0.010
      4.23    -7.13    39.32         4.24    -7.03    39.31     0.110
     31.02    16.72    11.58        31.01    16.70    11.55     0.035
     11.66    21.95    36.22        11.66    21.94    36.21     0.008
    -14.74    13.51    19.92       -14.75    13.50    19.92     0.011
     -4.55    13.32     5.66        -4.50    13.25     5.69     0.090
    -31.41   -29.65   -31.79       -31.37   -29.58   -31.78     0.081
    -10.91    23.09    20.00       -10.93    23.14    19.96     0.066
     -2.88    15.02    57.43        -2.93    15.09    57.43     0.084
     16.88    -3.77    52.30        16.98    -3.88    52.31     0.142
     -8.82   -22.84   -11.96        -8.79   -22.89   -11.94     0.064
    -34.52   -27.54   -21.47       -34.49   -27.49   -21.48     0.055
    -28.81   -17.60    -7.39       -28.82   -17.60    -7.37     0.022
      7.62    22.64    -3.76         7.71    22.57    -3.73     0.117
     -0.19    -8.17    26.28        -0.20    -8.31    26.32     0.146
     17.65    18.93    46.19        17.70    18.99    46.20     0.076
    -38.24   -17.02   -13.23       -38.27   -17.03   -13.21     0.038
     -2.58   -20.05   -35.89        -2.63   -20.01   -35.85     0.079
    -33.68   -27.36   -34.42       -33.63   -27.27   -34.38     0.103
     26.72    -1.40   -28.46        26.73    -1.38   -28.42     0.048
     14.14    22.57    32.46        14.14    22.55    32.45     0.019
     20.18    23.50    14.64        20.20    23.56    14.65     0.072
     30.43    19.62   -17.54        30.50    19.66   -17.57     0.086
      3.43   -16.96    -8.59         3.43   -16.94    -8.60     0.021
     -0.81   -19.89   -31.57        -0.82   -19.89   -31.57     0.009
     29.61    21.24    -5.13        29.57    21.18    -5.13     0.065
     37.05    10.59     8.13        36.96    10.57     8.05     0.119
     -1.93    -7.84    28.94        -1.90    -7.64    28.89     0.207
     34.78    15.75    -8.81        34.82    15.78    -8.81     0.047
     13.04    -5.92    56.21        13.06    -5.95    56.21     0.038
     15.28    25.62    11.41        15.28    25.60    11.40     0.025
     -7.65    -7.82    12.77        -7.61    -7.78    12.76     0.049
     -6.17   -21.16   -11.54        -6.17   -21.17   -11.53     0.014
     39.66     1.91    -4.28        39.72     1.86    -4.27     0.074
    -39.94   -20.04   -18.17       -39.91   -20.02   -18.19     0.040
     -3.21   -20.65   -13.23        -3.23   -20.61   -13.24     0.040
     31.16    -5.12    11.66        31.17    -5.14    11.67     0.032
     -3.48   -22.42   -34.61        -3.43   -22.45   -34.66     0.077
     30.25    12.03    16.61        30.24    12.02    16.60     0.015
      2.74     8.66   -14.99         2.74     8.62   -14.98     0.043
    -17.55   -13.36   -48.77       -17.57   -13.36   -48.69     0.080
    -28.12   -12.24   -47.96       -28.10   -12.24   -47.92     0.048
    -10.47    -9.59     4.08       -10.49    -9.65     4.11     0.069
     18.19   -15.87   -15.34        18.20   -15.83   -15.33     0.036
      2.01    -6.96    53.01         2.02    -6.91    53.02     0.048
    -44.19    -6.66   -24.98       -43.97    -6.71   -24.92     0.236
     12.02   -13.45   -17.37        12.00   -13.41   -17.34     0.050
     -1.34    18.46    46.96        -1.27    18.33    46.93     0.149
    -11.35    -9.88     2.92       -11.36    -9.90     2.93     0.013
     15.96    24.64   -18.67        15.96    24.63   -18.67     0.009
     -7.57    21.84    35.87        -7.57    21.84    35.88     0.007
     15.28     7.65    63.18        15.29     7.66    63.15     0.028
     -6.46   -21.31   -39.96        -6.50   -21.27   -39.92     0.070
     -7.69    17.90    13.70        -7.68    17.90    13.70     0.006
     17.29    17.17    59.60        17.25    17.12    59.59     0.062
    -10.85   -10.68   -47.08       -10.85   -10.68   -47.08     0.003
     29.66     3.67    20.35        29.59     3.68    20.31     0.083
     18.53   -12.42     1.00        18.55   -12.46     1.02     0.053
    -31.02     6.06   -38.33       -30.93     5.88   -38.25     0.221
    -36.17   -25.25   -18.76       -36.16   -25.25   -18.77     0.002
     21.56    25.49    -6.88        21.57    25.52    -6.88     0.025
     21.03     1.43    52.15        21.12     1.39    52.16     0.099
     22.34    23.51    11.86        22.30    23.41    11.84     0.110
     -5.90    -4.69    28.10        -5.98    -4.77    28.10     0.117
     -0.43    17.45    53.42        -0.47    17.52    53.43     0.084
      1.45    -6.86    52.94         1.45    -6.84    52.94     0.018
     19.81   -16.34    -5.55        19.81   -16.35    -5.55     0.007
      1.01   -11.66     7.86         1.01   -11.68     7.86     0.016
     -0.46    -6.09    44.96        -0.48    -6.14    44.96     0.059
      7.93    19.62    60.63         7.92    19.52    60.55     0.126
     11.82    -7.82    18.00        11.82    -7.82    18.00     0.005
      7.87    -7.54    21.51         7.93    -7.75    21.53     0.212
    -38.71     2.75   -31.69       -38.62     2.66   -31.65     0.136
    -39.29   -18.43   -35.73       -39.31   -18.44   -35.74     0.027
      0.12    -6.67    60.34         0.15    -6.61    60.35     0.073
    -22.80     9.73   -18.29       -22.81     9.73   -18.29     0.002
     34.59    -4.80     5.11        34.64    -4.86     5.10     0.079
     19.20   -10.66   -20.92        19.21   -10.64   -20.90     0.024
    -40.95    -3.24   -17.20       -40.96    -3.24   -17.19     0.014
     12.63    22.14   -18.20        12.63    22.14   -18.20     0.005
    -21.37    -4.80   -48.16       -21.36    -4.83   -48.10     0.068
     19.00    16.49    51.69        18.98    16.48    51.69     0.022
    -37.10    -6.67   -42.28       -37.11    -6.67   -42.28     0.004
     -6.05   -10.69     6.28        -6.07   -10.72     6.29     0.044
      3.75   -13.07   -24.41         3.71   -13.06   -24.39     0.040
    -15.51    -1.09     3.51       -15.51    -1.09     3.51     0.006
     38.76     6.13     7.41        38.75     6.13     7.40     0.017
    -28.64     7.69   -36.47       -28.66     7.74   -36.50     0.060
    -27.81   -18.57   -46.67       -27.81   -18.57   -46.65     0.018
    -19.72   -22.43    -8.14       -19.72   -22.41    -8.18     0.044
     36.94    13.21     2.88        36.99    13.25     2.88     0.068
      7.45   -15.25   -17.18         7.48   -15.31   -17.21     0.080
     -7.10    -6.36    20.15        -7.12    -6.38    20.15     0.033
     17.80    17.48   -30.55        17.80    17.49   -30.58     0.033
     30.34    13.74   -25.03        30.30    13.71   -25.00     0.055
     26.69    23.03   -10.36        26.80    23.19   -10.38     0.197
    -29.60     9.74   -21.43       -29.61     9.77   -21.42     0.033
     -5.44     8.72    62.31        -5.44     8.72    62.31     0.003
     33.97     8.89    11.95        34.10     8.92    12.04     0.164
     33.84    -6.65   -14.16        33.92    -6.70   -14.17     0.094
    -12.46   -27.61   -15.94       -12.46   -27.64   -15.92     0.040
     -7.61   -26.43   -18.58        -7.50   -26.53   -18.51     0.164
     -5.31    24.67    22.77        -5.32    24.63    22.77     0.045
    -16.15     0.86   -45.68       -16.14     0.89   -45.71     0.042
    -18.12    -2.55    -0.82       -18.08    -2.56    -0.84     0.050
     -1.46    -4.38   -29.75        -1.49    -4.40   -29.72     0.042
     -2.88    -4.60    60.96        -2.99    -4.71    60.95     0.157
     -7.46    -5.79    19.33        -7.59    -5.90    19.34     0.176
    -27.34   -31.56   -21.57       -27.33   -31.54   -21.58     0.028
    -19.67   -29.28   -38.68       -19.66   -29.33   -38.71     0.052
      7.84    20.55    45.12         7.83    20.66    45.13     0.113
     34.87    15.64   -10.72        34.90    15.66   -10.73     0.029
    -31.35    -8.39    -7.29       -31.35    -8.39    -7.30     0.007
    -41.77    -3.25   -18.33       -41.80    -3.24   -18.30     0.038
     -1.83   -17.30    -7.63        -1.83   -17.32    -7.62     0.023
      1.15    -7.17    56.40         1.23    -6.94    56.40     0.242
    -12.28     5.74    -2.89       -12.27     5.73    -2.89     0.012
    -16.04   -31.77   -22.98       -16.04   -31.78   -22.98     0.009
     22.91    17.29    28.87        23.01    17.36    28.89     0.125
     -0.13    -6.61    39.60        -0.10    -6.54    39.60     0.081
      9.66    -6.80    28.09         9.67    -6.84    28.09     0.042
     35.86    14.23    -3.32        35.89    14.26    -3.33     0.041
     21.01    10.79    59.73        21.01    10.79    59.73     0.004
     -6.39    10.55    46.89        -6.50    10.57    46.89     0.109
    -11.96    23.07    30.43       -12.01    23.13    30.46     0.087
    -17.52   -30.64   -35.52       -17.52   -30.65   -35.53     0.014
     -0.32   -14.96   -34.58        -0.39   -14.97   -34.57     0.071
    -30.48     6.85   -36.74       -30.51     6.88   -36.75     0.040
     14.23    19.47    58.56        14.24    19.48    58.56     0.016
    -25.93    -4.08   -47.37       -25.93    -4.07   -47.39     0.022
     -5.91     0.59    50.24        -6.10     0.53    50.24     0.200
     -8.52    15.81    13.43        -8.53    15.82    13.41     0.020
     20.51   -16.61    -6.49        20.44   -16.45    -6.56     0.197
     36.20    13.15   -10.14        36.26    13.18   -10.17     0.076
     -1.92   -17.88   -36.49        -1.93   -17.88   -36.48     0.014
     30.74     4.58   -27.98        30.76     4.59   -28.01     0.042
     11.19    -6.56    52.47        11.18    -6.52    52.47     0.045
     18.13    14.17    62.38        18.14    14.17    62.38     0.006
     28.17     0.30    21.46        28.19     0.29    21.46     0.024
     25.51    23.64     3.78        25.55    23.72     3.78     0.090
      4.00    -2.57    63.43         4.00    -2.57    63.36     0.067
     -1.03   -16.46   -35.83        -1.08   -16.44   -35.81     0.057
      6.23    -4.37   -23.12         6.23    -4.37   -23.13     0.010
    -13.04    -6.66   -47.74       -13.04    -6.66   -47.73     0.013
      6.47     6.58    63.15         6.47     6.59    63.16     0.007
     10.59    24.79    14.95        10.59    24.90    14.96     0.107
    -22.83   -11.41   -48.78       -22.82   -11.42   -48.81     0.042
     16.76    -4.67    49.20        16.56    -4.45    49.19     0.292
    -11.25    22.72    19.27       -11.21    22.61    19.35     0.137
      3.05    -7.27    56.01         3.06    -7.26    56.01     0.010
    -14.53   -23.72   -43.42       -14.53   -23.73   -43.43     0.021
     -6.38    15.52    43.23        -6.52    15.55    43.27     0.147
    -23.40     6.61   -40.91       -23.41     6.58   -40.87     0.051
     -7.83   -11.35   -45.03        -7.82   -11.35   -45.05     0.017
    -14.13     8.71   -37.00       -14.16     8.65   -36.98     0.064
     25.96   -12.14    -3.85        25.96   -12.14    -3.85     0.003
    -15.29     3.23    -4.48       -15.29     3.24    -4.48     0.012
     16.80    19.36    48.40        16.71    19.25    48.39     0.139
    -20.16    10.95   -34.97       -20.17    10.90   -34.93     0.065
     -2.89   -22.06   -16.94        -2.89   -22.05   -16.95     0.006
    -10.39    24.80    25.06       -10.39    24.79    25.05     0.011
     10.25    -6.72    54.95        10.27    -6.79    54.94     0.076
    -25.47     5.61   -41.15       -25.48     5.63   -41.18     0.033
     37.31    11.33    -8.38        37.33    11.33    -8.38     0.017
     14.04    22.37    33.93        14.04    22.41    33.93     0.040
      0.42   -14.46   -29.52         0.43   -14.46   -29.53     0.012
     12.19     3.02   -19.35        12.19     2.97   -19.27     0.098
     -0.36    23.72    26.21        -0.35    23.81    26.21     0.085
     35.87     6.68   -18.49        35.92     6.70   -18.52     0.063
     -2.32   -23.53   -28.58        -2.43   -23.44   -28.55     0.146
     -5.82   -19.23    -9.63        -5.83   -19.20    -9.67     0.048
     26.11    23.53    -8.03        26.14    23.61    -8.04     0.088
     14.77    27.05    -0.12        14.76    27.02    -0.12     0.024
      5.91   -14.38   -21.28         5.83   -14.30   -21.23     0.117
     28.02   -10.92    -8.78        27.99   -10.88    -8.80     0.049
    -10.51     9.75    32.16       -10.45     9.82    32.13     0.103
     -1.60    22.49    33.87        -1.62    22.39    33.83     0.108
      9.67    13.50   -10.19         9.65    13.51   -10.22     0.036
     -7.11   -23.84   -14.83        -7.11   -23.85   -14.83     0.006
     -6.24   -27.31   -25.10        -6.27   -27.27   -25.11     0.042
     34.83    14.14   -14.48        34.83    14.15   -14.49     0.006
      0.21    -4.77    63.45         0.21    -4.77    63.47     0.017
     12.31   -11.02   -19.73        12.34   -11.10   -19.81     0.117
      4.08    24.23    12.04         4.08    24.23    12.04     0.003
     -6.84     7.67    57.29        -6.88     7.67    57.28     0.035
     31.76    14.79    12.21        31.80    14.81    12.23     0.050
     -8.26    10.91     7.85        -8.18    10.83     7.87     0.113
     -3.75    10.37    -3.60        -3.78    10.43    -3.63     0.080
     19.54    17.44   -30.48        19.53    17.43   -30.46     0.033
     21.04   -13.12   -19.43        21.05   -13.10   -19.44     0.028
     -6.96   -21.68   -11.38        -7.02   -21.55   -11.46     0.157
    -35.81   -22.10   -14.02       -35.84   -22.14   -13.99     0.056
     25.68    -6.77    11.17        25.68    -6.71    11.14     0.071
     16.90    -3.63    56.74        16.81    -3.54    56.73     0.137
