200 PA4-H-output.txt
    -43.06    -6.12   -30.09       -43.06    -6.12   -30.09     0.001
      5.44    23.97    20.28         5.44    23.98    20.28     0.006
    -37.60   -14.73   -11.31       -37.60   -14.73   -11.31     0.000
     35.47    10.44   -17.03        35.47    10.44   -17.04     0.003
      2.91    -9.32    19.74         2.91    -9.32    19.74     0.005
     -7.11   -22.79   -39.19        -7.11   -22.79   -39.19     0.001
     -5.20     9.65    -3.68        -5.20     9.65    -3.68     0.001
     15.58    24.01    18.01        15.57    24.00    18.01     0.013
     11.27    14.05   -11.26        11.27    14.05   -11.26     0.000
     -3.43   -12.59   -40.08        -3.43   -12.59   -40.08     0.001
     -3.12   -21.65   -34.86        -3.12   -21.65   -34.86     0.005
     21.43    20.56    25.09        21.42    20.55    25.09     0.006
     -7.29     3.85    33.37        -7.29     3.85    33.37     0.001
     -2.39    17.16     8.11        -2.39    17.16     8.11     0.000
    -16.05     2.06   -44.71       -16.05     2.06   -44.71     0.001
    -27.81   -30.45   -34.12       -27.81   -30.45   -34.12     0.004
     17.50   -17.25   -11.30        17.50   -17.25   -11.30     0.001
      8.55   -13.02     4.52         8.55   -13.01     4.51     0.007
      1.83    10.18   -10.84         1.84    10.18   -10.84     0.002
     -4.59   -23.41   -16.98        -4.59   -23.41   -16.98     0.003
    -12.53    10.11   -21.06       -12.53    10.12   -21.06     0.002
    -25.05   -31.45   -18.96       -25.05   -31.44   -18.96     0.001
     15.06    19.68   -30.60        15.05    19.68   -30.60     0.001
     -1.26   -16.22    -5.56        -1.26   -16.22    -5.56     0.003
     14.02    22.76   -24.21        14.02    22.76   -24.21     0.002
     36.82    -2.17    -6.57        36.82    -2.18    -6.57     0.002
    -39.09    -4.00   -38.61       -39.09    -4.00   -38.61     0.001
    -20.39   -13.30   -47.19       -20.39   -13.29   -47.20     0.002
     28.16   -11.42   -19.11        28.16   -11.41   -19.10     0.005
     37.72     4.40   -13.35        37.72     4.40   -13.35     0.004
     -0.32    17.82    51.95        -0.31    17.81    51.95     0.006
     -6.50     9.32    59.83        -6.50     9.32    59.83     0.005
    -42.88   -16.51   -25.55       -42.88   -16.51   -25.55     0.001
     27.79    22.69    -6.37        27.78    22.69    -6.37     0.005
    -30.48   -15.20   -46.68       -30.48   -15.20   -46.68     0.000
      0.50   -10.77    13.92         0.50   -10.77    13.92     0.003
    -29.79    -5.73    -8.62       -29.79    -5.73    -8.62     0.000
      5.20    -7.46    60.83         5.20    -7.48    60.83     0.016
     -0.03    17.25    58.00        -0.03    17.25    58.00     0.001
     38.77     3.63   -11.60        38.77     3.63   -11.60     0.003
     -0.06    19.05     6.82        -0.07    19.06     6.82     0.008
      6.67    -6.87    36.34         6.67    -6.87    36.34     0.002
     -6.60    13.63    44.08        -6.61    13.63    44.08     0.005
    -17.26   -31.96   -22.72       -17.26   -31.96   -22.72     0.005
    -33.62   -18.88    -9.52       -33.62   -18.87    -9.52     0.002
     -1.13    -0.66   -26.48        -1.13    -0.66   -26.48     0.003
    -38.94     0.57   -34.81       -38.94     0.56   -34.81     0.004
    -26.48    10.08   -33.25       -26.48    10.08   -33.25     0.006
    -22.12   -11.30   -48.94       -22.12   -11.30   -48.94     0.004
     15.51    21.88    35.73        15.51    21.87    35.72     0.004
     -8.24     7.87    -6.59        -8.24     7.87    -6.59     0.003
     12.47   -13.02     4.29        12.47   -13.03     4.29     0.005
     21.06     4.83    59.58        21.08     4.83    59.58     0.014
     10.81    -6.45    50.12        10.81    -6.45    50.12     0.002
     21.61    -6.91   -24.32        21.61    -6.91   -24.32     0.001
    -42.59   -11.27   -18.78       -42.59   -11.27   -18.78     0.004
     23.90     6.00    41.77        23.90     6.00    41.77     0.001
     -4.99   -22.56   -14.86        -4.99   -22.56   -14.86     0.003
      7.19   -14.01     0.90         7.19   -14.01     0.90     0.001
     12.13    16.99   -22.70        12.12    16.99   -22.70     0.005
    -37.60    -3.72   -12.66       -37.60    -3.72   -12.66     0.003
     18.51    25.34   -22.07        18.51    25.35   -22.07     0.001
     15.75    -2.93   -22.25        15.75    -2.93   -22.25     0.001
     33.39    -5.26   -20.79        33.39    -5.26   -20.79     0.002
    -31.51   -29.87   -23.37       -31.51   -29.87   -23.37     0.001
    -22.33     5.34   -42.00       -22.33     5.34   -42.00     0.003
     -4.23    13.77    57.19        -4.24    13.77    57.19     0.008
     -8.90     7.54    30.84        -8.90     7.54    30.84     0.002
    -29.38   -30.40   -20.61       -29.38   -30.40   -20.61     0.001
     -4.99    20.99    14.33        -4.99    20.99    14.33     0.001
    -32.31     3.83   -39.29       -32.31     3.83   -39.29     0.002
     -5.57     5.61   -25.50        -5.57     5.61   -25.50     0.002
     13.61    27.50     2.09        13.61    27.51     2.09     0.004
     22.17     3.82    50.57        22.17     3.82    50.57     0.000
    -43.00    -6.54   -30.30       -43.00    -6.54   -30.30     0.001
     30.77    17.80    10.78        30.77    17.81    10.78     0.004
     26.97     7.67    27.86        26.98     7.67    27.86     0.009
     16.00     9.24   -20.71        16.00     9.24   -20.71     0.002
      8.83    -7.24    60.91         8.83    -7.24    60.91     0.001
    -15.24    21.04    24.02       -15.24    21.04    24.02     0.001
    -12.21     8.80   -33.59       -12.21     8.80   -33.59     0.001
     19.76    -6.32    18.72        19.76    -6.32    18.72     0.000
     -4.45    -1.19   -36.39        -4.45    -1.19   -36.39     0.001
    -13.24   -26.78   -40.00       -13.24   -26.78   -40.00     0.001
    -39.16   -11.75   -40.36       -39.16   -11.75   -40.36     0.002
      4.14    -8.33    23.94         4.14    -8.33    23.94     0.002
    -36.53     2.56   -36.67       -36.53     2.55   -36.67     0.002
     26.86    23.12   -10.73        26.86    23.12   -10.73     0.005
    -11.51   -15.37   -46.49       -11.51   -15.37   -46.49     0.001
     10.63    -6.39    34.42        10.63    -6.38    34.42     0.012
     17.52    -5.44    31.60        17.52    -5.44    31.60     0.001
     23.84   -10.59     0.19        23.84   -10.59     0.19     0.000
     19.03    -6.51   -23.52        19.03    -6.51   -23.52     0.003
     13.78    -9.95   -20.71        13.78    -9.95   -20.71     0.003
    -15.58    13.81    21.06       -15.58    13.80    21.06     0.009
      3.92    -9.32    18.91         3.92    -9.32    18.91     0.004
     24.77    24.08   -12.13        24.77    24.08   -12.13     0.002
     -3.09   -22.18   -16.87        -3.09   -22.18   -16.87     0.005
    -17.23     1.44    -3.51       -17.23     1.44    -3.51     0.004
    -30.87     5.78   -38.54       -30.87     5.78   -38.54     0.003
    -21.58     2.99   -11.99       -21.58     2.99   -11.99     0.003
      5.80   -12.90     3.84         5.80   -12.89     3.84     0.005
     39.43     7.52     4.52        39.43     7.52     4.52     0.005
     14.84    -5.61    38.72        14.84    -5.61    38.72     0.001
    -21.67    -9.73   -49.24       -21.67    -9.73   -49.24     0.001
     10.77   -16.39    -9.98        10.77   -16.39    -9.98     0.005
    -17.86   -31.92   -32.14       -17.86   -31.93   -32.14     0.005
     25.11   -10.88    -0.87        25.11   -10.88    -0.87     0.004
     16.78     8.44   -24.06        16.79     8.44   -24.06     0.001
    -15.88    19.87    27.36       -15.88    19.87    27.36     0.001
     -9.75    16.33    14.61        -9.74    16.33    14.61     0.001
     -6.98     5.13    53.77        -6.97     5.13    53.77     0.004
    -32.35     7.98   -20.54       -32.35     7.98   -20.54     0.004
    -22.59   -31.18   -35.07       -22.59   -31.18   -35.07     0.002
      5.88     1.04    63.36         5.88     1.04    63.36     0.000
     20.64     2.83    59.97        20.64     2.83    59.97     0.009
     21.63    12.65    49.61        21.63    12.65    49.61     0.002
    -11.23     7.28    10.46       -11.22     7.28    10.46     0.003
     12.54    16.89   -28.49        12.54    16.89   -28.49     0.003
    -11.98   -28.22   -16.90       -11.98   -28.22   -16.90     0.003
      0.35    18.58    49.97         0.36    18.57    49.97     0.009
     22.99     7.48    47.29        23.00     7.48    47.29     0.003
     33.68    11.73   -21.15        33.68    11.73   -21.15     0.001
    -23.32   -10.71   -49.31       -23.32   -10.71   -49.31     0.000
     14.55   -17.48    -8.43        14.55   -17.49    -8.43     0.008
    -42.83   -10.92   -19.48       -42.83   -10.92   -19.48     0.002
     -1.63    16.22    56.02        -1.62    16.21    56.02     0.012
     31.77    18.41     8.17        31.77    18.41     8.17     0.004
    -11.69     2.82    15.66       -11.70     2.82    15.67     0.006
     33.08    -5.98    -2.03        33.08    -5.98    -2.03     0.002
    -23.79     6.92   -40.53       -23.79     6.92   -40.52     0.003
      1.00   -10.75    14.40         1.00   -10.75    14.40     0.000
    -34.64    -0.71   -42.04       -34.64    -0.71   -42.04     0.004
     34.36    11.79    10.85        34.36    11.79    10.85     0.001
      8.45    -9.04   -22.87         8.45    -9.04   -22.87     0.002
     12.19    20.77   -19.02        12.18    20.77   -19.02     0.005
     38.91     1.99     6.98        38.91     1.99     6.98     0.002
     30.34    20.70    -1.54        30.34    20.70    -1.54     0.001
    -12.58   -28.99   -35.96       -12.58   -28.98   -35.96     0.008
     -6.43    10.96    47.20        -6.43    10.96    47.20     0.002
      4.36   -10.24   -24.70         4.36   -10.24   -24.70     0.000
     -0.53   -18.43   -10.30        -0.53   -18.43   -10.30     0.000
    -14.80    10.96   -21.96       -14.80    10.96   -21.96     0.002
    -39.55   -22.58   -28.88       -39.55   -22.58   -28.88     0.002
     -2.49   -15.02   -38.65        -2.48   -15.02   -38.65     0.001
     12.00   -15.45   -13.24        12.00   -15.45   -13.24     0.003
    -13.49     9.29   -33.90       -13.49     9.29   -33.90     0.004
     35.61     6.93    10.92        35.61     6.93    10.92     0.001
     39.33     6.56     6.44        39.34     6.56     6.44     0.002
     29.33    -1.58   -27.14        29.33    -1.58   -27.14     0.001
     31.21    19.34     6.98        31.21    19.34     6.98     0.002
    -30.99   -13.49   -46.62       -30.99   -13.49   -46.62     0.001
     -8.07     5.60    31.43        -8.07     5.60    31.43     0.001
     -4.32   -23.08   -16.69        -4.32   -23.08   -16.69     0.002
    -37.33     0.43   -15.32       -37.34     0.43   -15.32     0.007
    -12.06   -13.86   -47.10       -12.06   -13.86   -47.11     0.004
    -25.21    10.55   -32.75       -25.21    10.54   -32.75     0.012
     -7.02    12.63    42.84        -7.03    12.63    42.84     0.007
    -24.86     5.80   -41.23       -24.86     5.80   -41.23     0.003
    -42.72    -6.52   -18.65       -42.72    -6.52   -18.65     0.000
     18.56    -7.56    13.76        18.56    -7.56    13.76     0.001
     14.31    23.46    22.50        14.31    23.46    22.50     0.000
     35.16    13.77   -14.05        35.16    13.77   -14.05     0.006
     -2.63    -5.04    56.60        -2.63    -5.03    56.60     0.005
      1.56    11.43    -7.58         1.56    11.43    -7.58     0.001
     15.90   -10.93     6.52        15.90   -10.93     6.52     0.000
     20.94    15.22   -30.57        20.93    15.22   -30.57     0.001
     -6.76    -0.29   -39.76        -6.76    -0.29   -39.76     0.000
     -5.08     0.46   -34.06        -5.07     0.47   -34.06     0.007
     37.31    11.62    -7.42        37.30    11.61    -7.41     0.010
      0.78    -6.80    55.76         0.78    -6.80    55.76     0.004
    -32.70   -28.77   -31.50       -32.70   -28.77   -31.50     0.003
     15.29    21.35   -29.56        15.29    21.35   -29.56     0.000
     -6.70    10.78     4.14        -6.70    10.78     4.13     0.003
     -3.18    17.41     9.28        -3.18    17.42     9.28     0.006
    -15.63    20.54    24.51       -15.63    20.54    24.51     0.002
    -13.63    -1.84     7.41       -13.63    -1.84     7.41     0.003
     -4.54    10.35    62.15        -4.54    10.35    62.15     0.002
     30.57    18.56   -19.32        30.57    18.56   -19.31     0.003
    -11.87    10.05    16.31       -11.87    10.05    16.31     0.006
    -10.91     7.82    10.38       -10.91     7.82    10.38     0.005
      6.77    -7.28    55.85         6.77    -7.28    55.85     0.004
     35.04     3.44    12.17        35.04     3.44    12.17     0.001
     -0.77    -6.06    57.71        -0.77    -6.06    57.71     0.001
     35.50    11.33   -15.06        35.50    11.33   -15.06     0.000
     -0.72   -15.58    -4.64        -0.72   -15.58    -4.64     0.003
      1.59    19.04    48.90         1.59    19.02    48.90     0.013
     10.69   -13.77     3.04        10.69   -13.77     3.04     0.001
      8.80    -9.64    14.08         8.80    -9.64    14.08     0.003
     -4.17    13.91    56.93        -4.17    13.90    56.93     0.002
      1.09    -6.83    54.16         1.09    -6.82    54.16     0.003
    -25.19    -1.36   -46.94       -25.19    -1.36   -46.94     0.002
    -33.58     7.95   -23.20       -33.58     7.95   -23.20     0.002
     -1.96   -11.34     7.97        -1.96   -11.34     7.97     0.003
      4.47   -13.62     0.03         4.47   -13.62     0.03     0.000
     25.93     7.83   -30.34        25.93     7.83   -30.34     0.001
    -27.92   -31.33   -31.00       -27.93   -31.33   -31.00     0.001
    -22.50   -25.42   -42.67       -22.50   -25.42   -42.67     0.000
     18.16    17.35    52.18        18.16    17.35    52.18     0.003
    -36.62     0.84   -14.67       -36.63     0.84   -14.67     0.008
