27, 125, pa2-debug-c-output-1.txt
188.00,   188.51,   204.06
399.92,   406.36,   195.15
98.33,   100.01,   100.50
102.07,   102.95,   225.41
105.82,   105.89,   350.32
100.40,   224.95,   97.50
104.14,   227.90,   222.40
107.89,   230.84,   347.31
102.47,   349.90,   94.49
106.21,   352.84,   219.40
109.96,   355.79,   344.31
223.25,   97.85,   96.81
227.00,   100.79,   221.72
230.75,   103.73,   346.63
225.32,   222.80,   93.80
229.07,   225.74,   218.71
232.82,   228.68,   343.62
227.39,   347.74,   90.79
231.14,   350.69,   215.70
234.89,   353.63,   340.61
348.18,   95.69,   93.11
351.93,   98.63,   218.02
355.67,   101.58,   342.93
350.25,   220.64,   90.11
354.00,   223.58,   215.02
357.74,   226.52,   339.92
352.32,   345.58,   87.10
356.07,   348.53,   212.01
359.81,   351.47,   336.92
100.26,   99.23,   225.52
101.87,   98.30,   350.50
103.47,   97.38,   475.49
97.73,   224.20,   226.47
99.33,   223.27,   351.46
100.94,   222.35,   476.45
95.20,   349.17,   227.43
96.80,   348.25,   352.42
98.41,   347.32,   477.40
225.23,   101.77,   223.93
226.83,   100.85,   348.92
228.43,   99.92,   473.91
222.69,   226.74,   224.89
224.30,   225.82,   349.87
225.90,   224.90,   474.86
220.16,   351.71,   225.84
221.77,   350.79,   350.83
223.37,   349.87,   475.82
350.19,   104.32,   222.35
351.79,   103.39,   347.33
353.40,   102.47,   472.32
347.66,   229.29,   223.30
349.26,   228.36,   348.29
350.87,   227.44,   473.28
345.12,   354.26,   224.26
346.73,   353.33,   349.25
348.33,   352.41,   474.23
98.85,   99.31,   348.13
101.58,   96.55,   473.07
104.31,   93.79,   598.01
100.38,   224.27,   350.86
103.11,   221.51,   475.80
105.84,   218.75,   600.74
101.91,   349.23,   353.58
104.64,   346.47,   478.52
107.37,   343.71,   603.46
223.81,   97.84,   345.37
226.54,   95.08,   470.31
229.27,   92.32,   595.24
225.34,   222.80,   348.09
228.07,   220.04,   473.03
230.80,   217.28,   597.97
226.87,   347.76,   350.82
229.60,   345.00,   475.76
232.33,   342.24,   600.70
348.77,   96.37,   342.60
351.50,   93.61,   467.54
354.23,   90.85,   592.48
350.30,   221.33,   345.33
353.03,   218.57,   470.27
355.76,   215.81,   595.21
351.83,   346.29,   348.06
354.56,   343.53,   473.00
357.29,   340.77,   597.94
99.00,   98.20,   474.46
97.56,   99.50,   599.45
96.11,   100.80,   724.43
97.90,   223.18,   473.15
96.46,   224.49,   598.13
95.02,   225.79,   723.12
96.81,   348.17,   471.83
95.37,   349.48,   596.81
93.92,   350.78,   721.80
223.99,   99.31,   475.89
222.54,   100.61,   600.88
221.10,   101.91,   725.86
222.89,   224.29,   474.58
221.45,   225.60,   599.56
220.00,   226.90,   724.55
221.80,   349.28,   473.26
220.35,   350.59,   598.25
218.91,   351.89,   723.23
348.97,   100.42,   477.33
347.53,   101.72,   602.31
346.09,   103.03,   727.30
347.88,   225.41,   476.01
346.43,   226.71,   600.99
344.99,   228.01,   725.98
346.78,   350.39,   474.69
345.34,   351.70,   599.68
343.90,   353.00,   724.66
101.05,   100.26,   598.34
101.37,   96.65,   723.28
101.68,   93.04,   848.23
100.50,   225.20,   601.95
100.81,   221.59,   726.89
101.13,   217.98,   851.84
99.95,   350.15,   605.56
100.26,   346.54,   730.51
100.57,   342.93,   855.45
226.05,   100.82,   598.04
226.36,   97.21,   722.99
226.68,   93.60,   847.93
225.50,   225.77,   601.65
225.81,   222.16,   726.60
226.13,   218.55,   851.54
224.94,   350.71,   605.26
225.26,   347.10,   730.21
225.57,   343.49,   855.15
351.05,   101.38,   597.74
351.36,   97.77,   722.69
351.68,   94.16,   847.63
350.50,   226.33,   601.35
350.81,   222.72,   726.30
351.12,   219.11,   851.25
349.94,   351.27,   604.96
350.26,   347.66,   729.91
350.57,   344.06,   854.86
101.50,   225.50,   101.26
104.12,   226.48,   226.23
106.73,   227.46,   351.20
100.45,   350.49,   100.30
103.07,   351.47,   225.27
105.68,   352.46,   350.24
99.40,   475.48,   99.34
102.02,   476.46,   224.31
104.63,   477.45,   349.28
226.47,   226.53,   98.64
229.09,   227.51,   223.61
231.70,   228.49,   348.58
225.42,   351.52,   97.68
228.03,   352.50,   222.65
230.65,   353.49,   347.62
224.37,   476.51,   96.72
226.98,   477.49,   221.69
229.60,   478.48,   346.65
351.44,   227.56,   96.02
354.05,   228.54,   220.98
356.67,   229.52,   345.95
350.39,   352.55,   95.05
353.00,   353.53,   220.02
355.62,   354.52,   344.99
349.34,   477.54,   94.09
351.95,   478.52,   219.06
354.57,   479.51,   344.03
99.59,   223.12,   225.01
96.21,   225.52,   349.94
92.84,   227.92,   474.87
102.30,   348.07,   222.68
98.93,   350.47,   347.61
95.55,   352.87,   472.54
105.02,   473.02,   220.35
101.65,   475.42,   345.28
98.27,   477.82,   470.21
224.51,   220.46,   228.43
221.14,   222.87,   353.36
217.76,   225.27,   478.29
227.23,   345.41,   226.10
223.85,   347.81,   351.04
220.48,   350.22,   475.97
229.95,   470.36,   223.78
226.57,   472.76,   348.71
223.20,   475.17,   473.64
349.43,   217.81,   231.86
346.06,   220.21,   356.79
342.69,   222.61,   481.72
352.15,   342.76,   229.53
348.78,   345.16,   354.46
345.40,   347.56,   479.39
354.87,   467.71,   227.20
351.50,   470.11,   352.13
348.12,   472.51,   477.06
101.15,   224.36,   351.67
104.45,   221.14,   476.59
107.75,   217.92,   601.50
100.34,   349.31,   354.91
103.65,   346.09,   479.83
106.95,   342.88,   604.74
99.54,   474.27,   358.15
102.84,   471.05,   483.07
106.15,   467.83,   607.98
226.10,   225.24,   348.39
229.40,   222.03,   473.31
232.70,   218.81,   598.22
225.30,   350.20,   351.63
228.60,   346.98,   476.54
231.90,   343.76,   601.46
224.50,   475.16,   354.87
227.80,   471.94,   479.78
231.10,   468.72,   604.70
351.05,   226.13,   345.11
354.36,   222.91,   470.02
357.66,   219.70,   594.94
350.25,   351.09,   348.35
353.55,   347.87,   473.26
356.86,   344.65,   598.18
349.45,   476.04,   351.59
352.75,   472.83,   476.50
356.05,   469.61,   601.42
100.57,   223.23,   476.30
97.56,   222.41,   601.26
94.55,   221.60,   726.22
98.11,   348.20,   477.05
95.10,   347.39,   602.01
92.09,   346.57,   726.98
95.65,   473.17,   477.81
92.64,   472.36,   602.77
89.62,   471.55,   727.73
225.51,   225.67,   479.33
222.50,   224.86,   604.29
219.49,   224.04,   729.25
223.05,   350.64,   480.08
220.04,   349.83,   605.04
217.03,   349.02,   730.00
220.59,   475.62,   480.83
217.58,   474.80,   605.79
214.56,   473.99,   730.76
350.45,   228.11,   482.35
347.44,   227.30,   607.31
344.43,   226.49,   732.28
347.99,   353.09,   483.11
344.98,   352.27,   608.07
341.97,   351.46,   733.03
345.53,   478.06,   483.86
342.52,   477.25,   608.82
339.50,   476.43,   733.78
100.71,   224.18,   599.44
97.38,   224.79,   724.39
94.05,   225.40,   849.35
97.09,   349.13,   598.74
93.76,   349.74,   723.69
90.43,   350.34,   848.64
93.46,   474.07,   598.03
90.13,   474.68,   722.99
86.80,   475.29,   847.94
225.61,   227.82,   602.75
222.29,   228.43,   727.70
218.96,   229.04,   852.66
221.99,   352.77,   602.05
218.66,   353.38,   727.00
215.33,   353.99,   851.95
218.36,   477.71,   601.34
215.03,   478.32,   726.30
211.71,   478.93,   851.25
350.52,   231.47,   606.06
347.19,   232.07,   731.01
343.86,   232.68,   855.97
346.89,   356.41,   605.36
343.56,   357.02,   730.31
340.23,   357.63,   855.26
343.27,   481.36,   604.65
339.94,   481.97,   729.61
336.61,   482.57,   854.56
98.94,   350.51,   100.66
95.19,   348.20,   225.58
91.44,   345.88,   350.50
101.94,   475.45,   103.07
98.18,   473.14,   227.99
94.43,   470.82,   352.91
104.93,   600.40,   105.47
101.17,   598.08,   230.39
97.42,   595.76,   355.32
223.85,   347.45,   104.35
220.10,   345.14,   229.28
216.35,   342.82,   354.20
226.84,   472.39,   106.76
223.09,   470.08,   231.68
219.34,   467.76,   356.60
229.83,   597.33,   109.17
226.08,   595.02,   234.09
222.33,   592.70,   359.01
348.76,   344.39,   108.05
345.01,   342.07,   232.97
341.26,   339.76,   357.89
351.75,   469.33,   110.45
348.00,   467.01,   235.38
344.25,   464.70,   360.30
354.74,   594.27,   112.86
350.99,   591.96,   237.78
347.24,   589.64,   362.71
101.14,   350.06,   224.03
104.28,   350.18,   348.99
107.43,   350.30,   473.95
101.11,   475.06,   223.91
104.25,   475.18,   348.87
107.40,   475.30,   473.83
101.08,   600.06,   223.78
104.23,   600.18,   348.75
107.37,   600.30,   473.71
226.10,   350.08,   220.88
229.24,   350.21,   345.84
232.39,   350.33,   470.80
226.07,   475.08,   220.76
229.22,   475.20,   345.72
232.36,   475.33,   470.68
226.04,   600.08,   220.64
229.19,   600.20,   345.60
232.33,   600.33,   470.56
351.06,   350.11,   217.73
354.20,   350.23,   342.69
357.35,   350.35,   467.66
351.03,   475.11,   217.61
354.18,   475.23,   342.57
357.32,   475.35,   467.53
351.00,   600.11,   217.49
354.15,   600.23,   342.45
357.29,   600.35,   467.41
100.24,   350.10,   349.54
96.98,   350.81,   474.49
93.72,   351.53,   599.45
101.74,   475.09,   348.86
98.48,   475.80,   473.82
95.22,   476.52,   598.77
103.24,   600.08,   348.18
99.98,   600.79,   473.14
96.72,   601.51,   598.09
225.19,   348.62,   352.81
221.93,   349.33,   477.76
218.67,   350.05,   602.72
226.69,   473.61,   352.13
223.43,   474.32,   477.08
220.17,   475.04,   602.04
228.19,   598.59,   351.45
224.93,   599.31,   476.40
221.67,   600.03,   601.36
350.14,   347.14,   356.07
346.88,   347.85,   481.03
343.62,   348.57,   605.98
351.64,   472.13,   355.39
348.38,   472.84,   480.35
345.12,   473.56,   605.31
353.13,   597.11,   354.72
349.88,   597.83,   479.67
346.62,   598.55,   604.63
100.36,   351.87,   476.46
103.28,   354.35,   601.40
106.20,   356.84,   726.34
102.98,   476.81,   473.91
105.89,   479.30,   598.85
108.81,   481.79,   723.79
105.59,   601.76,   471.36
108.51,   604.25,   596.30
111.42,   606.73,   721.24
225.30,   349.20,   473.59
228.22,   351.68,   598.53
231.13,   354.17,   723.48
227.92,   474.14,   471.05
230.83,   476.63,   595.99
233.75,   479.12,   720.93
230.53,   599.09,   468.50
233.44,   601.58,   593.44
236.36,   604.06,   718.38
350.24,   346.52,   470.73
353.16,   349.01,   595.67
356.07,   351.50,   720.61
352.85,   471.47,   468.18
355.77,   473.96,   593.12
358.69,   476.44,   718.07
355.47,   596.42,   465.64
358.38,   598.90,   590.58
361.30,   601.39,   715.52
100.61,   350.70,   600.52
103.50,   347.44,   725.45
106.38,   344.18,   850.37
97.33,   475.61,   603.86
100.21,   472.35,   728.78
103.10,   469.09,   853.71
94.05,   600.52,   607.20
96.93,   597.26,   732.12
99.81,   594.00,   857.05
225.54,   354.06,   597.73
228.42,   350.80,   722.65
231.30,   347.53,   847.58
222.25,   478.97,   601.06
225.14,   475.71,   725.99
228.02,   472.45,   850.91
218.97,   603.88,   604.40
221.85,   600.62,   729.33
224.74,   597.36,   854.25
350.46,   357.42,   594.93
353.34,   354.16,   719.85
356.23,   350.89,   844.78
347.18,   482.33,   598.27
350.06,   479.07,   723.19
352.94,   475.81,   848.12
343.89,   607.24,   601.61
346.78,   603.98,   726.53
349.66,   600.72,   851.45
100.05,   475.72,   100.10
103.54,   478.09,   225.03
107.03,   480.47,   349.96
97.50,   600.67,   97.79
100.99,   603.05,   222.72
104.48,   605.42,   347.65
94.96,   725.62,   95.49
98.45,   728.00,   220.42
101.94,   730.38,   345.34
224.97,   478.19,   96.56
228.46,   480.57,   221.49
231.95,   482.95,   346.42
222.43,   603.15,   94.26
225.92,   605.53,   219.18
229.41,   607.90,   344.11
219.88,   728.10,   91.95
223.38,   730.48,   216.88
226.87,   732.86,   341.81
349.90,   480.67,   93.02
353.39,   483.05,   217.95
356.88,   485.43,   342.88
347.35,   605.63,   90.72
350.84,   608.00,   215.65
354.34,   610.38,   340.57
344.81,   730.58,   88.41
348.30,   732.96,   213.34
351.79,   735.33,   338.27
98.14,   474.08,   226.26
96.42,   473.26,   351.24
94.71,   472.44,   476.23
98.90,   599.07,   227.09
97.18,   598.25,   352.08
95.47,   597.43,   477.06
99.66,   724.07,   227.92
97.95,   723.25,   352.91
96.23,   722.43,   477.89
223.12,   473.30,   227.97
221.41,   472.49,   352.95
219.69,   471.67,   477.94
223.89,   598.30,   228.80
222.17,   597.48,   353.78
220.45,   596.66,   478.77
224.65,   723.29,   229.63
222.93,   722.47,   354.62
221.22,   721.66,   479.60
348.11,   472.53,   229.68
346.39,   471.71,   354.66
344.68,   470.89,   479.65
348.87,   597.53,   230.51
347.16,   596.71,   355.49
345.44,   595.89,   480.48
349.63,   722.52,   231.34
347.92,   721.70,   356.33
346.20,   720.88,   481.31
101.17,   473.65,   349.30
104.84,   476.58,   474.21
108.52,   479.50,   599.12
99.28,   598.60,   346.43
102.95,   601.53,   471.34
106.62,   604.45,   596.25
97.38,   723.56,   343.56
101.05,   726.48,   468.47
104.72,   729.41,   593.38
226.10,   475.46,   345.58
229.78,   478.39,   470.50
233.45,   481.31,   595.41
224.21,   600.42,   342.71
227.88,   603.34,   467.63
231.55,   606.26,   592.54
222.31,   725.37,   339.84
225.98,   728.29,   464.75
229.66,   731.22,   589.67
351.04,   477.27,   341.87
354.71,   480.20,   466.78
358.38,   483.12,   591.69
349.14,   602.23,   339.00
352.81,   605.15,   463.91
356.48,   608.08,   588.82
347.24,   727.18,   336.13
350.92,   730.10,   461.04
354.59,   733.03,   585.95
99.56,   476.17,   476.42
97.78,   473.83,   601.38
95.99,   471.50,   726.35
97.04,   601.12,   478.72
95.25,   598.79,   603.68
93.46,   596.45,   728.65
94.51,   726.08,   481.02
92.73,   723.74,   605.98
90.94,   721.41,   730.95
224.52,   478.66,   478.25
222.74,   476.33,   603.21
220.95,   473.99,   728.18
222.00,   603.61,   480.55
220.21,   601.28,   605.51
218.43,   598.94,   730.48
219.47,   728.57,   482.85
217.69,   726.23,   607.81
215.90,   723.90,   732.78
349.49,   481.15,   480.08
347.70,   478.82,   605.05
345.91,   476.48,   730.01
346.96,   606.11,   482.38
345.17,   603.77,   607.35
343.39,   601.43,   732.31
344.44,   731.06,   484.68
342.65,   728.72,   609.65
340.86,   726.39,   734.61
99.82,   475.21,   599.26
103.34,   473.93,   724.20
106.87,   472.66,   849.14
97.50,   600.18,   600.60
101.02,   598.91,   725.54
104.54,   597.63,   850.49
95.17,   725.15,   601.94
98.69,   723.88,   726.89
102.21,   722.60,   851.83
224.75,   477.57,   595.76
228.27,   476.30,   720.70
231.79,   475.02,   845.65
222.43,   602.55,   597.10
225.95,   601.27,   722.05
229.47,   599.99,   846.99
220.10,   727.52,   598.45
223.62,   726.24,   723.39
227.14,   724.96,   848.33
349.68,   479.94,   592.26
353.20,   478.66,   717.21
356.72,   477.38,   842.15
347.35,   604.91,   593.61
350.87,   603.63,   718.55
354.40,   602.36,   843.49
345.03,   729.88,   594.95
348.55,   728.60,   719.89
352.07,   727.33,   844.84
101.53,   599.88,   98.42
101.18,   600.39,   223.42
100.83,   600.90,   348.42
100.98,   724.88,   97.91
100.63,   725.39,   222.90
100.27,   725.90,   347.90
100.43,   849.87,   97.39
100.07,   850.39,   222.39
99.72,   850.90,   347.39
226.53,   600.43,   98.77
226.18,   600.94,   223.77
225.83,   601.46,   348.77
225.98,   725.43,   98.26
225.62,   725.94,   223.26
225.27,   726.46,   348.25
225.42,   850.43,   97.74
225.07,   850.94,   222.74
224.72,   851.45,   347.74
351.53,   600.99,   99.12
351.18,   601.50,   224.12
350.82,   602.01,   349.12
350.98,   725.98,   98.61
350.62,   726.50,   223.61
350.27,   727.01,   348.60
350.42,   850.98,   98.09
350.07,   851.49,   223.09
349.72,   852.01,   348.09
98.49,   600.99,   224.60
96.29,   601.16,   349.58
94.08,   601.34,   474.56
98.42,   725.99,   224.42
96.21,   726.16,   349.40
94.00,   726.34,   474.38
98.34,   850.99,   224.25
96.13,   851.16,   349.23
93.92,   851.34,   474.21
223.47,   601.07,   226.81
221.27,   601.25,   351.79
219.06,   601.42,   476.77
223.40,   726.07,   226.63
221.19,   726.24,   351.61
218.98,   726.42,   476.59
223.32,   851.07,   226.45
221.11,   851.24,   351.43
218.90,   851.42,   476.41
348.45,   601.15,   229.01
346.25,   601.33,   353.99
344.04,   601.50,   478.97
348.38,   726.15,   228.84
346.17,   726.33,   353.82
343.96,   726.50,   478.80
348.30,   851.15,   228.66
346.09,   851.33,   353.64
343.88,   851.50,   478.62
99.20,   601.08,   350.96
99.55,   601.52,   475.96
99.90,   601.96,   600.96
96.98,   726.06,   350.53
97.33,   726.50,   475.53
97.68,   726.94,   600.53
94.76,   851.04,   350.09
95.11,   851.48,   475.09
95.46,   851.92,   600.09
224.18,   603.30,   350.61
224.53,   603.74,   475.61
224.88,   604.18,   600.60
221.96,   728.28,   350.17
222.31,   728.72,   475.17
222.66,   729.16,   600.17
219.74,   853.26,   349.74
220.09,   853.70,   474.73
220.44,   854.14,   599.73
349.16,   605.52,   350.25
349.51,   605.96,   475.25
349.86,   606.40,   600.25
346.94,   730.50,   349.81
347.29,   730.94,   474.81
347.64,   731.38,   599.81
344.72,   855.48,   349.38
345.07,   855.92,   474.38
345.42,   856.36,   599.38
101.56,   601.10,   473.91
100.67,   602.72,   598.89
99.78,   604.33,   723.88
100.82,   726.09,   472.29
99.93,   727.70,   597.27
99.04,   729.32,   722.26
100.08,   851.08,   470.67
99.19,   852.69,   595.66
98.30,   854.30,   720.64
226.55,   601.85,   474.79
225.66,   603.47,   599.77
224.78,   605.08,   724.76
225.81,   726.84,   473.17
224.92,   728.45,   598.16
224.04,   730.07,   723.14
225.07,   851.83,   471.55
224.19,   853.44,   596.54
223.30,   855.06,   721.52
351.55,   602.60,   475.67
350.66,   604.22,   600.65
349.77,   605.83,   725.64
350.81,   727.59,   474.05
349.92,   729.21,   599.04
349.03,   730.82,   724.02
350.07,   852.58,   472.43
349.18,   854.19,   597.42
348.29,   855.81,   722.40
98.94,   601.75,   598.93
99.07,   603.09,   723.93
99.20,   604.44,   848.92
101.94,   726.70,   597.58
102.07,   728.05,   722.58
102.20,   729.40,   847.57
104.94,   851.66,   596.24
105.07,   853.01,   721.23
105.20,   854.35,   846.22
223.90,   598.74,   598.84
224.03,   600.09,   723.83
224.16,   601.44,   848.82
226.91,   723.70,   597.49
227.03,   725.05,   722.48
227.16,   726.39,   847.47
229.91,   848.66,   596.14
230.04,   850.00,   721.13
230.16,   851.35,   846.13
348.87,   595.74,   598.74
349.00,   597.09,   723.73
349.12,   598.43,   848.73
351.87,   720.70,   597.39
352.00,   722.04,   722.38
352.13,   723.39,   847.38
354.87,   845.65,   596.04
355.00,   847.00,   721.04
355.13,   848.35,   846.03
224.62,   100.95,   101.53
224.74,   104.16,   226.49
224.86,   107.37,   351.45
224.02,   225.90,   98.32
224.14,   229.12,   223.27
224.26,   232.33,   348.23
223.41,   350.86,   95.10
223.53,   354.07,   220.06
223.65,   357.29,   345.02
349.62,   101.55,   101.39
349.74,   104.76,   226.35
349.86,   107.98,   351.31
349.01,   226.50,   98.18
349.13,   229.72,   223.14
349.26,   232.93,   348.10
348.41,   351.46,   94.97
348.53,   354.68,   219.93
348.65,   357.89,   344.88
474.62,   102.15,   101.26
474.74,   105.36,   226.22
474.86,   108.58,   351.17
474.01,   227.11,   98.04
474.13,   230.32,   223.00
474.25,   233.53,   347.96
473.41,   352.06,   94.83
473.53,   355.28,   219.79
473.65,   358.49,   344.75
223.85,   100.62,   226.99
227.30,   103.69,   351.91
230.75,   106.77,   476.82
225.79,   225.57,   223.87
229.24,   228.64,   348.78
232.69,   231.71,   473.69
227.74,   350.51,   220.74
231.19,   353.59,   345.65
234.64,   356.66,   470.57
348.79,   98.59,   223.59
352.24,   101.66,   348.51
355.69,   104.74,   473.42
350.73,   223.54,   220.47
354.18,   226.61,   345.38
357.63,   229.68,   470.29
352.68,   348.48,   217.34
356.13,   351.56,   342.25
359.57,   354.63,   467.17
473.73,   96.56,   220.19
477.17,   99.63,   345.11
480.62,   102.71,   470.02
475.67,   221.51,   217.07
479.12,   224.58,   341.98
482.57,   227.65,   466.89
477.61,   346.45,   213.94
481.06,   349.53,   338.85
484.51,   352.60,   463.77
226.30,   99.58,   349.43
227.15,   99.81,   474.43
227.99,   100.04,   599.43
224.92,   224.58,   349.21
225.77,   224.81,   474.21
226.61,   225.04,   599.21
223.54,   349.57,   348.99
224.38,   349.80,   473.99
225.23,   350.03,   598.99
351.29,   100.96,   348.59
352.14,   101.19,   473.58
352.98,   101.42,   598.58
349.91,   225.96,   348.37
350.75,   226.19,   473.36
351.60,   226.41,   598.36
348.53,   350.95,   348.15
349.37,   351.18,   473.14
350.22,   351.41,   598.14
476.28,   102.34,   347.74
477.13,   102.57,   472.74
477.97,   102.80,   597.73
474.90,   227.33,   347.52
475.74,   227.56,   472.52
476.59,   227.79,   597.51
473.52,   352.33,   347.30
474.36,   352.56,   472.29
475.21,   352.79,   597.29
226.96,   98.74,   473.60
228.09,   98.02,   598.60
229.22,   97.30,   723.59
224.10,   223.71,   474.35
225.24,   222.99,   599.34
226.37,   222.26,   724.33
221.25,   348.67,   475.10
222.38,   347.95,   600.09
223.52,   347.23,   725.08
351.92,   101.60,   472.49
353.05,   100.88,   597.48
354.19,   100.16,   722.47
349.07,   226.57,   473.23
350.20,   225.84,   598.23
351.33,   225.12,   723.22
346.21,   351.53,   473.98
347.35,   350.81,   598.97
348.48,   350.09,   723.96
476.88,   104.46,   471.37
478.02,   103.74,   596.36
479.15,   103.02,   721.35
474.03,   229.43,   472.12
475.16,   228.70,   597.11
476.30,   227.98,   722.10
471.18,   354.39,   472.86
472.31,   353.67,   597.85
473.44,   352.95,   722.85
226.88,   98.38,   598.52
227.52,   99.01,   723.52
228.16,   99.64,   848.52
227.17,   223.37,   597.89
227.81,   224.01,   722.89
228.44,   224.64,   847.88
227.46,   348.37,   597.26
228.09,   349.00,   722.26
228.73,   349.63,   847.25
351.88,   98.09,   597.89
352.52,   98.72,   722.88
353.15,   99.35,   847.88
352.17,   223.08,   597.26
352.81,   223.72,   722.25
353.44,   224.35,   847.25
352.46,   348.08,   596.62
353.09,   348.71,   721.62
353.73,   349.34,   846.62
476.88,   97.80,   597.25
477.52,   98.43,   722.25
478.15,   99.06,   847.25
477.17,   222.79,   596.62
477.80,   223.42,   721.62
478.44,   224.06,   846.61
477.45,   347.79,   595.99
478.09,   348.42,   720.98
478.73,   349.05,   845.98
225.92,   225.11,   99.92
226.45,   228.74,   224.87
226.99,   232.36,   349.81
225.60,   350.06,   96.29
226.14,   353.69,   221.24
226.67,   357.31,   346.19
225.29,   475.01,   92.67
225.82,   478.63,   217.62
226.35,   482.26,   342.56
350.92,   225.41,   99.38
351.45,   229.04,   224.32
351.98,   232.67,   349.27
350.60,   350.36,   95.75
351.13,   353.99,   220.70
351.67,   357.61,   345.65
350.29,   475.31,   92.13
350.82,   478.93,   217.08
351.35,   482.56,   342.02
475.92,   225.72,   98.84
476.45,   229.34,   223.78
476.98,   232.97,   348.73
475.60,   350.66,   95.21
476.13,   354.29,   220.16
476.67,   357.92,   345.11
475.28,   475.61,   91.59
475.82,   479.24,   216.53
476.35,   482.86,   341.48
223.33,   223.19,   225.41
220.29,   220.13,   350.34
217.26,   217.07,   475.27
222.80,   348.16,   228.47
219.77,   345.09,   353.39
216.74,   342.03,   478.32
222.28,   473.12,   231.52
219.25,   470.05,   356.44
216.21,   466.99,   481.37
348.29,   223.64,   228.46
345.26,   220.58,   353.38
342.22,   217.52,   478.31
347.76,   348.61,   231.51
344.73,   345.54,   356.43
341.70,   342.48,   481.36
347.24,   473.57,   234.56
344.21,   470.50,   359.49
341.18,   467.44,   484.41
473.25,   224.09,   231.50
470.22,   221.03,   356.43
467.19,   217.97,   481.35
472.73,   349.06,   234.55
469.69,   345.99,   359.48
466.66,   342.93,   484.40
472.20,   474.02,   237.60
469.17,   470.95,   362.53
466.14,   467.89,   487.46
225.19,   225.48,   349.19
227.26,   228.36,   474.14
229.33,   231.24,   599.09
224.71,   350.44,   346.32
226.78,   353.33,   471.26
228.86,   356.21,   596.21
224.23,   475.41,   343.44
226.30,   478.29,   468.39
228.38,   481.17,   593.34
350.17,   225.91,   347.10
352.24,   228.79,   472.05
354.32,   231.67,   597.00
349.69,   350.87,   344.23
351.76,   353.76,   469.18
353.84,   356.64,   594.13
349.21,   475.84,   341.36
351.28,   478.72,   466.31
353.36,   481.60,   591.26
475.15,   226.34,   345.02
477.22,   229.22,   469.97
479.30,   232.10,   594.92
474.67,   351.31,   342.15
476.75,   354.19,   467.10
478.82,   357.07,   592.04
474.19,   476.27,   339.27
476.27,   479.15,   464.22
478.34,   482.04,   589.17
226.80,   223.34,   475.99
224.34,   223.31,   600.96
221.89,   223.27,   725.94
224.18,   348.32,   475.97
221.72,   348.28,   600.95
219.26,   348.25,   725.92
221.55,   473.29,   475.95
219.09,   473.25,   600.93
216.63,   473.22,   725.91
351.75,   225.97,   478.45
349.29,   225.94,   603.42
346.84,   225.90,   728.40
349.12,   350.94,   478.43
346.67,   350.91,   603.40
344.21,   350.87,   728.38
346.50,   475.91,   478.41
344.04,   475.88,   603.39
341.58,   475.85,   728.36
476.70,   228.60,   480.90
474.24,   228.56,   605.88
471.78,   228.53,   730.86
474.07,   353.57,   480.89
471.61,   353.53,   605.86
469.16,   353.50,   730.84
471.45,   478.54,   480.87
468.99,   478.51,   605.85
466.53,   478.47,   730.82
226.97,   225.58,   599.71
227.29,   225.18,   724.71
227.62,   224.79,   849.71
227.94,   350.57,   600.10
228.26,   350.18,   725.10
228.58,   349.79,   850.10
228.90,   475.57,   600.49
229.23,   475.18,   725.49
229.55,   474.78,   850.49
351.97,   224.61,   599.39
352.29,   224.22,   724.38
352.61,   223.82,   849.38
352.93,   349.61,   599.78
353.26,   349.21,   724.78
353.58,   348.82,   849.77
353.90,   474.60,   600.17
354.22,   474.21,   725.17
354.55,   473.82,   850.16
476.96,   223.65,   599.06
477.29,   223.25,   724.06
477.61,   222.86,   849.06
477.93,   348.64,   599.45
478.25,   348.25,   724.45
478.57,   347.85,   849.45
478.90,   473.64,   599.84
479.22,   473.24,   724.84
479.54,   472.85,   849.84
225.87,   350.76,   101.68
225.67,   347.16,   226.63
225.47,   343.56,   351.58
228.42,   475.68,   105.28
228.22,   472.08,   230.23
228.02,   468.49,   355.18
230.97,   600.60,   108.88
230.77,   597.01,   233.83
230.57,   593.41,   358.78
350.85,   348.21,   101.81
350.65,   344.61,   226.76
350.45,   341.01,   351.70
353.39,   473.13,   105.41
353.19,   469.53,   230.36
353.00,   465.93,   355.30
355.94,   598.05,   109.01
355.74,   594.45,   233.96
355.54,   590.85,   358.91
475.82,   345.65,   101.93
475.62,   342.05,   226.88
475.42,   338.46,   351.83
478.37,   470.57,   105.53
478.17,   466.98,   230.48
477.97,   463.38,   355.43
480.92,   595.50,   109.14
480.72,   591.90,   234.08
480.52,   588.30,   359.03
226.38,   349.36,   224.37
224.87,   346.78,   349.33
223.37,   344.21,   474.30
226.05,   474.33,   226.94
224.54,   471.75,   351.91
223.03,   469.18,   476.87
225.71,   599.30,   229.51
224.21,   596.73,   354.48
222.70,   594.15,   479.44
351.37,   349.66,   225.88
349.86,   347.08,   350.85
348.36,   344.51,   475.81
351.04,   474.63,   228.45
349.53,   472.06,   353.42
348.02,   469.48,   478.38
350.70,   599.61,   231.03
349.20,   597.03,   355.99
347.69,   594.46,   480.95
476.36,   349.96,   227.40
474.85,   347.39,   352.36
473.35,   344.81,   477.32
476.03,   474.94,   229.97
474.52,   472.36,   354.93
473.01,   469.79,   479.90
475.69,   599.91,   232.54
474.19,   597.33,   357.50
472.68,   594.76,   482.47
224.28,   351.83,   349.26
227.59,   350.09,   474.20
230.89,   348.36,   599.15
223.76,   476.82,   351.01
227.06,   475.08,   475.95
230.37,   473.34,   600.90
223.24,   601.80,   352.76
226.54,   600.07,   477.71
229.84,   598.33,   602.65
349.24,   352.40,   345.96
352.54,   350.66,   470.91
355.84,   348.93,   595.85
348.72,   477.39,   347.72
352.02,   475.65,   472.66
355.32,   473.91,   597.60
348.19,   602.37,   349.47
351.50,   600.64,   474.41
354.80,   598.90,   599.36
474.19,   352.97,   342.67
477.50,   351.23,   467.61
480.80,   349.50,   592.56
473.67,   477.96,   344.42
476.97,   476.22,   469.37
480.28,   474.48,   594.31
473.15,   602.94,   346.17
476.45,   601.21,   471.12
479.75,   599.47,   596.06
224.09,   350.05,   475.45
227.78,   351.30,   600.39
231.46,   352.55,   725.33
222.56,   475.03,   474.24
226.24,   476.29,   599.18
229.93,   477.54,   724.12
221.02,   600.02,   473.04
224.70,   601.27,   597.97
228.39,   602.52,   722.91
349.03,   351.55,   471.75
352.72,   352.80,   596.69
356.40,   354.06,   721.63
347.49,   476.54,   470.54
351.18,   477.79,   595.48
354.86,   479.04,   720.42
345.95,   601.52,   469.34
349.64,   602.77,   594.27
353.32,   604.02,   719.21
473.97,   353.05,   468.05
477.65,   354.30,   592.99
481.34,   355.56,   717.93
472.43,   478.04,   466.84
476.11,   479.29,   591.78
479.80,   480.54,   716.72
470.89,   603.02,   465.64
474.58,   604.27,   590.57
478.26,   605.53,   715.51
223.28,   349.38,   599.72
223.79,   345.93,   724.67
224.31,   342.47,   849.62
225.66,   474.31,   603.16
226.18,   470.86,   728.11
226.69,   467.40,   853.06
228.04,   599.24,   606.60
228.56,   595.79,   731.56
229.07,   592.33,   856.51
348.26,   347.01,   599.14
348.77,   343.56,   724.09
349.29,   340.11,   849.04
350.64,   471.94,   602.58
351.15,   468.49,   727.53
351.67,   465.04,   852.48
353.02,   596.87,   606.02
353.53,   593.42,   730.97
354.05,   589.97,   855.93
473.23,   344.65,   598.56
473.75,   341.19,   723.51
474.26,   337.74,   848.46
475.61,   469.58,   602.00
476.13,   466.12,   726.95
476.64,   462.67,   851.90
477.99,   594.51,   605.44
478.51,   591.05,   730.39
479.03,   587.60,   855.34
223.81,   476.51,   101.19
225.53,   478.94,   226.16
227.25,   481.38,   351.12
220.64,   601.44,   98.80
222.36,   603.88,   223.76
224.08,   606.32,   348.73
217.48,   726.38,   96.41
219.20,   728.82,   221.37
220.92,   731.25,   346.34
348.75,   479.64,   99.41
350.48,   482.07,   224.38
352.20,   484.51,   349.34
345.59,   604.57,   97.02
347.31,   607.01,   221.98
349.03,   609.44,   346.95
342.43,   729.51,   94.63
344.15,   731.95,   219.59
345.87,   734.38,   344.56
473.70,   482.76,   97.63
475.42,   485.20,   222.59
477.14,   487.64,   347.56
470.54,   607.70,   95.24
472.26,   610.14,   220.20
473.98,   612.57,   345.17
467.38,   732.64,   92.85
469.10,   735.07,   217.81
470.82,   737.51,   342.78
226.67,   475.45,   225.16
223.29,   473.11,   350.09
219.92,   470.78,   475.03
223.44,   600.38,   227.41
220.07,   598.05,   352.34
216.69,   595.72,   477.27
220.21,   725.32,   229.65
216.84,   722.99,   354.59
213.46,   720.66,   479.52
351.58,   478.61,   228.59
348.21,   476.28,   353.53
344.83,   473.95,   478.46
348.35,   603.55,   230.84
344.98,   601.22,   355.77
341.60,   598.89,   480.71
345.12,   728.49,   233.09
341.75,   726.16,   358.02
338.38,   723.82,   482.95
476.49,   481.78,   232.03
473.12,   479.45,   356.96
469.75,   477.11,   481.89
473.27,   606.72,   234.27
469.89,   604.38,   359.20
466.52,   602.05,   484.14
470.04,   731.65,   236.52
466.66,   729.32,   361.45
463.29,   726.99,   486.38
223.59,   476.73,   349.94
226.66,   473.00,   474.85
229.72,   469.28,   599.76
223.77,   601.67,   353.66
226.84,   597.95,   478.57
229.90,   594.23,   603.48
223.95,   726.62,   357.38
227.01,   722.89,   482.29
230.08,   719.17,   607.20
348.55,   476.64,   346.88
351.62,   472.92,   471.78
354.68,   469.20,   596.69
348.73,   601.58,   350.59
351.80,   597.86,   475.50
354.86,   594.14,   600.41
348.91,   726.53,   354.31
351.98,   722.81,   479.22
355.04,   719.08,   604.13
473.52,   476.55,   343.81
476.58,   472.83,   468.71
479.65,   469.11,   593.62
473.69,   601.50,   347.53
476.76,   597.78,   472.43
479.82,   594.05,   597.34
473.87,   726.44,   351.24
476.94,   722.72,   476.15
480.00,   719.00,   601.06
224.00,   474.22,   474.38
221.22,   476.79,   599.32
218.44,   479.35,   724.26
223.03,   599.19,   471.79
220.25,   601.76,   596.73
217.47,   604.32,   721.68
222.06,   724.16,   469.21
219.28,   726.72,   594.15
216.50,   729.29,   719.09
348.96,   475.25,   477.14
346.19,   477.81,   602.08
343.41,   480.38,   727.02
347.99,   600.22,   474.55
345.22,   602.78,   599.49
342.44,   605.34,   724.44
347.02,   725.19,   471.97
344.24,   727.75,   596.91
341.47,   730.31,   721.85
473.93,   476.28,   479.89
471.15,   478.84,   604.84
468.37,   481.40,   729.78
472.96,   601.25,   477.31
470.18,   603.81,   602.25
467.40,   606.37,   727.20
471.99,   726.22,   474.73
469.21,   728.78,   599.67
466.43,   731.34,   724.61
225.93,   473.83,   598.43
226.10,   472.09,   723.41
226.28,   470.35,   848.40
229.10,   598.77,   600.16
229.28,   597.04,   725.15
229.46,   595.30,   850.13
232.28,   723.72,   601.89
232.46,   721.98,   726.88
232.63,   720.25,   851.87
350.89,   470.65,   598.20
351.06,   468.91,   723.19
351.24,   467.18,   848.18
354.06,   595.60,   599.94
354.24,   593.86,   724.92
354.42,   592.12,   849.91
357.24,   720.55,   601.67
357.42,   718.81,   726.66
357.59,   717.07,   851.65
475.85,   467.48,   597.98
476.02,   465.74,   722.97
476.20,   464.00,   847.96
479.02,   592.43,   599.72
479.20,   590.69,   724.70
479.38,   588.95,   849.69
482.20,   717.37,   601.45
482.38,   715.64,   726.44
482.55,   713.90,   851.42
225.38,   598.50,   99.77
226.89,   597.99,   224.76
228.40,   597.49,   349.75
224.88,   723.49,   100.28
226.39,   722.99,   225.27
227.90,   722.49,   350.26
224.38,   848.49,   100.79
225.89,   847.99,   225.78
227.40,   847.48,   350.77
350.37,   599.00,   98.26
351.88,   598.50,   223.25
353.39,   597.99,   348.24
349.87,   724.00,   98.77
351.38,   723.50,   223.76
352.89,   722.99,   348.75
349.37,   849.00,   99.28
350.88,   848.49,   224.27
352.39,   847.99,   349.26
475.36,   599.51,   96.75
476.87,   599.00,   221.74
478.38,   598.50,   346.73
474.86,   724.51,   97.26
476.37,   724.00,   222.25
477.88,   723.50,   347.24
474.36,   849.50,   97.77
475.87,   849.00,   222.76
477.38,   848.50,   347.75
226.42,   598.07,   225.55
223.67,   598.09,   350.52
220.92,   598.12,   475.49
226.19,   723.07,   225.52
223.44,   723.09,   350.49
220.69,   723.12,   475.45
225.95,   848.07,   225.48
223.20,   848.09,   350.45
220.45,   848.12,   475.42
351.39,   598.30,   228.30
348.64,   598.33,   353.27
345.89,   598.36,   478.24
351.16,   723.30,   228.27
348.40,   723.33,   353.24
345.65,   723.36,   478.20
350.92,   848.30,   228.23
348.17,   848.33,   353.20
345.42,   848.36,   478.17
476.36,   598.54,   231.05
473.61,   598.57,   356.02
470.86,   598.59,   480.99
476.12,   723.54,   231.02
473.37,   723.57,   355.98
470.62,   723.59,   480.95
475.89,   848.54,   230.98
473.14,   848.57,   355.95
470.39,   848.59,   480.92
226.30,   599.87,   351.88
225.92,   599.70,   476.88
225.54,   599.53,   601.88
230.04,   724.82,   352.06
229.66,   724.65,   477.06
229.28,   724.48,   602.06
233.78,   849.76,   352.24
233.40,   849.59,   477.24
233.02,   849.42,   602.24
351.24,   596.13,   352.25
350.86,   595.96,   477.25
350.48,   595.79,   602.25
354.99,   721.07,   352.43
354.60,   720.90,   477.43
354.22,   720.74,   602.43
358.73,   846.02,   352.62
358.34,   845.85,   477.62
357.96,   845.68,   602.61
476.19,   592.39,   352.63
475.81,   592.22,   477.63
475.43,   592.05,   602.63
479.93,   717.33,   352.81
479.55,   717.16,   477.81
479.17,   716.99,   602.81
483.67,   842.28,   352.99
483.29,   842.11,   477.99
482.91,   841.94,   602.99
226.17,   601.85,   476.96
224.56,   599.59,   601.93
222.94,   597.34,   726.90
227.60,   726.82,   479.24
225.98,   724.56,   604.21
224.36,   722.31,   729.18
229.03,   851.79,   481.51
227.41,   849.54,   606.48
225.79,   847.28,   731.45
351.16,   600.39,   478.56
349.54,   598.14,   603.53
347.92,   595.88,   728.49
352.58,   725.37,   480.83
350.96,   723.11,   605.80
349.34,   720.85,   730.77
354.01,   850.34,   483.10
352.39,   848.08,   608.07
350.77,   845.83,   733.04
476.14,   598.94,   480.15
474.52,   596.68,   605.12
472.90,   594.43,   730.09
477.56,   723.91,   482.42
475.94,   721.66,   607.39
474.33,   719.40,   732.36
478.99,   848.88,   484.70
477.37,   846.63,   609.66
475.75,   844.37,   734.63
226.64,   600.71,   599.81
229.63,   597.24,   724.72
232.61,   593.78,   849.64
226.17,   725.66,   603.29
229.15,   722.19,   728.20
232.14,   718.73,   853.12
225.69,   850.61,   606.76
228.68,   847.15,   731.68
231.67,   843.68,   856.60
351.60,   601.27,   596.83
354.59,   597.80,   721.75
357.58,   594.33,   846.67
351.13,   726.22,   600.31
354.12,   722.75,   725.23
357.10,   719.28,   850.14
350.66,   851.17,   603.79
353.64,   847.70,   728.71
356.63,   844.24,   853.62
476.57,   601.82,   593.86
479.55,   598.36,   718.78
482.54,   594.89,   843.69
476.09,   726.77,   597.34
479.08,   723.31,   722.26
482.07,   719.84,   847.17
475.62,   851.72,   600.82
478.61,   848.26,   725.73
481.59,   844.79,   850.65
350.71,   100.50,   100.85
354.45,   103.63,   225.76
358.18,   106.76,   350.66
354.18,   225.41,   97.62
357.91,   228.54,   222.52
361.65,   231.67,   347.43
357.65,   350.32,   94.39
361.38,   353.45,   219.29
365.11,   356.58,   344.20
475.61,   96.94,   97.21
479.34,   100.07,   222.11
483.08,   103.20,   347.02
479.08,   221.85,   93.97
482.81,   224.98,   218.88
486.54,   228.11,   343.79
482.54,   346.76,   90.74
486.28,   349.89,   215.65
490.01,   353.02,   340.55
600.51,   93.38,   93.56
604.24,   96.51,   218.47
607.97,   99.64,   343.37
603.97,   218.29,   90.33
607.71,   221.42,   215.24
611.44,   224.55,   340.14
607.44,   343.20,   87.10
611.17,   346.33,   212.00
614.91,   349.46,   336.91
350.27,   101.39,   225.67
350.27,   99.09,   350.65
350.27,   96.79,   475.63
346.66,   226.32,   227.97
346.66,   224.02,   352.95
346.66,   221.71,   477.93
343.05,   351.24,   230.27
343.05,   348.94,   355.25
343.05,   346.64,   480.23
475.22,   105.00,   225.74
475.22,   102.70,   350.72
475.22,   100.40,   475.69
471.61,   229.93,   228.04
471.61,   227.62,   353.01
471.61,   225.32,   477.99
468.00,   354.85,   230.34
468.00,   352.55,   355.31
468.00,   350.25,   480.29
600.17,   108.61,   225.80
600.17,   106.31,   350.78
600.17,   104.01,   475.76
596.56,   233.54,   228.10
596.56,   231.23,   353.08
596.56,   228.93,   478.06
592.95,   358.46,   230.40
592.95,   356.16,   355.38
592.95,   353.86,   480.36
351.16,   101.20,   351.23
349.09,   98.92,   476.19
347.03,   96.63,   601.15
347.78,   226.13,   353.45
345.72,   223.85,   478.41
343.66,   221.57,   603.38
344.41,   351.07,   355.68
342.35,   348.78,   480.64
340.28,   346.50,   605.60
476.09,   104.53,   353.35
474.03,   102.25,   478.31
471.97,   99.97,   603.28
472.72,   229.47,   355.58
470.66,   227.19,   480.54
468.59,   224.90,   605.50
469.35,   354.40,   357.80
467.28,   352.12,   482.77
465.22,   349.84,   607.73
601.03,   107.87,   355.48
598.97,   105.59,   480.44
596.90,   103.30,   605.40
597.66,   232.80,   357.70
595.59,   230.52,   482.67
593.53,   228.24,   607.63
594.29,   357.74,   359.93
592.22,   355.45,   484.89
590.16,   353.17,   609.85
349.13,   101.96,   475.47
345.87,   103.77,   600.42
342.62,   105.59,   725.36
350.45,   226.94,   473.69
347.19,   228.76,   598.64
343.94,   230.57,   723.58
351.77,   351.92,   471.91
348.51,   353.74,   596.86
345.26,   355.55,   721.80
474.08,   100.69,   478.74
470.83,   102.50,   603.69
467.57,   104.32,   728.63
475.40,   225.67,   476.97
472.14,   227.48,   601.91
468.89,   229.30,   726.85
476.72,   350.65,   475.19
473.46,   352.46,   600.13
470.21,   354.28,   725.08
599.03,   99.42,   482.02
595.78,   101.23,   606.96
592.52,   103.04,   731.91
600.35,   224.40,   480.24
597.10,   226.21,   605.18
593.84,   228.02,   730.13
601.67,   349.38,   478.46
598.42,   351.19,   603.40
595.16,   353.00,   728.35
348.99,   99.59,   598.49
347.82,   97.30,   723.46
346.64,   95.02,   848.44
350.40,   224.56,   600.79
349.22,   222.28,   725.76
348.05,   219.99,   850.74
351.80,   349.53,   603.09
350.62,   347.25,   728.06
349.45,   344.96,   853.04
473.98,   98.17,   599.64
472.81,   95.88,   724.61
471.63,   93.59,   849.59
475.38,   223.14,   601.94
474.21,   220.85,   726.91
473.03,   218.56,   851.89
476.78,   348.11,   604.24
475.61,   345.82,   729.21
474.44,   343.54,   854.19
598.97,   96.74,   600.79
597.79,   94.46,   725.76
596.62,   92.17,   850.73
600.37,   221.71,   603.09
599.19,   219.43,   728.06
598.02,   217.14,   853.03
601.77,   346.69,   605.39
600.60,   344.40,   730.36
599.42,   342.11,   855.33
349.15,   226.44,   100.01
347.64,   224.71,   224.99
346.13,   222.99,   349.97
351.39,   351.41,   101.76
349.89,   349.68,   226.74
348.38,   347.95,   351.72
353.64,   476.38,   103.52
352.14,   474.65,   228.50
350.63,   472.92,   353.48
474.12,   224.17,   101.49
472.61,   222.45,   226.46
471.10,   220.72,   351.44
476.37,   349.14,   103.24
474.86,   347.41,   228.22
473.35,   345.69,   353.20
478.61,   474.11,   104.99
477.11,   472.38,   229.97
475.60,   470.65,   354.95
599.09,   221.90,   102.96
597.58,   220.18,   227.94
596.07,   218.45,   352.92
601.34,   346.87,   104.72
599.83,   345.14,   229.69
598.32,   343.42,   354.67
603.58,   471.84,   106.47
602.08,   470.11,   231.45
600.57,   468.38,   356.43
351.00,   226.24,   224.15
351.61,   229.48,   349.11
352.23,   232.72,   474.07
350.41,   351.20,   220.92
351.02,   354.44,   345.87
351.64,   357.68,   470.83
349.82,   476.15,   217.68
350.43,   479.39,   342.64
351.05,   482.63,   467.59
476.00,   226.81,   223.52
476.61,   230.05,   348.48
477.23,   233.29,   473.44
475.41,   351.77,   220.29
476.02,   355.01,   345.24
476.63,   358.25,   470.20
474.81,   476.73,   217.05
475.43,   479.97,   342.01
476.04,   483.21,   466.96
600.99,   227.39,   222.89
601.61,   230.63,   347.85
602.22,   233.87,   472.81
600.40,   352.34,   219.66
601.02,   355.58,   344.61
601.63,   358.82,   469.57
599.81,   477.30,   216.42
600.43,   480.54,   341.38
601.04,   483.78,   466.33
349.83,   224.42,   348.86
346.31,   226.45,   473.79
342.79,   228.49,   598.73
348.80,   349.40,   346.80
345.28,   351.43,   471.73
341.76,   353.47,   596.66
347.78,   474.38,   344.73
344.26,   476.41,   469.67
340.74,   478.45,   594.60
474.77,   225.50,   352.36
471.25,   227.54,   477.30
467.73,   229.57,   602.23
473.75,   350.48,   350.30
470.23,   352.51,   475.23
466.71,   354.55,   600.17
472.73,   475.46,   348.23
469.21,   477.49,   473.17
465.69,   479.53,   598.10
599.72,   226.58,   355.86
596.20,   228.62,   480.80
592.68,   230.65,   605.73
598.70,   351.56,   353.80
595.18,   353.60,   478.73
591.66,   355.63,   603.67
597.67,   476.54,   351.74
594.15,   478.58,   476.67
590.63,   480.61,   601.60
350.59,   226.96,   473.45
347.47,   226.73,   598.41
344.36,   226.51,   723.37
351.34,   351.96,   473.69
348.23,   351.73,   598.66
345.11,   351.51,   723.62
352.09,   476.95,   473.94
348.98,   476.73,   598.90
345.87,   476.51,   723.86
475.54,   226.20,   476.56
472.43,   225.98,   601.52
469.32,   225.75,   726.48
476.30,   351.20,   476.81
473.18,   350.97,   601.77
470.07,   350.75,   726.73
477.05,   476.20,   477.05
473.94,   475.97,   602.01
470.83,   475.75,   726.97
600.50,   225.44,   479.67
597.39,   225.22,   604.63
594.28,   224.99,   729.60
601.26,   350.44,   479.92
598.14,   350.22,   604.88
595.03,   349.99,   729.84
602.01,   475.44,   480.16
598.90,   475.21,   605.12
595.78,   474.99,   730.08
350.48,   223.03,   600.18
350.16,   222.07,   725.18
349.84,   221.11,   850.17
352.33,   348.02,   601.15
352.01,   347.05,   726.14
351.69,   346.09,   851.14
354.18,   473.00,   602.12
353.86,   472.04,   727.11
353.54,   471.07,   852.11
475.46,   221.18,   600.49
475.14,   220.22,   725.48
474.82,   219.25,   850.48
477.31,   346.16,   601.46
476.99,   345.20,   726.45
476.67,   344.23,   851.45
479.17,   471.15,   602.42
478.85,   470.18,   727.42
478.52,   469.22,   852.42
600.45,   219.33,   600.79
600.13,   218.36,   725.79
599.81,   217.40,   850.79
602.30,   344.31,   601.76
601.98,   343.35,   726.76
601.66,   342.38,   851.75
604.15,   469.29,   602.73
603.83,   468.33,   727.73
603.51,   467.36,   852.72
348.30,   349.26,   99.36
345.68,   347.79,   224.32
343.06,   346.33,   349.29
347.72,   474.25,   100.81
345.10,   472.78,   225.77
342.48,   471.32,   350.74
347.14,   599.24,   102.26
344.52,   597.77,   227.23
341.90,   596.31,   352.19
473.27,   349.81,   101.98
470.65,   348.34,   226.95
468.03,   346.88,   351.91
472.69,   474.80,   103.44
470.07,   473.33,   228.40
467.45,   471.87,   353.36
472.11,   599.79,   104.89
469.49,   598.33,   229.85
466.87,   596.86,   354.82
598.24,   350.36,   104.61
595.62,   348.90,   229.57
593.00,   347.43,   354.54
597.66,   475.35,   106.06
595.04,   473.89,   231.03
592.42,   472.42,   355.99
597.08,   600.34,   107.51
594.46,   598.88,   232.48
591.84,   597.41,   357.44
348.39,   349.22,   225.46
350.26,   346.54,   350.42
352.12,   343.86,   475.37
347.38,   474.19,   228.15
349.24,   471.51,   353.11
351.10,   468.83,   478.07
346.36,   599.16,   230.85
348.22,   596.48,   355.80
350.09,   593.80,   480.76
473.37,   350.28,   223.62
475.24,   347.60,   348.57
477.10,   344.92,   473.53
472.36,   475.24,   226.31
474.22,   472.57,   351.27
476.08,   469.89,   476.23
471.34,   600.21,   229.01
473.20,   597.53,   353.96
475.07,   594.85,   478.92
598.36,   351.33,   221.78
600.22,   348.66,   346.73
602.08,   345.98,   471.69
597.34,   476.30,   224.47
599.20,   473.62,   349.43
601.07,   470.94,   474.38
596.32,   601.27,   227.16
598.19,   598.59,   352.12
600.05,   595.91,   477.08
348.26,   348.44,   349.53
349.11,   346.09,   474.51
349.96,   343.74,   599.48
347.71,   473.42,   351.89
348.56,   471.07,   476.86
349.40,   468.72,   601.84
347.15,   598.39,   354.24
348.00,   596.04,   479.21
348.85,   593.70,   604.19
473.26,   349.01,   348.70
474.11,   346.66,   473.67
474.95,   344.31,   598.65
472.70,   473.99,   351.05
473.55,   471.64,   476.02
474.40,   469.29,   601.00
472.15,   598.96,   353.40
473.00,   596.61,   478.37
473.85,   594.27,   603.35
598.25,   349.58,   347.86
599.10,   347.23,   472.83
599.95,   344.88,   597.81
597.70,   474.56,   350.21
598.55,   472.21,   475.18
599.40,   469.86,   600.16
597.14,   599.53,   352.56
597.99,   597.18,   477.54
598.84,   594.84,   602.51
348.39,   350.92,   473.59
344.96,   353.75,   598.51
341.54,   356.59,   723.43
345.84,   475.86,   470.69
342.41,   478.69,   595.61
338.99,   481.53,   720.53
343.28,   600.80,   467.79
339.86,   603.64,   592.71
336.43,   606.47,   717.63
473.32,   353.55,   476.96
469.89,   356.38,   601.88
466.46,   359.22,   726.80
470.76,   478.49,   474.06
467.34,   481.32,   598.98
463.91,   484.16,   723.90
468.21,   603.43,   471.15
464.79,   606.27,   596.07
461.36,   609.10,   720.99
598.24,   356.18,   480.32
594.82,   359.01,   605.25
591.39,   361.85,   730.17
595.69,   481.12,   477.42
592.26,   483.96,   602.34
588.84,   486.79,   727.26
593.14,   606.06,   474.52
589.71,   608.90,   599.44
586.29,   611.73,   724.36
350.08,   351.21,   600.62
351.21,   354.69,   725.57
352.35,   358.17,   850.51
349.54,   476.16,   597.14
350.68,   479.64,   722.09
351.81,   483.12,   847.03
349.00,   601.11,   593.66
350.14,   604.59,   718.61
351.27,   608.07,   843.56
475.08,   351.71,   599.47
476.21,   355.20,   724.42
477.34,   358.68,   849.37
474.54,   476.66,   595.99
475.67,   480.15,   720.94
476.80,   483.63,   845.89
474.00,   601.61,   592.52
475.13,   605.10,   717.46
476.26,   608.58,   842.41
600.07,   352.22,   598.33
601.20,   355.70,   723.27
602.33,   359.19,   848.22
599.53,   477.17,   594.85
600.66,   480.65,   719.79
601.80,   484.14,   844.74
598.99,   602.12,   591.37
600.12,   605.61,   716.32
601.26,   609.09,   841.26
349.88,   475.27,   100.61
347.26,   476.24,   225.58
344.65,   477.21,   350.55
353.44,   600.22,   99.72
350.82,   601.19,   224.69
348.21,   602.15,   349.66
357.00,   725.16,   98.83
354.39,   726.13,   223.79
351.77,   727.10,   348.76
474.80,   471.73,   103.25
472.19,   472.70,   228.22
469.57,   473.67,   353.19
478.36,   596.68,   102.36
475.75,   597.64,   227.33
473.13,   598.61,   352.30
481.92,   721.62,   101.47
479.31,   722.59,   226.44
476.69,   723.56,   351.41
599.72,   468.19,   105.90
597.11,   469.16,   230.87
594.49,   470.12,   355.83
603.28,   593.13,   105.00
600.67,   594.10,   229.97
598.05,   595.07,   354.94
606.85,   718.08,   104.11
604.23,   719.05,   229.08
601.61,   720.02,   354.05
349.33,   473.11,   223.60
352.59,   473.49,   348.56
355.85,   473.88,   473.52
348.87,   598.11,   223.23
352.13,   598.49,   348.19
355.40,   598.87,   473.15
348.41,   723.11,   222.86
351.67,   723.49,   347.82
354.94,   723.87,   472.78
474.28,   473.56,   220.34
477.55,   473.94,   345.30
480.81,   474.32,   470.25
473.83,   598.56,   219.97
477.09,   598.94,   344.93
480.35,   599.32,   469.88
473.37,   723.56,   219.60
476.63,   723.94,   344.56
479.89,   724.32,   469.51
599.24,   474.01,   217.08
602.50,   474.39,   342.03
605.77,   474.77,   466.99
598.78,   599.01,   216.71
602.05,   599.39,   341.66
605.31,   599.77,   466.62
598.32,   724.00,   216.33
601.59,   724.39,   341.29
604.85,   724.77,   466.25
351.29,   474.48,   348.22
351.71,   471.77,   473.19
352.13,   469.07,   598.16
349.20,   599.43,   350.93
349.62,   596.73,   475.90
350.04,   594.03,   600.87
347.11,   724.38,   353.64
347.53,   721.68,   478.61
347.95,   718.98,   603.58
476.27,   476.58,   347.85
476.69,   473.87,   472.82
477.11,   471.17,   597.79
474.18,   601.53,   350.56
474.60,   598.83,   475.53
475.02,   596.13,   600.50
472.09,   726.48,   353.27
472.51,   723.78,   478.24
472.93,   721.08,   603.21
601.26,   478.68,   347.48
601.67,   475.97,   472.45
602.09,   473.27,   597.42
599.16,   603.63,   350.18
599.58,   600.93,   475.15
600.00,   598.23,   600.12
597.07,   728.58,   352.89
597.49,   725.88,   477.86
597.91,   723.18,   602.83
348.70,   475.86,   473.65
347.70,   476.12,   598.64
346.70,   476.39,   723.64
347.60,   600.85,   473.37
346.60,   601.12,   598.37
345.59,   601.39,   723.37
346.49,   725.85,   473.10
345.49,   726.11,   598.10
344.49,   726.38,   723.09
473.69,   476.96,   474.65
472.69,   477.23,   599.64
471.69,   477.50,   724.64
472.59,   601.96,   474.37
471.59,   602.23,   599.37
470.58,   602.49,   724.37
471.48,   726.95,   474.10
470.48,   727.22,   599.10
469.48,   727.49,   724.09
598.68,   478.07,   475.65
597.68,   478.34,   600.64
596.68,   478.60,   725.64
597.58,   603.06,   475.37
596.58,   603.33,   600.37
595.58,   603.60,   725.37
596.48,   728.06,   475.10
595.47,   728.33,   600.10
594.47,   728.59,   725.09
348.16,   475.43,   601.26
345.84,   472.99,   726.21
343.52,   470.55,   851.17
347.63,   600.40,   603.69
345.31,   597.97,   728.65
342.99,   595.53,   853.60
347.10,   725.38,   606.12
344.78,   722.94,   731.08
342.46,   720.50,   856.03
473.14,   475.91,   603.59
470.82,   473.47,   728.54
468.50,   471.04,   853.50
472.61,   600.89,   606.02
470.28,   598.45,   730.98
467.96,   596.01,   855.93
472.07,   725.86,   608.45
469.75,   723.43,   733.41
467.43,   720.99,   858.36
598.11,   476.40,   605.92
595.79,   473.96,   730.87
593.47,   471.52,   855.83
597.58,   601.37,   608.35
595.26,   598.93,   733.30
592.94,   596.50,   858.26
597.05,   726.35,   610.78
594.73,   723.91,   735.74
592.41,   721.47,   860.69
351.30,   599.68,   98.02
354.04,   599.10,   222.99
356.77,   598.53,   347.96
354.12,   724.65,   98.54
356.86,   724.07,   223.50
359.60,   723.49,   348.47
356.94,   849.61,   99.05
359.68,   849.04,   224.02
362.42,   848.46,   348.99
476.24,   596.87,   95.27
478.97,   596.29,   220.24
481.71,   595.72,   345.21
479.06,   721.84,   95.79
481.80,   721.26,   220.76
484.53,   720.68,   345.72
481.88,   846.80,   96.30
484.62,   846.23,   221.27
487.35,   845.65,   346.24
601.18,   594.06,   92.52
603.91,   593.48,   217.49
606.65,   592.91,   342.46
604.00,   719.03,   93.04
606.73,   718.45,   218.01
609.47,   717.87,   342.97
606.82,   843.99,   93.55
609.56,   843.42,   218.52
612.29,   842.84,   343.49
350.52,   598.66,   225.75
349.63,   599.20,   350.74
348.74,   599.74,   475.74
347.66,   723.62,   225.18
346.77,   724.16,   350.18
345.87,   724.71,   475.18
344.80,   848.59,   224.62
343.91,   849.13,   349.62
343.01,   849.67,   474.61
475.49,   601.52,   226.63
474.59,   602.06,   351.62
473.70,   602.61,   476.62
472.63,   726.49,   226.07
471.73,   727.03,   351.06
470.84,   727.57,   476.06
469.77,   851.45,   225.50
468.87,   852.00,   350.50
467.98,   852.54,   475.49
600.45,   604.39,   227.51
599.56,   604.93,   352.51
598.66,   605.47,   477.50
597.59,   729.35,   226.95
596.70,   729.90,   351.94
595.80,   730.44,   476.94
594.73,   854.32,   226.39
593.83,   854.86,   351.38
592.94,   855.40,   476.38
351.70,   601.52,   348.11
353.97,   603.99,   473.07
356.24,   606.46,   598.02
349.02,   726.47,   345.69
351.29,   728.94,   470.64
353.56,   731.41,   595.60
346.34,   851.42,   343.27
348.61,   853.89,   468.22
350.88,   856.36,   593.18
476.65,   604.15,   345.79
478.92,   606.62,   470.74
481.19,   609.10,   595.70
473.97,   729.10,   343.37
476.24,   731.57,   468.32
478.51,   734.04,   593.28
471.29,   854.05,   340.95
473.56,   856.52,   465.90
475.83,   858.99,   590.86
601.60,   606.79,   343.47
603.87,   609.26,   468.42
606.14,   611.73,   593.38
598.92,   731.74,   341.05
601.19,   734.21,   466.00
603.46,   736.68,   590.96
596.24,   856.68,   338.62
598.51,   859.15,   463.58
600.78,   861.62,   588.53
351.65,   598.04,   476.42
351.51,   596.66,   601.41
351.37,   595.27,   726.40
352.23,   723.03,   477.81
352.09,   721.65,   602.80
351.95,   720.26,   727.79
352.81,   848.03,   479.19
352.67,   846.64,   604.18
352.53,   845.25,   729.18
476.65,   597.46,   476.55
476.51,   596.08,   601.54
476.37,   594.69,   726.54
477.23,   722.45,   477.94
477.09,   721.07,   602.93
476.95,   719.68,   727.92
477.81,   847.44,   479.32
477.67,   846.06,   604.32
477.53,   844.67,   729.31
601.65,   596.88,   476.68
601.51,   595.49,   601.68
601.37,   594.11,   726.67
602.23,   721.87,   478.07
602.09,   720.48,   603.06
601.95,   719.10,   728.05
602.81,   846.86,   479.46
602.67,   845.48,   604.45
602.53,   844.09,   729.44
349.20,   600.65,   598.94
350.23,   598.89,   723.92
351.26,   597.12,   848.91
351.15,   725.62,   600.69
352.18,   723.86,   725.67
353.21,   722.10,   850.65
353.10,   850.59,   602.43
354.13,   848.83,   727.42
355.16,   847.07,   852.40
474.18,   598.71,   597.88
475.21,   596.95,   722.87
476.24,   595.19,   847.85
476.13,   723.68,   599.63
477.16,   721.92,   724.61
478.19,   720.16,   849.60
478.08,   848.66,   601.38
479.11,   846.90,   726.36
480.14,   845.13,   851.34
599.16,   596.78,   596.83
600.19,   595.01,   721.81
601.22,   593.25,   846.79
601.11,   721.75,   598.57
602.14,   719.99,   723.56
603.17,   718.22,   848.54
603.06,   846.72,   600.32
604.09,   844.96,   725.30
605.12,   843.20,   850.29
476.22,   101.41,   98.72
478.04,   100.08,   223.70
479.85,   98.74,   348.68
473.18,   226.37,   100.10
475.00,   225.03,   225.08
476.81,   223.70,   350.06
470.14,   351.32,   101.48
471.95,   349.99,   226.46
473.77,   348.65,   351.44
601.17,   104.47,   96.94
602.99,   103.14,   221.92
604.80,   101.80,   346.90
598.13,   229.43,   98.32
599.94,   228.09,   223.30
601.76,   226.76,   348.28
595.09,   354.38,   99.70
596.90,   353.05,   224.68
598.72,   351.71,   349.66
726.12,   107.53,   95.16
727.94,   106.20,   220.14
729.75,   104.86,   345.12
723.08,   232.49,   96.54
724.89,   231.15,   221.52
726.71,   229.82,   346.50
720.04,   357.44,   97.92
721.85,   356.11,   222.90
723.67,   354.77,   347.88
476.80,   100.10,   225.09
476.27,   100.21,   350.09
475.74,   100.31,   475.09
476.95,   225.10,   224.99
476.42,   225.21,   349.98
475.88,   225.31,   474.98
477.09,   350.10,   224.88
476.56,   350.21,   349.88
476.03,   350.31,   474.88
601.80,   99.96,   225.62
601.27,   100.06,   350.62
600.74,   100.16,   475.62
601.95,   224.96,   225.52
601.41,   225.06,   350.52
600.88,   225.16,   475.52
602.09,   349.96,   225.41
601.56,   350.06,   350.41
601.03,   350.16,   475.41
726.80,   99.81,   226.15
726.27,   99.91,   351.15
725.74,   100.02,   476.15
726.95,   224.81,   226.05
726.41,   224.91,   351.05
725.88,   225.02,   476.05
727.09,   349.81,   225.95
726.56,   349.91,   350.94
726.03,   350.02,   475.94
475.10,   98.41,   348.33
474.59,   98.91,   473.33
474.08,   99.41,   598.33
472.18,   223.38,   347.82
471.67,   223.87,   472.82
471.16,   224.37,   597.82
469.26,   348.34,   347.31
468.75,   348.84,   472.31
468.24,   349.34,   597.31
600.06,   101.33,   348.83
599.55,   101.83,   473.83
599.04,   102.33,   598.83
597.15,   226.30,   348.32
596.63,   226.80,   473.32
596.12,   227.29,   598.32
594.23,   351.26,   347.81
593.72,   351.76,   472.81
593.21,   352.26,   597.81
725.03,   104.25,   349.33
724.52,   104.75,   474.33
724.01,   105.25,   599.33
722.11,   229.22,   348.82
721.60,   229.72,   473.82
721.09,   230.21,   598.82
719.19,   354.18,   348.31
718.68,   354.68,   473.31
718.17,   355.18,   598.30
476.66,   100.96,   476.23
479.61,   99.17,   601.18
482.57,   97.37,   726.13
478.55,   225.94,   477.98
481.51,   224.14,   602.94
484.46,   222.34,   727.89
480.44,   350.91,   479.74
483.40,   349.11,   604.69
486.35,   347.32,   729.64
601.61,   99.12,   473.25
604.57,   97.32,   598.20
607.52,   95.52,   723.15
603.50,   224.09,   475.00
606.46,   222.29,   599.96
609.41,   220.49,   724.91
605.39,   349.06,   476.76
608.35,   347.26,   601.71
611.30,   345.47,   726.66
726.56,   97.27,   470.27
729.52,   95.47,   595.22
732.47,   93.67,   720.17
728.45,   222.24,   472.02
731.41,   220.44,   596.97
734.36,   218.64,   721.93
730.34,   347.21,   473.78
733.30,   345.42,   598.73
736.25,   343.62,   723.68
473.62,   99.25,   598.38
470.97,   98.33,   723.35
468.32,   97.40,   848.32
476.59,   224.21,   599.37
473.95,   223.29,   724.34
471.30,   222.36,   849.31
479.57,   349.17,   600.36
476.92,   348.25,   725.32
474.28,   347.32,   850.29
598.55,   96.25,   601.01
595.91,   95.33,   725.97
593.26,   94.41,   850.94
601.53,   221.21,   601.99
598.88,   220.29,   726.96
596.24,   219.37,   851.93
604.51,   346.17,   602.98
601.86,   345.25,   727.95
599.21,   344.33,   852.92
723.49,   93.26,   603.63
720.84,   92.33,   728.60
718.20,   91.41,   853.57
726.47,   218.22,   604.62
723.82,   217.29,   729.59
721.17,   216.37,   854.55
729.44,   343.18,   605.60
726.80,   342.25,   730.57
724.15,   341.33,   855.54
476.75,   226.71,   100.28
474.87,   224.86,   225.25
473.00,   223.00,   350.22
473.63,   351.66,   102.09
471.75,   349.80,   227.06
469.88,   347.95,   352.03
470.51,   476.61,   103.90
468.63,   474.75,   228.87
466.76,   472.89,   353.85
601.69,   229.80,   102.20
599.82,   227.95,   227.17
597.95,   226.09,   352.14
598.57,   354.75,   104.01
596.70,   352.89,   228.98
594.83,   351.04,   353.95
595.46,   479.70,   105.82
593.58,   477.84,   230.79
591.71,   475.99,   355.76
726.64,   232.90,   104.12
724.77,   231.04,   229.09
722.89,   229.18,   354.06
723.52,   357.84,   105.93
721.65,   355.99,   230.90
719.77,   354.13,   355.87
720.40,   482.79,   107.74
718.53,   480.93,   232.71
716.66,   479.08,   357.68
473.08,   223.32,   225.12
473.83,   225.21,   350.10
474.59,   227.10,   475.08
475.41,   348.28,   223.21
476.16,   350.17,   348.19
476.92,   352.07,   473.18
477.74,   473.24,   221.30
478.49,   475.14,   346.28
479.25,   477.03,   471.27
598.06,   220.98,   224.40
598.81,   222.87,   349.38
599.56,   224.76,   474.36
600.38,   345.94,   222.49
601.14,   347.83,   347.47
601.89,   349.73,   472.46
602.71,   470.90,   220.58
603.47,   472.80,   345.57
604.22,   474.69,   470.55
723.03,   218.64,   223.68
723.79,   220.53,   348.66
724.54,   222.42,   473.64
725.36,   343.60,   221.77
726.11,   345.49,   346.75
726.87,   347.39,   471.74
727.69,   468.56,   219.86
728.44,   470.46,   344.85
729.20,   472.35,   469.83
476.10,   224.53,   351.60
477.01,   226.54,   476.58
477.92,   228.54,   601.56
477.02,   349.51,   349.59
477.93,   351.52,   474.57
478.84,   353.52,   599.55
477.94,   474.49,   347.57
478.85,   476.50,   472.56
479.76,   478.50,   597.54
601.09,   223.59,   350.70
602.00,   225.60,   475.68
602.91,   227.60,   600.67
602.01,   348.57,   348.69
602.92,   350.58,   473.67
603.83,   352.59,   598.65
602.93,   473.56,   346.68
603.84,   475.56,   471.66
604.75,   477.57,   596.64
726.08,   222.66,   349.81
726.99,   224.66,   474.79
727.90,   226.67,   599.77
727.01,   347.64,   347.80
727.92,   349.64,   472.78
728.83,   351.65,   597.76
727.93,   472.62,   345.78
728.84,   474.62,   470.77
729.75,   476.63,   595.75
475.67,   224.13,   474.61
475.71,   225.20,   599.60
475.75,   226.27,   724.60
477.87,   349.11,   473.54
477.91,   350.18,   598.53
477.94,   351.25,   723.53
480.06,   474.09,   472.47
480.10,   475.16,   597.47
480.14,   476.22,   722.46
600.66,   221.94,   474.59
600.69,   223.01,   599.58
600.73,   224.08,   724.58
602.85,   346.92,   473.52
602.89,   347.99,   598.51
602.93,   349.06,   723.51
605.04,   471.89,   472.45
605.08,   472.96,   597.45
605.12,   474.03,   722.44
725.64,   219.75,   474.57
725.67,   220.82,   599.56
725.71,   221.89,   724.56
727.83,   344.72,   473.50
727.87,   345.79,   598.50
727.91,   346.86,   723.49
730.02,   469.70,   472.43
730.06,   470.77,   597.43
730.10,   471.84,   722.42
476.73,   226.35,   599.71
479.23,   228.16,   724.67
481.73,   229.98,   849.63
474.19,   351.31,   597.94
476.69,   353.13,   722.91
479.19,   354.94,   847.87
471.64,   476.27,   596.18
474.14,   478.09,   721.14
476.64,   479.90,   846.10
601.68,   228.86,   597.17
604.18,   230.67,   722.13
606.68,   232.49,   847.10
599.14,   353.82,   595.41
601.63,   355.63,   720.37
604.13,   357.45,   845.33
596.59,   478.78,   593.64
599.09,   480.60,   718.61
601.59,   482.41,   843.57
726.63,   231.37,   594.64
729.13,   233.18,   719.60
731.63,   235.00,   844.56
724.08,   356.33,   592.87
726.58,   358.14,   717.83
729.08,   359.96,   842.80
721.54,   481.29,   591.11
724.04,   483.11,   716.07
726.54,   484.92,   841.03
474.37,   348.40,   99.90
473.03,   345.76,   224.86
471.70,   343.12,   349.83
474.37,   473.37,   102.54
473.03,   470.73,   227.50
471.70,   468.09,   352.47
474.36,   598.34,   105.18
473.03,   595.70,   230.14
471.69,   593.06,   355.11
599.36,   348.37,   101.23
598.03,   345.73,   226.20
596.69,   343.09,   351.16
599.36,   473.34,   103.88
598.02,   470.71,   228.84
596.69,   468.07,   353.80
599.36,   598.32,   106.52
598.02,   595.68,   231.48
596.69,   593.04,   356.45
724.35,   348.35,   102.57
723.02,   345.71,   227.54
721.68,   343.07,   352.50
724.35,   473.32,   105.21
723.02,   470.68,   230.18
721.68,   468.04,   355.14
724.35,   598.29,   107.85
723.01,   595.65,   232.82
721.68,   593.01,   357.78
473.77,   351.16,   223.73
471.35,   348.99,   348.68
468.94,   346.81,   473.64
473.45,   476.14,   225.89
471.03,   473.97,   350.85
468.62,   471.79,   475.81
473.13,   601.12,   228.06
470.71,   598.95,   353.02
468.30,   596.78,   477.98
598.75,   351.44,   226.15
596.33,   349.27,   351.10
593.92,   347.09,   476.06
598.42,   476.42,   228.31
596.01,   474.25,   353.27
593.60,   472.07,   478.23
598.10,   601.40,   230.48
595.69,   599.23,   355.44
593.27,   597.05,   480.40
723.72,   351.72,   228.57
721.31,   349.54,   353.52
718.89,   347.37,   478.48
723.40,   476.70,   230.73
720.99,   474.52,   355.69
718.57,   472.35,   480.65
723.08,   601.68,   232.90
720.67,   599.51,   357.86
718.25,   597.33,   482.82
474.43,   348.85,   351.97
474.82,   348.09,   476.97
475.21,   347.34,   601.96
474.98,   473.85,   352.73
475.37,   473.09,   477.72
475.76,   472.33,   602.72
475.54,   598.84,   353.48
475.92,   598.09,   478.48
476.31,   597.33,   603.48
599.43,   348.30,   351.58
599.82,   347.54,   476.58
600.21,   346.79,   601.57
599.98,   473.30,   352.33
600.37,   472.54,   477.33
600.76,   471.78,   602.33
600.53,   598.29,   353.09
600.92,   597.54,   478.09
601.31,   596.78,   603.08
724.43,   347.75,   351.19
724.82,   347.00,   476.18
725.21,   346.24,   601.18
724.98,   472.75,   351.94
725.37,   471.99,   476.94
725.76,   471.24,   601.94
725.53,   597.75,   352.70
725.92,   596.99,   477.69
726.31,   596.23,   602.69
475.02,   349.36,   474.55
478.00,   348.10,   599.51
480.98,   346.84,   724.47
477.08,   474.34,   475.76
480.06,   473.08,   600.72
483.03,   471.82,   725.68
479.14,   599.32,   476.98
482.11,   598.05,   601.94
485.09,   596.79,   726.89
599.97,   347.33,   471.55
602.95,   346.07,   596.51
605.93,   344.81,   721.47
602.03,   472.31,   472.77
605.00,   471.05,   597.72
607.98,   469.79,   722.68
604.08,   597.29,   473.98
607.06,   596.03,   598.94
610.04,   594.77,   723.90
724.92,   345.31,   468.56
727.90,   344.05,   593.51
730.87,   342.78,   718.47
726.98,   470.28,   469.77
729.95,   469.02,   594.73
732.93,   467.76,   719.69
729.03,   595.26,   470.98
732.01,   594.00,   595.94
734.99,   592.74,   720.90
473.94,   348.16,   601.26
474.75,   348.94,   726.26
475.56,   349.72,   851.25
472.12,   473.15,   600.50
472.92,   473.93,   725.49
473.73,   474.70,   850.48
470.29,   598.13,   599.73
471.10,   598.91,   724.72
471.91,   599.69,   849.72
598.93,   349.98,   600.44
599.74,   350.76,   725.44
600.54,   351.54,   850.43
597.10,   474.97,   599.68
597.91,   475.75,   724.67
598.72,   476.52,   849.66
595.27,   599.95,   598.91
596.08,   600.73,   723.90
596.89,   601.51,   848.90
723.91,   351.81,   599.62
724.72,   352.58,   724.62
725.53,   353.36,   849.61
722.08,   476.79,   598.86
722.89,   477.57,   723.85
723.70,   478.35,   848.84
720.26,   601.77,   598.09
721.07,   602.55,   723.08
721.88,   603.33,   848.08
474.84,   473.12,   99.59
471.39,   474.08,   224.54
467.94,   475.04,   349.49
471.20,   598.07,   98.53
467.75,   599.02,   223.48
464.30,   599.98,   348.43
467.56,   723.01,   97.48
464.11,   723.96,   222.43
460.66,   724.92,   347.38
599.74,   476.79,   103.01
596.29,   477.75,   227.96
592.84,   478.70,   352.91
596.10,   601.73,   101.96
592.65,   602.69,   226.91
589.20,   603.65,   351.85
592.46,   726.67,   100.90
589.01,   727.63,   225.85
585.56,   728.59,   350.80
724.64,   480.46,   106.43
721.19,   481.41,   231.38
717.74,   482.37,   356.33
721.00,   605.40,   105.38
717.55,   606.36,   230.33
714.10,   607.31,   355.28
717.36,   730.34,   104.32
713.91,   731.30,   229.27
710.46,   732.25,   354.22
475.54,   473.77,   224.11
472.46,   472.02,   349.06
469.38,   470.27,   474.01
473.83,   598.75,   225.82
470.75,   597.00,   350.77
467.67,   595.25,   475.72
472.13,   723.72,   227.53
469.05,   721.97,   352.48
465.97,   720.23,   477.43
600.49,   475.43,   227.22
597.41,   473.68,   352.17
594.33,   471.93,   477.12
598.78,   600.41,   228.92
595.70,   598.66,   353.87
592.63,   596.91,   478.82
597.08,   725.39,   230.63
594.00,   723.64,   355.58
590.92,   721.89,   480.53
725.44,   477.09,   230.32
722.36,   475.35,   355.27
719.28,   473.60,   480.22
723.74,   602.07,   232.03
720.66,   600.32,   356.98
717.58,   598.57,   481.93
722.03,   727.05,   233.73
718.95,   725.30,   358.68
715.87,   723.55,   483.63
474.88,   474.88,   350.52
477.71,   476.97,   475.47
480.54,   479.06,   600.42
477.80,   599.83,   348.36
480.63,   601.92,   473.31
483.46,   604.01,   598.26
480.72,   724.77,   346.20
483.55,   726.87,   471.15
486.38,   728.96,   596.10
599.82,   471.91,   347.74
602.65,   474.01,   472.69
605.48,   476.10,   597.64
602.73,   596.86,   345.58
605.57,   598.95,   470.53
608.40,   601.05,   595.48
605.65,   721.81,   343.42
608.48,   723.90,   468.37
611.31,   725.99,   593.32
724.75,   468.95,   344.96
727.58,   471.04,   469.91
730.41,   473.13,   594.86
727.67,   593.89,   342.80
730.50,   595.99,   467.75
733.33,   598.08,   592.70
730.59,   718.84,   340.64
733.42,   720.93,   465.59
736.25,   723.03,   590.54
474.54,   474.16,   473.24
473.56,   474.47,   598.24
472.58,   474.78,   723.23
470.93,   599.11,   472.90
469.95,   599.42,   597.89
468.97,   599.73,   722.89
467.32,   724.05,   472.56
466.34,   724.37,   597.55
465.36,   724.68,   722.55
599.48,   477.77,   474.21
598.50,   478.08,   599.21
597.52,   478.40,   724.20
595.87,   602.72,   473.87
594.89,   603.03,   598.87
593.92,   603.34,   723.86
592.27,   727.66,   473.53
591.29,   727.98,   598.52
590.31,   728.29,   723.52
724.43,   481.38,   475.18
723.45,   481.69,   600.18
722.47,   482.01,   725.17
720.82,   606.33,   474.84
719.84,   606.64,   599.84
718.86,   606.95,   724.83
717.21,   731.28,   474.50
716.23,   731.59,   599.49
715.25,   731.90,   724.49
475.97,   474.03,   601.38
477.12,   472.99,   726.37
478.28,   471.94,   851.36
472.95,   598.99,   602.45
474.10,   597.95,   727.44
475.26,   596.90,   852.43
469.93,   723.95,   603.52
471.08,   722.90,   728.51
472.24,   721.86,   853.50
600.92,   477.06,   600.25
602.08,   476.02,   725.24
603.24,   474.97,   850.23
597.90,   602.02,   601.32
599.06,   600.97,   726.31
600.22,   599.93,   851.30
594.88,   726.98,   602.39
596.04,   725.93,   727.38
597.20,   724.89,   852.37
725.88,   480.09,   599.12
727.04,   479.05,   724.11
728.19,   478.00,   849.10
722.86,   605.05,   600.19
724.02,   604.00,   725.18
725.17,   602.96,   850.17
719.84,   730.01,   601.26
721.00,   728.96,   726.25
722.15,   727.92,   851.24
475.92,   600.82,   100.99
479.39,   601.73,   225.94
482.87,   602.64,   350.89
473.50,   725.79,   100.15
476.98,   726.70,   225.09
480.45,   727.62,   350.04
471.08,   850.76,   99.30
474.56,   851.68,   224.25
478.04,   852.59,   349.20
600.85,   603.21,   97.50
604.32,   604.12,   222.45
607.80,   605.04,   347.39
598.43,   728.18,   96.65
601.90,   729.10,   221.60
605.38,   730.01,   346.55
596.01,   853.16,   95.81
599.49,   854.07,   220.75
602.96,   854.98,   345.70
725.77,   605.60,   94.00
729.25,   606.52,   218.95
732.73,   607.43,   343.90
723.36,   730.58,   93.16
726.83,   731.49,   218.11
730.31,   732.40,   343.05
720.94,   855.55,   92.31
724.42,   856.46,   217.26
727.89,   857.38,   342.21
474.20,   601.74,   226.14
475.82,   601.29,   351.13
477.43,   600.83,   476.12
474.50,   726.74,   226.59
476.11,   726.29,   351.58
477.72,   725.83,   476.57
474.79,   851.74,   227.04
476.41,   851.28,   352.03
478.02,   850.83,   477.02
599.19,   601.45,   224.53
600.81,   601.00,   349.51
602.42,   600.54,   474.50
599.49,   726.45,   224.97
601.10,   726.00,   349.96
602.71,   725.54,   474.95
599.78,   851.45,   225.42
601.39,   851.00,   350.41
603.01,   850.54,   475.40
724.18,   601.16,   222.91
725.79,   600.71,   347.90
727.41,   600.26,   472.89
724.48,   726.16,   223.36
726.09,   725.71,   348.35
727.70,   725.25,   473.34
724.77,   851.16,   223.81
726.38,   850.71,   348.80
728.00,   850.25,   473.79
473.11,   601.57,   348.77
473.77,   599.92,   473.75
474.43,   598.27,   598.74
476.18,   726.52,   350.40
476.83,   724.87,   475.39
477.49,   723.22,   600.37
479.24,   851.47,   352.03
479.89,   849.82,   477.02
480.55,   848.17,   602.01
598.08,   598.52,   348.07
598.73,   596.87,   473.06
599.39,   595.22,   598.04
601.14,   723.47,   349.70
601.79,   721.82,   474.69
602.45,   720.17,   599.68
604.20,   848.42,   351.34
604.86,   846.77,   476.32
605.51,   845.12,   601.31
723.04,   595.46,   347.37
723.69,   593.81,   472.36
724.35,   592.16,   597.35
726.10,   720.41,   349.01
726.75,   718.77,   473.99
727.41,   717.12,   598.98
729.16,   845.37,   350.64
729.82,   843.72,   475.63
730.47,   842.07,   600.61
475.30,   599.58,   473.97
473.69,   596.65,   598.93
472.07,   593.71,   723.88
478.14,   724.52,   476.95
476.52,   721.58,   601.90
474.91,   718.64,   726.86
480.98,   849.45,   479.92
479.36,   846.51,   604.87
477.74,   843.57,   729.83
600.26,   596.71,   475.52
598.64,   593.77,   600.48
597.02,   590.83,   725.43
603.10,   721.64,   478.50
601.48,   718.70,   603.45
599.86,   715.76,   728.40
605.94,   846.57,   481.47
604.32,   843.63,   606.42
602.70,   840.70,   731.38
725.22,   593.83,   477.07
723.60,   590.90,   602.03
721.98,   587.96,   726.98
728.05,   718.77,   480.04
726.44,   715.83,   605.00
724.82,   712.89,   729.95
730.89,   843.70,   483.02
729.27,   840.76,   607.97
727.66,   837.82,   732.93
473.54,   601.89,   599.23
471.88,   603.00,   724.22
470.23,   604.11,   849.20
472.21,   726.88,   598.11
470.56,   727.99,   723.09
468.90,   729.10,   848.08
470.89,   851.87,   596.98
469.23,   852.98,   721.96
467.57,   854.09,   846.95
598.52,   603.23,   600.88
596.86,   604.34,   725.86
595.21,   605.45,   850.85
597.19,   728.22,   599.75
595.54,   729.33,   724.74
593.88,   730.44,   849.72
595.87,   853.21,   598.62
594.21,   854.32,   723.61
592.56,   855.43,   848.59
723.50,   604.57,   602.52
721.85,   605.68,   727.51
720.19,   606.79,   852.49
722.18,   729.56,   601.39
720.52,   730.67,   726.38
718.86,   731.78,   851.36
720.85,   854.55,   600.27
719.19,   855.66,   725.25
717.54,   856.77,   850.24
598.27,   100.27,   99.69
598.06,   101.07,   224.68
597.85,   101.87,   349.68
597.25,   225.27,   98.89
597.04,   226.06,   223.88
596.83,   226.86,   348.88
596.23,   350.26,   98.09
596.02,   351.06,   223.08
595.81,   351.86,   348.08
723.26,   101.29,   99.89
723.05,   102.09,   224.89
722.85,   102.89,   349.88
722.24,   226.29,   99.09
722.03,   227.09,   224.09
721.83,   227.88,   349.08
721.22,   351.28,   98.29
721.02,   352.08,   223.28
720.81,   352.88,   348.28
848.26,   102.32,   100.09
848.05,   103.11,   225.09
847.84,   103.91,   350.08
847.24,   227.31,   99.29
847.03,   228.11,   224.29
846.82,   228.91,   349.28
846.22,   352.30,   98.49
846.01,   353.10,   223.49
845.80,   353.90,   348.48
599.49,   99.13,   225.15
600.24,   96.70,   350.12
600.99,   94.28,   475.10
601.78,   224.08,   227.56
602.53,   221.66,   352.54
603.28,   219.23,   477.51
604.07,   349.04,   229.97
604.82,   346.62,   354.95
605.57,   344.19,   479.92
724.47,   96.85,   224.36
725.22,   94.43,   349.33
725.97,   92.00,   474.30
726.76,   221.81,   226.77
727.51,   219.38,   351.74
728.26,   216.96,   476.71
729.05,   346.77,   229.18
729.80,   344.34,   354.15
730.55,   341.92,   479.12
849.45,   94.58,   223.56
850.20,   92.15,   348.53
850.95,   89.73,   473.51
851.73,   219.54,   225.97
852.49,   217.11,   350.94
853.24,   214.69,   475.92
854.02,   344.49,   228.38
854.77,   342.07,   353.36
855.53,   339.64,   478.33
599.47,   100.59,   350.51
601.25,   98.86,   475.49
603.03,   97.13,   600.46
600.19,   225.58,   352.23
601.97,   223.85,   477.20
603.75,   222.12,   602.18
600.91,   350.56,   353.95
602.69,   348.83,   478.92
604.47,   347.10,   603.90
724.45,   99.89,   348.72
726.23,   98.17,   473.70
728.01,   96.44,   598.67
725.17,   224.88,   350.44
726.96,   223.15,   475.41
728.74,   221.42,   600.39
725.90,   349.87,   352.16
727.68,   348.14,   477.13
729.46,   346.41,   602.11
849.44,   99.20,   346.93
851.22,   97.47,   471.91
853.00,   95.74,   596.88
850.16,   224.18,   348.65
851.94,   222.46,   473.63
853.72,   220.73,   598.60
850.88,   349.17,   350.37
852.66,   347.44,   475.34
854.44,   345.71,   600.32
601.65,   101.51,   476.27
599.20,   98.23,   601.21
596.76,   94.94,   726.14
603.44,   226.45,   479.59
600.99,   223.17,   604.53
598.55,   219.89,   729.46
605.23,   351.40,   482.91
602.78,   348.11,   607.84
600.34,   344.83,   732.78
726.62,   99.66,   478.67
724.17,   96.37,   603.61
721.72,   93.09,   728.54
728.41,   224.60,   481.99
725.96,   221.32,   606.92
723.51,   218.03,   731.86
730.20,   349.54,   485.31
727.75,   346.26,   610.24
725.30,   342.98,   735.18
851.58,   97.80,   481.07
849.13,   94.52,   606.01
846.68,   91.24,   730.94
853.37,   222.75,   484.39
850.92,   219.46,   609.32
848.47,   216.18,   734.26
855.16,   347.69,   487.71
852.71,   344.41,   612.64
850.26,   341.12,   737.58
601.09,   100.18,   598.42
599.33,   96.66,   723.36
597.56,   93.14,   848.30
598.28,   225.10,   601.90
596.51,   221.58,   726.84
594.74,   218.06,   851.78
595.46,   350.02,   605.38
593.69,   346.50,   730.32
591.93,   342.98,   855.26
726.05,   102.95,   600.27
724.28,   99.43,   725.21
722.52,   95.91,   850.14
723.23,   227.87,   603.75
721.47,   224.34,   728.68
719.70,   220.82,   853.62
720.42,   352.78,   607.23
718.65,   349.26,   732.16
716.88,   345.74,   857.10
851.00,   105.71,   602.11
849.24,   102.19,   727.05
847.47,   98.67,   851.99
848.19,   230.63,   605.59
846.42,   227.11,   730.53
844.66,   223.59,   855.47
845.37,   355.55,   609.07
843.61,   352.03,   734.01
841.84,   348.51,   858.95
601.07,   226.00,   101.97
598.82,   228.37,   226.93
596.56,   230.75,   351.88
598.77,   350.96,   99.55
596.52,   353.33,   224.51
594.27,   355.70,   349.47
596.47,   475.91,   97.14
594.22,   478.29,   222.09
591.97,   480.66,   347.05
726.03,   228.34,   104.18
723.77,   230.71,   229.13
721.52,   233.09,   354.09
723.73,   353.30,   101.76
721.48,   355.67,   226.72
719.23,   358.04,   351.67
721.43,   478.25,   99.34
719.18,   480.63,   224.30
716.93,   483.00,   349.26
850.99,   230.68,   106.38
848.73,   233.05,   231.34
846.48,   235.43,   356.30
848.69,   355.64,   103.97
846.44,   358.01,   228.93
844.18,   360.38,   353.88
846.39,   480.59,   101.55
844.14,   482.97,   226.51
841.89,   485.34,   351.47
598.10,   226.02,   224.34
599.56,   228.50,   349.30
601.02,   230.99,   474.27
594.95,   350.95,   221.89
596.41,   353.44,   346.86
597.87,   355.92,   471.82
591.80,   475.89,   219.44
593.26,   478.38,   344.41
594.72,   480.86,   469.38
723.05,   229.14,   222.82
724.51,   231.62,   347.78
725.97,   234.11,   472.75
719.90,   354.08,   220.37
721.37,   356.56,   345.34
722.83,   359.04,   470.30
716.76,   479.01,   217.92
718.22,   481.50,   342.89
719.68,   483.98,   467.85
848.01,   232.26,   221.29
849.47,   234.74,   346.26
850.93,   237.23,   471.23
844.86,   357.20,   218.85
846.32,   359.68,   343.81
847.78,   362.17,   468.78
841.71,   482.13,   216.40
843.17,   484.62,   341.37
844.63,   487.10,   466.33
601.23,   225.95,   350.87
602.48,   228.34,   475.84
603.73,   230.73,   600.81
598.89,   350.90,   348.50
600.14,   353.29,   473.48
601.40,   355.68,   598.45
596.56,   475.86,   346.14
597.81,   478.25,   471.11
599.06,   480.64,   596.08
726.20,   228.26,   349.57
727.45,   230.65,   474.55
728.70,   233.04,   599.52
723.87,   353.22,   347.21
725.12,   355.60,   472.18
726.37,   357.99,   597.15
721.53,   478.17,   344.84
722.78,   480.56,   469.81
724.03,   482.95,   594.79
851.17,   230.57,   348.28
852.42,   232.96,   473.25
853.68,   235.35,   598.22
848.84,   355.53,   345.91
850.09,   357.92,   470.88
851.34,   360.30,   595.86
846.50,   480.48,   343.55
847.75,   482.87,   468.52
849.00,   485.26,   593.49
599.50,   226.03,   476.44
599.83,   228.39,   601.42
600.16,   230.75,   726.39
601.26,   351.00,   474.08
601.59,   353.36,   599.05
601.92,   355.72,   724.03
603.02,   475.96,   471.71
603.35,   478.32,   596.69
603.68,   480.68,   721.67
724.49,   224.27,   476.15
724.82,   226.62,   601.12
725.15,   228.98,   726.10
726.25,   349.23,   473.78
726.58,   351.59,   598.76
726.90,   353.95,   723.74
728.01,   474.20,   471.42
728.34,   476.56,   596.39
728.66,   478.91,   721.37
849.48,   222.50,   475.85
849.81,   224.86,   600.83
850.13,   227.22,   725.81
851.24,   347.46,   473.49
851.56,   349.82,   598.46
851.89,   352.18,   723.44
853.00,   472.43,   471.12
853.32,   474.79,   596.10
853.65,   477.15,   721.08
598.35,   226.06,   598.16
598.69,   226.84,   723.16
599.03,   227.62,   848.16
601.37,   351.02,   597.37
601.71,   351.80,   722.37
602.05,   352.59,   847.36
604.39,   475.98,   596.58
604.73,   476.76,   721.58
605.07,   477.55,   846.57
723.31,   223.04,   597.84
723.65,   223.82,   722.84
723.99,   224.60,   847.84
726.33,   348.00,   597.05
726.67,   348.78,   722.05
727.01,   349.56,   847.04
729.35,   472.96,   596.26
729.69,   473.74,   721.26
730.03,   474.52,   846.25
848.28,   220.01,   597.52
848.61,   220.80,   722.52
848.95,   221.58,   847.52
851.30,   344.97,   596.73
851.63,   345.76,   721.73
851.97,   346.54,   846.72
854.31,   469.94,   595.94
854.65,   470.72,   720.94
854.99,   471.50,   845.93
598.49,   350.28,   98.84
601.47,   348.58,   223.79
604.45,   346.87,   348.74
598.15,   475.27,   100.55
601.13,   473.56,   225.51
604.11,   471.86,   350.46
597.81,   600.26,   102.27
600.79,   598.55,   227.22
603.77,   596.84,   352.18
723.45,   350.67,   95.86
726.44,   348.96,   220.81
729.42,   347.25,   345.77
723.11,   475.65,   97.58
726.10,   473.95,   222.53
729.08,   472.24,   347.48
722.77,   600.64,   99.29
725.75,   598.93,   224.25
728.74,   597.22,   349.20
848.42,   351.05,   92.88
851.40,   349.34,   217.84
854.38,   347.63,   342.79
848.08,   476.03,   94.60
851.06,   474.33,   219.55
854.04,   472.62,   344.51
847.74,   601.02,   96.32
850.72,   599.31,   221.27
853.70,   597.61,   346.22
599.61,   351.52,   223.49
598.66,   351.61,   348.48
597.71,   351.70,   473.48
600.92,   476.52,   223.41
599.97,   476.60,   348.40
599.02,   476.69,   473.40
602.23,   601.51,   223.33
601.28,   601.60,   348.32
600.33,   601.69,   473.32
724.60,   350.21,   224.44
723.65,   350.30,   349.44
722.70,   350.39,   474.43
725.91,   475.21,   224.36
724.96,   475.30,   349.36
724.01,   475.38,   474.35
727.22,   600.20,   224.28
726.27,   600.29,   349.28
725.32,   600.38,   474.27
849.59,   348.91,   225.39
848.64,   348.99,   350.39
847.69,   349.08,   475.38
850.90,   473.90,   225.31
849.95,   473.99,   350.31
849.00,   474.08,   475.31
852.21,   598.89,   225.23
851.26,   598.98,   350.23
850.31,   599.07,   475.23
601.50,   350.95,   350.90
604.95,   347.84,   475.81
608.40,   344.73,   600.72
604.38,   475.88,   353.93
607.83,   472.77,   478.84
611.28,   469.66,   603.76
607.26,   600.81,   356.96
610.71,   597.70,   481.87
614.16,   594.59,   606.79
726.42,   348.16,   347.38
729.87,   345.04,   472.29
733.32,   341.93,   597.20
729.30,   473.09,   350.41
732.75,   469.98,   475.32
736.20,   466.86,   600.24
732.18,   598.02,   353.44
735.63,   594.91,   478.35
739.08,   591.79,   603.27
851.33,   345.36,   343.86
854.79,   342.25,   468.77
858.24,   339.14,   593.68
854.22,   470.29,   346.89
857.67,   467.18,   471.80
861.12,   464.07,   596.72
857.10,   595.22,   349.92
860.55,   592.11,   474.83
864.00,   589.00,   599.75
599.95,   351.36,   473.93
603.30,   350.96,   598.89
606.66,   350.55,   723.84
599.06,   476.36,   474.37
602.42,   475.95,   599.32
605.77,   475.54,   724.27
598.17,   601.36,   474.80
601.53,   600.95,   599.75
604.88,   600.54,   724.71
724.90,   352.26,   470.58
728.25,   351.85,   595.54
731.61,   351.45,   720.49
724.01,   477.26,   471.01
727.37,   476.85,   595.97
730.72,   476.44,   720.92
723.13,   602.25,   471.45
726.48,   601.85,   596.40
729.84,   601.44,   721.35
849.85,   353.16,   467.23
853.21,   352.75,   592.18
856.56,   352.34,   717.14
848.96,   478.16,   467.66
852.32,   477.75,   592.62
855.67,   477.34,   717.57
848.08,   603.15,   468.09
851.43,   602.74,   593.05
854.79,   602.34,   718.00
599.29,   349.60,   598.05
600.24,   349.12,   723.05
601.19,   348.63,   848.04
600.56,   474.59,   598.53
601.51,   474.11,   723.52
602.46,   473.63,   848.52
601.83,   599.59,   599.00
602.78,   599.10,   723.99
603.73,   598.62,   848.99
724.28,   348.33,   597.10
725.23,   347.85,   722.09
726.18,   347.37,   847.09
725.55,   473.33,   597.57
726.50,   472.84,   722.57
727.45,   472.36,   847.56
726.82,   598.32,   598.04
727.77,   597.84,   723.04
728.72,   597.35,   848.03
849.27,   347.07,   596.14
850.22,   346.58,   721.14
851.17,   346.10,   846.13
850.54,   472.06,   596.61
851.49,   471.58,   721.61
852.44,   471.09,   846.60
851.81,   597.05,   597.09
852.76,   596.57,   722.08
853.71,   596.09,   847.08
598.27,   475.55,   101.70
601.50,   477.32,   226.64
604.74,   479.09,   351.59
595.42,   600.51,   100.00
598.66,   602.28,   224.95
601.89,   604.05,   349.90
592.58,   725.47,   98.31
595.82,   727.23,   223.26
599.05,   729.00,   348.20
723.19,   478.35,   98.42
726.43,   480.12,   223.37
729.66,   481.89,   348.32
720.35,   603.31,   96.73
723.59,   605.08,   221.68
726.82,   606.85,   346.62
717.51,   728.27,   95.03
720.74,   730.03,   219.98
723.98,   731.80,   344.93
848.12,   481.15,   95.15
851.35,   482.92,   220.09
854.59,   484.69,   345.04
845.28,   606.11,   93.45
848.51,   607.88,   218.40
851.75,   609.64,   343.35
842.43,   731.06,   91.76
845.67,   732.83,   216.71
848.90,   734.60,   341.65
598.70,   475.85,   223.12
595.92,   478.92,   348.05
593.14,   481.99,   472.98
602.08,   600.77,   220.12
599.30,   603.84,   345.05
596.53,   606.91,   469.99
605.46,   725.69,   217.13
602.68,   728.76,   342.06
599.91,   731.83,   466.99
723.62,   472.54,   225.98
720.85,   475.61,   350.91
718.07,   478.68,   475.84
727.00,   597.46,   222.98
724.23,   600.53,   347.91
721.45,   603.60,   472.84
730.38,   722.38,   219.99
727.61,   725.45,   344.92
724.83,   728.52,   469.85
848.55,   469.23,   228.84
845.77,   472.30,   353.77
842.99,   475.37,   478.70
851.93,   594.15,   225.84
849.15,   597.22,   350.77
846.37,   600.29,   475.70
855.31,   719.06,   222.84
852.53,   722.14,   347.78
849.75,   725.21,   472.71
600.23,   475.47,   350.23
601.74,   474.63,   475.22
603.25,   473.79,   600.20
598.11,   600.45,   351.09
599.63,   599.61,   476.08
601.14,   598.77,   601.07
596.00,   725.43,   351.96
597.52,   724.59,   476.95
599.03,   723.75,   601.94
725.20,   477.59,   348.73
726.71,   476.75,   473.72
728.22,   475.91,   598.71
723.09,   602.57,   349.60
724.60,   601.73,   474.59
726.11,   600.89,   599.57
720.98,   727.55,   350.46
722.49,   726.71,   475.45
724.00,   725.87,   600.44
850.17,   479.72,   347.23
851.68,   478.87,   472.22
853.20,   478.03,   597.21
848.06,   604.69,   348.10
849.57,   603.85,   473.09
851.09,   603.01,   598.08
845.95,   729.67,   348.97
847.46,   728.83,   473.95
848.97,   727.99,   598.94
600.19,   473.36,   476.69
600.03,   477.07,   601.64
599.88,   480.78,   726.58
601.13,   598.30,   472.99
600.97,   602.01,   597.93
600.82,   605.72,   722.88
602.07,   723.25,   469.28
601.91,   726.95,   594.22
601.76,   730.66,   719.17
725.18,   472.43,   476.88
725.03,   476.13,   601.82
724.87,   479.84,   726.77
726.12,   597.37,   473.17
725.97,   601.08,   598.11
725.81,   604.78,   723.06
727.06,   722.31,   469.46
726.91,   726.02,   594.41
726.76,   729.73,   719.35
850.18,   471.49,   477.06
850.02,   475.20,   602.00
849.87,   478.91,   726.95
851.12,   596.43,   473.35
850.97,   600.14,   598.30
850.81,   603.85,   723.24
852.06,   721.37,   469.64
851.91,   725.08,   594.59
851.75,   728.79,   719.53
600.10,   475.87,   601.16
602.20,   474.88,   726.14
604.31,   473.89,   851.12
598.01,   600.85,   602.19
600.11,   599.86,   727.16
602.22,   598.87,   852.14
595.92,   725.83,   603.21
598.02,   724.84,   728.19
600.13,   723.85,   853.17
725.06,   477.98,   599.07
727.17,   476.99,   724.05
729.28,   476.00,   849.03
722.97,   602.96,   600.10
725.08,   601.97,   725.07
727.19,   600.98,   850.05
720.88,   727.94,   601.12
722.99,   726.95,   726.10
725.10,   725.96,   851.08
850.03,   480.09,   596.98
852.13,   479.10,   721.96
854.24,   478.11,   846.94
847.94,   605.07,   598.01
850.04,   604.08,   722.98
852.15,   603.08,   847.96
845.85,   730.04,   599.03
847.95,   729.05,   724.01
850.06,   728.06,   848.99
599.66,   600.07,   101.77
598.67,   602.19,   226.75
597.68,   604.31,   351.72
601.81,   725.03,   99.66
600.82,   727.15,   224.64
599.83,   729.28,   349.62
603.96,   849.99,   97.56
602.97,   852.12,   222.53
601.98,   854.24,   347.51
724.64,   597.93,   102.80
723.65,   600.06,   227.77
722.66,   602.18,   352.75
726.79,   722.90,   100.69
725.80,   725.02,   225.67
724.81,   727.14,   350.65
728.94,   847.86,   98.58
727.95,   849.99,   223.56
726.96,   852.11,   348.54
849.62,   595.80,   103.82
848.63,   597.93,   228.80
847.64,   600.05,   353.78
851.77,   720.77,   101.72
850.78,   722.89,   226.69
849.79,   725.01,   351.67
853.92,   845.73,   99.61
852.92,   847.85,   224.59
851.93,   849.98,   349.57
599.92,   601.79,   225.91
600.88,   602.35,   350.91
601.85,   602.91,   475.90
600.21,   726.79,   225.35
601.18,   727.35,   350.35
602.14,   727.91,   475.34
600.51,   851.79,   224.79
601.48,   852.34,   349.78
602.44,   852.90,   474.78
724.91,   601.49,   224.95
725.88,   602.05,   349.94
726.84,   602.61,   474.94
725.21,   726.49,   224.39
726.17,   727.05,   349.38
727.14,   727.61,   474.38
725.51,   851.49,   223.83
726.47,   852.04,   348.82
727.44,   852.60,   473.82
849.91,   601.19,   223.99
850.87,   601.75,   348.98
851.84,   602.31,   473.98
850.21,   726.19,   223.42
851.17,   726.75,   348.42
852.14,   727.31,   473.41
850.50,   851.18,   222.86
851.47,   851.74,   347.86
852.43,   852.30,   472.85
598.01,   599.73,   351.73
594.61,   599.79,   476.69
591.21,   599.84,   601.64
595.34,   724.70,   351.60
591.94,   724.76,   476.56
588.54,   724.82,   601.51
592.67,   849.67,   351.47
589.27,   849.73,   476.43
585.87,   849.79,   601.38
722.93,   602.40,   355.13
719.54,   602.46,   480.08
716.14,   602.52,   605.04
720.27,   727.37,   355.00
716.87,   727.43,   479.95
713.47,   727.49,   604.91
717.60,   852.34,   354.87
714.20,   852.40,   479.82
710.80,   852.46,   604.78
847.86,   605.07,   358.53
844.46,   605.13,   483.48
841.06,   605.19,   608.43
845.19,   730.04,   358.40
841.79,   730.10,   483.35
838.39,   730.16,   608.30
842.52,   855.02,   358.27
839.12,   855.07,   483.22
835.73,   855.13,   608.17
600.76,   600.24,   473.16
599.90,   603.17,   598.12
599.04,   606.10,   723.08
598.36,   725.18,   470.21
597.50,   728.11,   595.17
596.64,   731.04,   720.14
595.96,   850.12,   467.26
595.10,   853.05,   592.23
594.24,   855.99,   717.19
725.73,   602.66,   473.96
724.88,   605.59,   598.92
724.02,   608.52,   723.89
723.33,   727.60,   471.01
722.47,   730.53,   595.98
721.61,   733.47,   720.94
720.93,   852.54,   468.06
720.07,   855.48,   593.03
719.21,   858.41,   717.99
850.71,   605.08,   474.76
849.85,   608.01,   599.72
848.99,   610.94,   724.69
848.31,   730.02,   471.81
847.45,   732.95,   596.78
846.59,   735.89,   721.74
845.91,   854.97,   468.87
845.05,   857.90,   593.83
844.19,   860.83,   718.79
600.93,   599.72,   601.11
603.11,   598.14,   726.08
605.29,   596.56,   851.05
602.16,   724.71,   602.67
604.34,   723.12,   727.64
606.52,   721.54,   852.61
603.39,   849.69,   604.23
605.57,   848.11,   729.20
607.75,   846.53,   854.17
725.90,   598.52,   598.91
728.08,   596.94,   723.88
730.26,   595.35,   848.85
727.13,   723.50,   600.47
729.31,   721.92,   725.44
731.50,   720.34,   850.41
728.37,   848.49,   602.03
730.55,   846.90,   727.00
732.73,   845.32,   851.97
850.88,   597.31,   596.72
853.06,   595.73,   721.69
855.24,   594.15,   846.66
852.11,   722.30,   598.28
854.29,   720.72,   723.25
856.47,   719.13,   848.22
853.34,   847.28,   599.84
855.52,   845.70,   724.81
857.70,   844.12,   849.78
