27, 125, pa2-unknown-g-output-1.txt
212.70,   213.89,   205.77
388.64,   390.90,   205.67
98.43,   100.55,   99.35
98.05,   100.19,   224.35
97.67,   99.83,   349.35
94.98,   225.50,   99.70
94.61,   225.14,   224.70
94.23,   224.78,   349.70
91.54,   350.45,   100.05
91.16,   350.09,   225.05
90.78,   349.73,   350.05
223.38,   104.00,   99.74
223.01,   103.64,   224.74
222.63,   103.27,   349.74
219.94,   228.95,   100.09
219.56,   228.59,   225.09
219.18,   228.23,   350.09
216.49,   353.90,   100.44
216.11,   353.54,   225.44
215.73,   353.18,   350.44
348.34,   107.44,   100.13
347.96,   107.08,   225.13
347.58,   106.72,   350.13
344.89,   232.40,   100.48
344.51,   232.03,   225.48
344.13,   231.67,   350.48
341.44,   357.35,   100.83
341.06,   356.99,   225.83
340.68,   356.62,   350.83
101.43,   101.05,   224.41
98.77,   102.05,   349.38
96.11,   103.05,   474.34
98.56,   226.01,   223.35
95.90,   227.01,   348.32
93.24,   228.01,   473.28
95.69,   350.98,   222.29
93.03,   351.97,   347.26
90.37,   352.97,   472.22
226.37,   103.94,   227.04
223.71,   104.94,   352.01
221.05,   105.94,   476.98
223.50,   228.90,   225.98
220.84,   229.90,   350.95
218.18,   230.90,   475.92
220.63,   353.87,   224.93
217.97,   354.87,   349.89
215.31,   355.86,   474.86
351.31,   106.83,   229.68
348.65,   107.83,   354.65
345.98,   108.83,   479.62
348.44,   231.80,   228.62
345.78,   232.79,   353.59
343.12,   233.79,   478.56
345.57,   356.76,   227.56
342.91,   357.76,   352.53
340.25,   358.76,   477.50
100.04,   100.61,   350.62
98.24,   102.45,   475.59
96.45,   104.29,   600.57
99.99,   225.59,   348.78
98.20,   227.43,   473.75
96.41,   229.28,   598.72
99.95,   350.58,   346.93
98.16,   352.42,   471.91
96.36,   354.26,   596.88
225.02,   100.68,   352.41
223.23,   102.52,   477.38
221.44,   104.36,   602.36
224.98,   225.66,   350.57
223.19,   227.50,   475.54
221.40,   229.35,   600.51
224.94,   350.65,   348.72
223.14,   352.49,   473.70
221.35,   354.33,   598.67
350.01,   100.75,   354.20
348.22,   102.59,   479.18
346.43,   104.43,   604.15
349.97,   225.73,   352.36
348.18,   227.57,   477.33
346.38,   229.42,   602.31
349.92,   350.72,   350.52
348.13,   352.56,   475.49
346.34,   354.40,   600.46
99.01,   99.76,   475.03
101.08,   102.38,   599.99
103.15,   105.00,   724.94
96.00,   224.70,   472.46
98.06,   227.32,   597.42
100.13,   229.93,   722.38
92.98,   349.64,   469.90
95.05,   352.25,   594.85
97.12,   354.87,   719.81
223.96,   102.74,   472.90
226.03,   105.35,   597.86
228.10,   107.97,   722.81
220.94,   227.67,   470.33
223.01,   230.29,   595.29
225.08,   232.91,   720.24
217.93,   352.61,   467.77
219.99,   355.23,   592.72
222.06,   357.84,   717.68
348.91,   105.71,   470.77
350.97,   108.33,   595.72
353.04,   110.94,   720.68
345.89,   230.65,   468.20
347.96,   233.26,   593.16
350.03,   235.88,   718.11
342.87,   355.58,   465.64
344.94,   358.20,   590.59
347.01,   360.82,   715.55
99.80,   101.56,   600.44
98.86,   104.11,   725.41
97.91,   106.66,   850.38
97.05,   226.50,   597.87
96.11,   229.05,   722.84
95.17,   231.60,   847.81
94.31,   351.44,   595.29
93.37,   353.99,   720.26
92.42,   356.55,   845.24
224.77,   104.32,   601.32
223.82,   106.87,   726.29
222.88,   109.42,   851.26
222.02,   229.26,   598.75
221.08,   231.82,   723.72
220.13,   234.37,   848.69
219.28,   354.21,   596.18
218.33,   356.76,   721.15
217.39,   359.31,   846.12
349.73,   107.08,   602.21
348.79,   109.64,   727.18
347.85,   112.19,   852.15
346.99,   232.03,   599.64
346.04,   234.58,   724.61
345.10,   237.13,   849.58
344.24,   356.97,   597.07
343.30,   359.52,   722.04
342.36,   362.07,   847.01
99.81,   226.07,   101.61
96.58,   228.28,   226.55
93.35,   230.49,   351.49
99.38,   351.05,   99.39
96.15,   353.26,   224.33
92.92,   355.47,   349.27
98.96,   476.03,   97.17
95.73,   478.24,   222.11
92.50,   480.45,   347.05
224.76,   226.55,   104.83
221.53,   228.76,   229.77
218.31,   230.97,   354.71
224.34,   351.53,   102.61
221.11,   353.74,   227.55
217.88,   355.95,   352.49
223.91,   476.51,   100.39
220.69,   478.72,   225.33
217.46,   480.93,   350.27
349.72,   227.04,   108.05
346.49,   229.24,   232.99
343.26,   231.45,   357.93
349.30,   352.01,   105.83
346.07,   354.22,   230.77
342.84,   356.43,   355.71
348.87,   476.99,   103.61
345.64,   479.20,   228.55
342.42,   481.41,   353.49
99.40,   225.52,   223.49
100.17,   222.79,   348.46
100.94,   220.07,   473.42
100.67,   350.49,   226.21
101.44,   347.76,   351.18
102.21,   345.03,   476.14
101.95,   475.45,   228.93
102.72,   472.72,   353.89
103.49,   469.99,   478.86
224.39,   224.26,   222.69
225.16,   221.54,   347.66
225.93,   218.81,   472.63
225.66,   349.23,   225.41
226.43,   346.50,   350.38
227.20,   343.77,   475.35
226.94,   474.19,   228.13
227.71,   471.46,   353.10
228.48,   468.74,   478.07
349.38,   223.00,   221.90
350.15,   220.28,   346.86
350.92,   217.55,   471.83
350.66,   347.97,   224.61
351.42,   345.24,   349.58
352.19,   342.51,   474.55
351.93,   472.93,   227.33
352.70,   470.20,   352.30
353.47,   467.48,   477.27
98.66,   224.91,   348.24
100.86,   221.28,   473.16
103.06,   217.64,   598.09
96.72,   349.84,   351.91
98.92,   346.21,   476.84
101.12,   342.57,   601.76
94.79,   474.78,   355.58
96.99,   471.14,   480.51
99.19,   467.50,   605.43
223.62,   226.91,   346.09
225.82,   223.27,   471.02
228.02,   219.64,   595.95
221.69,   351.84,   349.76
223.89,   348.20,   474.69
226.09,   344.57,   599.62
219.75,   476.77,   353.44
221.96,   473.14,   478.36
224.16,   469.50,   603.29
348.59,   228.91,   343.95
350.79,   225.27,   468.88
352.99,   221.63,   593.81
346.65,   353.84,   347.62
348.85,   350.20,   472.55
351.05,   346.56,   597.48
344.72,   478.77,   351.29
346.92,   475.13,   476.22
349.12,   471.49,   601.15
100.49,   226.50,   473.25
100.06,   229.96,   598.20
99.62,   233.41,   723.15
97.88,   351.42,   469.79
97.44,   354.88,   594.74
97.01,   358.34,   719.69
95.26,   476.35,   466.32
94.83,   479.81,   591.27
94.39,   483.26,   716.22
225.47,   229.13,   473.61
225.03,   232.58,   598.57
224.60,   236.04,   723.52
222.85,   354.05,   470.15
222.42,   357.51,   595.10
221.98,   360.97,   720.05
220.23,   478.97,   466.68
219.80,   482.43,   591.63
219.36,   485.89,   716.58
350.44,   231.75,   473.98
350.00,   235.21,   598.93
349.57,   238.67,   723.88
347.82,   356.68,   470.51
347.39,   360.14,   595.46
346.95,   363.59,   720.41
345.21,   481.60,   467.04
344.77,   485.06,   591.99
344.34,   488.52,   716.95
99.11,   225.98,   600.41
100.10,   228.12,   725.39
101.09,   230.26,   850.37
98.26,   350.95,   598.28
99.26,   353.10,   723.25
100.25,   355.24,   848.23
97.42,   475.93,   596.14
98.41,   478.08,   721.12
99.40,   480.22,   846.10
224.10,   226.80,   599.41
225.09,   228.94,   724.39
226.08,   231.08,   849.36
223.26,   351.78,   597.27
224.25,   353.92,   722.25
225.24,   356.06,   847.23
222.42,   476.76,   595.14
223.41,   478.90,   720.11
224.40,   481.04,   845.09
349.09,   227.62,   598.40
350.08,   229.77,   723.38
351.07,   231.91,   848.36
348.25,   352.60,   596.27
349.24,   354.74,   721.25
350.23,   356.89,   846.22
347.41,   477.58,   594.13
348.40,   479.72,   719.11
349.39,   481.87,   844.09
101.43,   348.45,   100.25
99.71,   348.01,   225.24
97.98,   347.57,   350.23
101.26,   473.45,   100.70
99.54,   473.01,   225.68
97.81,   472.57,   350.67
101.10,   598.45,   101.14
99.37,   598.01,   226.13
97.64,   597.56,   351.11
226.42,   348.62,   101.98
224.69,   348.17,   226.97
222.97,   347.73,   351.96
226.25,   473.62,   102.42
224.53,   473.17,   227.41
222.80,   472.73,   352.40
226.08,   598.61,   102.87
224.36,   598.17,   227.85
222.63,   597.73,   352.84
351.41,   348.78,   103.71
349.68,   348.34,   228.70
347.96,   347.89,   353.68
351.24,   473.78,   104.15
349.51,   473.33,   229.14
347.79,   472.89,   354.13
351.07,   598.78,   104.59
349.34,   598.33,   229.58
347.62,   597.89,   354.57
101.23,   349.54,   223.40
103.09,   347.16,   348.36
104.95,   344.78,   473.33
98.04,   474.47,   225.83
99.90,   472.10,   350.79
101.75,   469.72,   475.75
94.84,   599.41,   228.25
96.70,   597.03,   353.21
98.56,   594.65,   478.18
226.18,   352.77,   221.60
228.04,   350.39,   346.57
229.89,   348.01,   471.53
222.98,   477.70,   224.03
224.84,   475.33,   348.99
226.70,   472.95,   473.96
219.79,   602.64,   226.45
221.65,   600.26,   351.42
223.51,   597.88,   476.38
351.12,   356.00,   219.81
352.98,   353.62,   344.77
354.84,   351.24,   469.73
347.93,   480.93,   222.23
349.79,   478.55,   347.20
351.65,   476.18,   472.16
344.74,   605.87,   224.66
346.59,   603.49,   349.62
348.45,   601.11,   474.59
98.83,   349.37,   349.33
100.97,   350.21,   474.31
103.11,   351.06,   599.29
98.31,   474.37,   348.50
100.45,   475.21,   473.47
102.59,   476.05,   598.45
97.79,   599.36,   347.66
99.93,   600.21,   472.64
102.07,   601.05,   597.62
223.81,   349.88,   347.19
225.95,   350.72,   472.16
228.09,   351.56,   597.14
223.29,   474.87,   346.35
225.43,   475.72,   471.33
227.57,   476.56,   596.31
222.77,   599.87,   345.52
224.91,   600.71,   470.50
227.05,   601.55,   595.47
348.79,   350.38,   345.04
350.93,   351.22,   470.02
353.07,   352.07,   595.00
348.27,   475.38,   344.21
350.41,   476.22,   469.19
352.55,   477.06,   594.17
347.75,   600.37,   343.37
349.89,   601.22,   468.35
352.03,   602.06,   593.33
98.07,   350.79,   475.02
101.14,   347.69,   599.94
104.20,   344.60,   724.87
98.75,   475.75,   478.10
101.82,   472.65,   603.02
104.89,   469.56,   727.95
99.44,   600.71,   481.18
102.51,   597.61,   606.10
105.58,   594.52,   731.03
223.03,   350.18,   471.94
226.10,   347.08,   596.86
229.16,   343.99,   721.78
223.71,   475.14,   475.01
226.78,   472.04,   599.94
229.85,   468.95,   724.86
224.40,   600.10,   478.09
227.47,   597.01,   603.02
230.54,   593.91,   727.94
347.99,   349.57,   468.85
351.06,   346.48,   593.77
354.13,   343.38,   718.70
348.67,   474.53,   471.93
351.74,   471.44,   596.85
354.81,   468.34,   721.78
349.36,   599.49,   475.01
352.43,   596.40,   599.93
355.50,   593.30,   724.86
101.21,   348.22,   599.85
103.91,   349.93,   724.81
106.62,   351.64,   849.76
102.39,   473.21,   598.11
105.10,   474.91,   723.07
107.80,   476.62,   848.03
103.58,   598.19,   596.38
106.28,   599.90,   721.34
108.98,   601.60,   846.30
226.18,   347.00,   597.16
228.88,   348.71,   722.12
231.58,   350.42,   847.08
227.36,   471.99,   595.43
230.06,   473.69,   720.39
232.77,   475.40,   845.34
228.54,   596.97,   593.69
231.25,   598.68,   718.65
233.95,   600.38,   843.61
351.14,   345.78,   594.47
353.84,   347.49,   719.43
356.55,   349.20,   844.39
352.32,   470.77,   592.74
355.03,   472.47,   717.70
357.73,   474.18,   842.66
353.51,   595.75,   591.01
356.21,   597.46,   715.97
358.91,   599.16,   840.93
101.86,   473.95,   99.36
99.59,   474.77,   224.34
97.31,   475.59,   349.31
98.75,   598.90,   98.48
96.48,   599.73,   223.46
94.20,   600.55,   348.43
95.64,   723.86,   97.60
93.36,   724.68,   222.58
91.09,   725.51,   347.55
226.80,   477.07,   101.61
224.53,   477.90,   226.59
222.26,   478.72,   351.56
223.69,   602.03,   100.73
221.42,   602.85,   225.71
219.14,   603.68,   350.68
220.58,   726.99,   99.85
218.30,   727.81,   224.83
216.03,   728.63,   349.81
351.74,   480.20,   103.86
349.47,   481.02,   228.84
347.20,   481.85,   353.82
348.63,   605.16,   102.98
346.36,   605.98,   227.96
344.08,   606.80,   352.94
345.52,   730.12,   102.10
343.24,   730.94,   227.08
340.97,   731.76,   352.06
99.75,   476.37,   223.77
101.92,   478.31,   348.74
104.10,   480.24,   473.70
103.22,   601.31,   221.78
105.39,   603.24,   346.75
107.57,   605.17,   471.71
106.69,   726.25,   219.79
108.87,   728.18,   344.76
111.04,   730.11,   469.72
224.68,   472.87,   221.65
226.86,   474.80,   346.62
229.03,   476.73,   471.59
228.15,   597.81,   219.66
230.33,   599.74,   344.63
232.50,   601.67,   469.60
231.63,   722.74,   217.67
233.80,   724.67,   342.64
235.97,   726.60,   467.60
349.62,   469.36,   219.54
351.79,   471.30,   344.50
353.96,   473.23,   469.47
353.09,   594.30,   217.54
355.26,   596.23,   342.51
357.43,   598.16,   467.48
356.56,   719.24,   215.55
358.73,   721.17,   340.52
360.90,   723.10,   465.49
100.81,   475.89,   349.51
102.14,   478.96,   474.46
103.46,   482.03,   599.42
100.22,   600.85,   346.44
101.55,   603.92,   471.39
102.88,   607.00,   596.35
99.63,   725.81,   343.37
100.96,   728.88,   468.33
102.29,   731.96,   593.28
225.80,   476.45,   348.16
227.13,   479.52,   473.12
228.46,   482.59,   598.07
225.21,   601.41,   345.10
226.54,   604.48,   470.05
227.87,   607.55,   595.01
224.62,   726.37,   342.03
225.95,   729.44,   466.99
227.28,   732.51,   591.94
350.79,   477.00,   346.82
352.12,   480.07,   471.78
353.45,   483.15,   596.73
350.20,   601.96,   343.76
351.53,   605.03,   468.71
352.86,   608.11,   593.67
349.61,   726.92,   340.69
350.94,   730.00,   465.64
352.27,   733.07,   590.60
99.47,   475.73,   475.24
101.20,   472.26,   600.18
102.93,   468.79,   725.12
98.43,   600.67,   478.73
100.16,   597.20,   603.66
101.89,   593.73,   728.60
97.39,   725.62,   482.21
99.12,   722.15,   607.15
100.85,   718.68,   732.09
224.46,   476.82,   473.54
226.19,   473.35,   598.48
227.91,   469.88,   723.42
223.42,   601.76,   477.03
225.14,   598.29,   601.97
226.87,   594.82,   726.91
222.37,   726.71,   480.51
224.10,   723.24,   605.45
225.83,   719.77,   730.39
349.44,   477.91,   471.84
351.17,   474.44,   596.78
352.90,   470.96,   721.72
348.40,   602.85,   475.33
350.13,   599.38,   600.27
351.86,   595.91,   725.21
347.36,   727.80,   478.81
349.09,   724.33,   603.75
350.81,   720.86,   728.69
99.94,   476.37,   599.51
102.95,   475.89,   724.48
105.95,   475.42,   849.44
98.25,   601.35,   600.03
101.25,   600.88,   724.99
104.25,   600.40,   849.95
96.55,   726.34,   600.54
99.55,   725.87,   725.51
102.56,   725.39,   850.47
224.89,   478.07,   596.51
227.90,   477.60,   721.48
230.90,   477.12,   846.44
223.20,   603.06,   597.03
226.20,   602.59,   721.99
229.21,   602.11,   846.96
221.50,   728.05,   597.55
224.51,   727.57,   722.51
227.51,   727.10,   847.47
349.85,   479.78,   593.52
352.85,   479.31,   718.48
355.86,   478.83,   843.44
348.15,   604.77,   594.03
351.16,   604.29,   719.00
354.16,   603.82,   843.96
346.45,   729.76,   594.55
349.46,   729.28,   719.51
352.46,   728.81,   844.47
100.68,   600.77,   101.85
102.18,   601.95,   226.83
103.68,   603.13,   351.82
100.91,   725.76,   100.66
102.41,   726.94,   225.65
103.91,   728.12,   350.63
101.14,   850.75,   99.48
102.63,   851.94,   224.46
104.13,   853.12,   349.45
225.67,   600.52,   100.35
227.17,   601.71,   225.34
228.67,   602.89,   350.32
225.90,   725.52,   99.16
227.40,   726.70,   224.15
228.90,   727.88,   349.14
226.13,   850.51,   97.98
227.63,   851.70,   222.96
229.12,   852.88,   347.95
350.66,   600.28,   98.85
352.16,   601.47,   223.84
353.66,   602.65,   348.82
350.89,   725.28,   97.67
352.39,   726.46,   222.65
353.89,   727.64,   347.64
351.12,   850.27,   96.48
352.62,   851.45,   221.47
354.11,   852.64,   346.45
100.13,   601.48,   226.41
102.87,   602.69,   351.38
105.60,   603.89,   476.34
102.95,   726.44,   225.14
105.69,   727.65,   350.11
108.42,   728.86,   475.07
105.77,   851.40,   223.87
108.51,   852.61,   348.84
111.24,   853.82,   473.80
225.07,   598.63,   223.71
227.80,   599.84,   348.67
230.54,   601.05,   473.64
227.89,   723.59,   222.44
230.62,   724.80,   347.40
233.36,   726.01,   472.37
230.71,   848.56,   221.17
233.44,   849.76,   346.14
236.18,   850.97,   471.10
350.01,   595.79,   221.01
352.74,   596.99,   345.97
355.47,   598.20,   470.93
352.83,   720.75,   219.74
355.56,   721.95,   344.70
358.29,   723.16,   469.66
355.65,   845.71,   218.47
358.38,   846.92,   343.43
361.11,   848.12,   468.40
99.78,   601.20,   349.09
100.44,   604.06,   474.06
101.10,   606.93,   599.03
102.01,   726.14,   346.22
102.67,   729.01,   471.18
103.33,   731.88,   596.15
104.24,   851.09,   343.34
104.90,   853.96,   468.30
105.56,   856.82,   593.27
224.76,   598.95,   348.49
225.42,   601.82,   473.45
226.08,   604.69,   598.42
226.99,   723.90,   345.61
227.65,   726.77,   470.57
228.31,   729.63,   595.54
229.22,   848.85,   342.73
229.88,   851.71,   467.70
230.54,   854.58,   592.66
349.74,   596.71,   347.88
350.40,   599.57,   472.85
351.06,   602.44,   597.81
351.97,   721.65,   345.00
352.63,   724.52,   469.97
353.29,   727.39,   594.93
354.20,   846.60,   342.12
354.86,   849.47,   467.09
355.52,   852.33,   592.05
98.68,   601.63,   475.81
99.79,   600.54,   600.80
100.90,   599.44,   725.80
100.53,   726.62,   476.89
101.64,   725.52,   601.88
102.75,   724.43,   726.87
102.37,   851.60,   477.97
103.48,   850.50,   602.96
104.59,   849.41,   727.95
223.66,   599.80,   474.69
224.77,   598.70,   599.68
225.88,   597.61,   724.67
225.51,   724.78,   475.77
226.62,   723.68,   600.76
227.73,   722.59,   725.75
227.36,   849.76,   476.85
228.47,   848.67,   601.84
229.58,   847.57,   726.83
348.64,   597.96,   473.56
349.75,   596.86,   598.55
350.86,   595.77,   723.54
350.49,   722.94,   474.64
351.60,   721.85,   599.63
352.71,   720.75,   724.62
352.34,   847.92,   475.72
353.45,   846.83,   600.71
354.56,   845.73,   725.70
99.56,   598.46,   599.62
96.51,   595.94,   724.56
93.45,   593.43,   849.50
98.49,   723.43,   602.11
95.44,   720.92,   727.05
92.38,   718.40,   851.98
97.42,   848.40,   604.59
94.37,   845.89,   729.53
91.31,   843.38,   854.47
224.52,   599.46,   602.70
221.46,   596.95,   727.64
218.41,   594.44,   852.57
223.45,   724.43,   605.18
220.40,   721.92,   730.12
217.34,   719.41,   855.06
222.38,   849.41,   607.67
219.33,   846.89,   732.61
216.27,   844.38,   857.54
349.48,   600.47,   605.77
346.42,   597.96,   730.71
343.37,   595.45,   855.65
348.41,   725.44,   608.26
345.35,   722.93,   733.20
342.30,   720.42,   858.13
347.34,   850.41,   610.74
344.28,   847.90,   735.68
341.23,   845.39,   860.62
226.34,   99.05,   100.78
226.86,   97.01,   225.76
227.38,   94.97,   350.74
224.47,   224.02,   102.83
224.99,   221.98,   227.81
225.51,   219.94,   352.79
222.60,   348.99,   104.88
223.12,   346.95,   229.86
223.64,   344.90,   354.84
351.33,   100.93,   100.29
351.85,   98.89,   225.27
352.37,   96.85,   350.25
349.45,   225.90,   102.34
349.97,   223.86,   227.32
350.49,   221.82,   352.30
347.58,   350.87,   104.39
348.10,   348.83,   229.37
348.62,   346.79,   354.35
476.31,   102.81,   99.80
476.83,   100.77,   224.78
477.35,   98.73,   349.76
474.44,   227.78,   101.85
474.96,   225.74,   226.83
475.48,   223.70,   351.81
472.56,   352.75,   103.90
473.09,   350.71,   228.88
473.61,   348.67,   353.86
224.58,   98.50,   224.18
223.84,   101.03,   349.16
223.10,   103.56,   474.13
226.86,   223.45,   221.67
226.12,   225.98,   346.64
225.38,   228.51,   471.61
229.14,   348.40,   219.15
228.39,   350.94,   344.12
227.65,   353.47,   469.09
349.56,   96.23,   224.97
348.82,   98.77,   349.94
348.08,   101.30,   474.91
351.84,   221.19,   222.45
351.09,   223.72,   347.42
350.35,   226.25,   472.40
354.11,   346.14,   219.93
353.37,   348.67,   344.91
352.63,   351.21,   469.88
474.54,   93.97,   225.76
473.79,   96.50,   350.73
473.05,   99.04,   475.70
476.81,   218.93,   223.24
476.07,   221.46,   348.21
475.33,   223.99,   473.18
479.09,   343.88,   220.72
478.35,   346.41,   345.69
477.61,   348.94,   470.66
225.93,   98.58,   351.17
223.10,   101.03,   476.11
220.27,   103.48,   601.05
226.98,   223.55,   348.74
224.15,   226.00,   473.68
221.32,   228.45,   598.63
228.03,   348.52,   346.31
225.20,   350.97,   471.26
222.37,   353.42,   596.20
350.90,   97.59,   354.02
348.07,   100.04,   478.96
345.24,   102.49,   603.90
351.94,   222.56,   351.59
349.11,   225.01,   476.53
346.28,   227.46,   601.48
352.99,   347.53,   349.16
350.16,   349.98,   474.11
347.33,   352.43,   599.05
475.86,   96.60,   356.87
473.03,   99.05,   481.81
470.20,   101.50,   606.75
476.91,   221.57,   354.44
474.08,   224.02,   479.38
471.25,   226.47,   604.33
477.95,   346.54,   352.01
475.12,   348.99,   476.96
472.29,   351.44,   601.90
223.82,   100.94,   473.06
222.16,   100.57,   598.05
220.50,   100.19,   723.04
226.55,   225.91,   473.47
224.89,   225.54,   598.46
223.23,   225.16,   723.45
229.28,   350.88,   473.88
227.62,   350.51,   598.87
225.96,   350.13,   723.86
348.78,   98.21,   474.71
347.12,   97.83,   599.70
345.46,   97.46,   724.69
351.51,   223.18,   475.13
349.85,   222.80,   600.11
348.19,   222.43,   725.10
354.24,   348.15,   475.54
352.58,   347.77,   600.53
350.92,   347.40,   725.51
473.74,   95.47,   476.37
472.08,   95.10,   601.36
470.42,   94.73,   726.34
476.47,   220.44,   476.78
474.81,   220.07,   601.77
473.15,   219.69,   726.76
479.20,   345.41,   477.19
477.54,   345.04,   602.18
475.88,   344.66,   727.17
224.47,   99.20,   600.91
221.16,   99.00,   725.87
217.85,   98.81,   850.82
224.16,   224.20,   601.10
220.85,   224.00,   726.05
217.54,   223.81,   851.01
223.85,   349.20,   601.28
220.54,   349.00,   726.24
217.23,   348.81,   851.19
349.43,   99.50,   604.22
346.12,   99.31,   729.18
342.81,   99.12,   854.13
349.12,   224.50,   604.41
345.81,   224.31,   729.36
342.50,   224.12,   854.32
348.81,   349.50,   604.59
345.50,   349.31,   729.55
342.19,   349.12,   854.50
474.38,   99.81,   607.53
471.07,   99.61,   732.49
467.76,   99.42,   857.44
474.07,   224.81,   607.72
470.76,   224.61,   732.67
467.45,   224.42,   857.63
473.76,   349.80,   607.90
470.45,   349.61,   732.86
467.14,   349.42,   857.81
223.54,   224.34,   98.81
220.51,   222.37,   223.75
217.49,   220.40,   348.70
226.17,   349.30,   100.84
223.14,   347.33,   225.79
220.11,   345.36,   350.74
228.79,   474.25,   102.88
225.77,   472.28,   227.82
222.74,   470.31,   352.77
348.47,   221.67,   101.79
345.45,   219.70,   226.74
342.42,   217.73,   351.69
351.10,   346.62,   103.82
348.08,   344.65,   228.77
345.05,   342.68,   353.72
353.73,   471.58,   105.86
350.70,   469.61,   230.81
347.68,   467.64,   355.76
473.41,   218.99,   104.77
470.38,   217.02,   229.72
467.36,   215.05,   354.67
476.04,   343.95,   106.81
473.01,   341.98,   231.76
469.99,   340.00,   356.70
478.66,   468.90,   108.84
475.64,   466.93,   233.79
472.61,   464.96,   358.74
226.64,   225.46,   223.83
224.16,   222.48,   348.77
221.69,   219.50,   473.71
225.93,   350.43,   226.80
223.46,   347.45,   351.74
220.98,   344.46,   476.68
225.23,   475.39,   229.76
222.75,   472.41,   354.70
220.27,   469.43,   479.64
351.61,   226.11,   226.32
349.14,   223.13,   351.26
346.66,   220.15,   476.20
350.91,   351.08,   229.29
348.43,   348.09,   354.23
345.95,   345.11,   479.17
350.20,   476.04,   232.26
347.72,   473.06,   357.20
345.25,   470.07,   482.14
476.59,   226.76,   228.81
474.11,   223.78,   353.75
471.63,   220.80,   478.69
475.88,   351.72,   231.78
473.40,   348.74,   356.72
470.93,   345.76,   481.66
475.17,   476.69,   234.75
472.70,   473.70,   359.69
470.22,   470.72,   484.63
223.50,   224.96,   351.47
224.08,   223.90,   476.46
224.66,   222.83,   601.46
225.16,   349.94,   352.53
225.74,   348.88,   477.52
226.32,   347.82,   602.51
226.82,   474.93,   353.58
227.40,   473.86,   478.58
227.98,   472.80,   603.57
348.48,   223.30,   350.88
349.06,   222.24,   475.87
349.64,   221.17,   600.86
350.15,   348.29,   351.93
350.73,   347.22,   476.93
351.31,   346.16,   601.92
351.81,   473.27,   352.99
352.39,   472.21,   477.98
352.97,   471.14,   602.98
473.47,   221.64,   350.28
474.05,   220.58,   475.28
474.63,   219.52,   600.27
475.13,   346.63,   351.34
475.71,   345.57,   476.33
476.29,   344.50,   601.33
476.80,   471.61,   352.39
477.38,   470.55,   477.39
477.96,   469.49,   602.38
223.18,   226.11,   474.71
222.19,   226.60,   599.71
221.20,   227.09,   724.70
220.69,   351.09,   474.20
219.70,   351.57,   599.20
218.70,   352.06,   724.19
218.20,   476.06,   473.69
217.21,   476.55,   598.69
216.21,   477.04,   723.68
348.15,   228.61,   475.69
347.16,   229.09,   600.69
346.17,   229.58,   725.68
345.66,   353.58,   475.18
344.67,   354.07,   600.18
343.68,   354.56,   725.17
343.17,   478.55,   474.68
342.18,   479.04,   599.67
341.19,   479.53,   724.67
473.12,   231.10,   476.68
472.13,   231.59,   601.67
471.14,   232.08,   726.67
470.63,   356.07,   476.17
469.64,   356.56,   601.16
468.65,   357.05,   726.16
468.14,   481.05,   475.66
467.15,   481.54,   600.65
466.16,   482.03,   725.65
224.49,   224.54,   599.74
224.92,   228.15,   724.69
225.35,   231.77,   849.64
223.25,   349.48,   596.13
223.68,   353.09,   721.08
224.11,   356.71,   846.03
222.02,   474.42,   592.52
222.45,   478.04,   717.47
222.88,   481.65,   842.41
349.48,   225.76,   599.28
349.91,   229.38,   724.22
350.34,   232.99,   849.17
348.24,   350.70,   595.67
348.67,   354.32,   720.61
349.11,   357.93,   845.56
347.01,   475.64,   592.05
347.44,   479.26,   717.00
347.87,   482.87,   841.95
474.47,   226.98,   598.81
474.90,   230.60,   723.76
475.33,   234.21,   848.70
473.24,   351.93,   595.20
473.67,   355.54,   720.15
474.10,   359.16,   845.09
472.00,   476.87,   591.59
472.43,   480.48,   716.54
472.86,   484.10,   841.48
225.56,   351.45,   101.79
227.58,   354.28,   226.74
229.60,   357.11,   351.69
229.08,   476.37,   98.90
231.10,   479.20,   223.85
233.13,   482.03,   348.80
232.60,   601.28,   96.01
234.63,   604.11,   220.96
236.65,   606.95,   345.91
350.49,   347.88,   99.84
352.51,   350.71,   224.80
354.54,   353.54,   349.75
354.01,   472.80,   96.96
356.04,   475.63,   221.91
358.06,   478.46,   346.86
357.54,   597.71,   94.07
359.56,   600.54,   219.02
361.58,   603.38,   343.97
475.42,   344.31,   97.90
477.45,   347.14,   222.85
479.47,   349.97,   347.81
478.95,   469.23,   95.02
480.97,   472.06,   219.97
482.99,   474.89,   344.92
482.47,   594.14,   92.13
484.49,   596.98,   217.08
486.52,   599.81,   342.03
226.99,   350.79,   225.41
227.87,   351.54,   350.40
228.75,   352.29,   475.40
226.13,   475.79,   224.66
227.02,   476.54,   349.66
227.90,   477.29,   474.65
225.28,   600.78,   223.92
226.16,   601.53,   348.91
227.04,   602.28,   473.91
351.98,   351.64,   224.52
352.87,   352.39,   349.51
353.75,   353.14,   474.51
351.13,   476.64,   223.77
352.01,   477.39,   348.77
352.89,   478.14,   473.76
350.27,   601.63,   223.03
351.16,   602.38,   348.02
352.04,   603.13,   473.02
476.98,   352.49,   223.63
477.86,   353.24,   348.62
478.74,   353.99,   473.62
476.12,   477.49,   222.89
477.00,   478.24,   347.88
477.89,   478.99,   472.87
475.27,   602.48,   222.14
476.15,   603.23,   347.14
477.03,   603.98,   472.13
226.75,   351.35,   348.26
230.06,   352.19,   473.21
233.37,   353.03,   598.17
226.36,   476.35,   347.43
229.67,   477.19,   472.38
232.98,   478.03,   597.34
225.97,   601.34,   346.60
229.28,   602.18,   471.55
232.58,   603.03,   596.50
351.71,   351.72,   344.95
355.02,   352.56,   469.91
358.32,   353.40,   594.86
351.32,   476.71,   344.12
354.62,   477.56,   469.07
357.93,   478.40,   594.03
350.93,   601.71,   343.29
354.23,   602.55,   468.24
357.54,   603.39,   593.20
476.66,   352.09,   341.64
479.97,   352.93,   466.60
483.28,   353.77,   591.55
476.27,   477.08,   340.81
479.58,   477.93,   465.76
482.89,   478.77,   590.72
475.88,   602.08,   339.98
479.19,   602.92,   464.93
482.50,   603.76,   589.89
226.58,   348.21,   473.93
223.44,   345.32,   598.86
220.31,   342.43,   723.79
226.05,   473.18,   476.82
222.91,   470.29,   601.74
219.78,   467.39,   726.67
225.52,   598.15,   479.70
222.38,   595.25,   604.62
219.25,   592.36,   729.55
351.54,   348.67,   477.08
348.40,   345.78,   602.01
345.27,   342.88,   726.94
351.01,   473.64,   479.96
347.87,   470.74,   604.89
344.74,   467.85,   729.82
350.48,   598.60,   482.84
347.34,   595.71,   607.77
344.21,   592.82,   732.70
476.50,   349.13,   480.23
473.36,   346.24,   605.16
470.23,   343.34,   730.08
475.97,   474.10,   483.11
472.83,   471.20,   608.04
469.70,   468.31,   732.96
475.44,   599.06,   485.99
472.30,   596.17,   610.92
469.17,   593.27,   735.85
225.11,   348.49,   600.81
224.95,   346.04,   725.78
224.79,   343.59,   850.76
226.33,   473.46,   603.26
226.17,   471.01,   728.23
226.01,   468.56,   853.21
227.55,   598.43,   605.71
227.39,   595.98,   730.69
227.23,   593.53,   855.66
350.10,   347.27,   600.94
349.94,   344.82,   725.92
349.78,   342.37,   850.89
351.32,   472.24,   603.40
351.16,   469.79,   728.37
351.00,   467.34,   853.35
352.54,   597.21,   605.85
352.38,   594.76,   730.82
352.22,   592.31,   855.80
475.10,   346.05,   601.08
474.93,   343.59,   726.06
474.77,   341.14,   851.03
476.32,   471.02,   603.53
476.15,   468.56,   728.51
475.99,   466.11,   853.48
477.54,   595.99,   605.98
477.37,   593.53,   730.96
477.21,   591.08,   855.94
225.51,   475.79,   100.55
225.82,   475.18,   225.55
226.13,   474.58,   350.55
225.43,   600.79,   101.16
225.74,   600.18,   226.16
226.05,   599.58,   351.15
225.34,   725.79,   101.76
225.65,   725.18,   226.76
225.97,   724.57,   351.76
350.51,   475.87,   100.24
350.82,   475.27,   225.24
351.13,   474.66,   350.24
350.42,   600.87,   100.85
350.74,   600.26,   225.84
351.05,   599.66,   350.84
350.34,   725.87,   101.45
350.65,   725.26,   226.45
350.97,   724.66,   351.45
475.51,   475.96,   99.93
475.82,   475.35,   224.93
476.13,   474.74,   349.93
475.42,   600.95,   100.54
475.74,   600.35,   225.53
476.05,   599.74,   350.53
475.34,   725.95,   101.14
475.65,   725.35,   226.14
475.97,   724.74,   351.14
223.10,   473.88,   226.41
224.68,   470.19,   351.35
226.27,   466.50,   476.29
222.72,   598.83,   230.11
224.31,   595.14,   355.05
225.89,   591.45,   479.98
222.35,   723.77,   233.81
223.93,   720.08,   358.74
225.52,   716.39,   483.68
348.09,   474.31,   224.84
349.67,   470.61,   349.78
351.26,   466.92,   474.71
347.71,   599.25,   228.54
349.30,   595.56,   353.47
350.88,   591.87,   478.41
347.34,   724.20,   232.23
348.92,   720.50,   357.17
350.51,   716.81,   482.11
473.08,   474.73,   223.27
474.66,   471.04,   348.21
476.25,   467.35,   473.14
472.70,   599.67,   226.97
474.29,   595.98,   351.90
475.87,   592.29,   476.84
472.33,   724.62,   230.66
473.91,   720.93,   355.60
475.50,   717.23,   480.53
224.22,   475.53,   348.95
226.84,   472.34,   473.88
229.46,   469.16,   598.81
224.50,   600.49,   352.13
227.12,   597.30,   477.06
229.75,   594.11,   601.99
224.79,   725.45,   355.31
227.41,   722.26,   480.24
230.03,   719.07,   605.17
349.19,   475.31,   346.31
351.81,   472.12,   471.25
354.44,   468.94,   596.18
349.47,   600.27,   349.49
352.10,   597.08,   474.43
354.72,   593.90,   599.36
349.76,   725.23,   352.68
352.38,   722.04,   477.61
355.01,   718.86,   602.54
474.16,   475.09,   343.68
476.78,   471.90,   468.62
479.41,   468.72,   593.55
474.44,   600.05,   346.86
477.07,   596.86,   471.80
479.69,   593.68,   596.73
474.73,   725.01,   350.04
477.35,   721.82,   474.98
479.98,   718.64,   599.91
223.30,   476.98,   476.66
225.62,   478.49,   601.63
227.95,   480.00,   726.60
224.60,   601.97,   475.13
226.92,   603.48,   600.10
229.25,   604.98,   725.06
225.90,   726.95,   473.59
228.22,   728.46,   598.56
230.55,   729.97,   723.53
348.27,   475.65,   474.35
350.59,   477.16,   599.32
352.92,   478.67,   724.29
349.57,   600.64,   472.82
351.89,   602.15,   597.78
354.22,   603.66,   722.75
350.87,   725.62,   471.28
353.20,   727.13,   596.25
355.52,   728.64,   721.22
473.24,   474.33,   472.04
475.57,   475.83,   597.01
477.89,   477.34,   721.98
474.54,   599.31,   470.50
476.87,   600.82,   595.47
479.19,   602.33,   720.44
475.84,   724.29,   468.97
478.17,   725.80,   593.94
480.49,   727.31,   718.91
226.00,   476.37,   599.33
227.86,   475.19,   724.31
229.73,   474.01,   849.29
229.60,   601.32,   600.46
231.46,   600.14,   725.44
233.33,   598.95,   850.42
233.20,   726.26,   601.58
235.06,   725.08,   726.57
236.93,   723.90,   851.55
350.93,   472.79,   597.43
352.80,   471.61,   722.41
354.66,   470.43,   847.39
354.53,   597.73,   598.56
356.40,   596.55,   723.54
358.26,   595.37,   848.52
358.13,   722.68,   599.69
360.00,   721.50,   724.67
361.86,   720.31,   849.65
475.87,   469.21,   595.54
477.73,   468.03,   720.52
479.59,   466.84,   845.50
479.47,   594.15,   596.66
481.33,   592.97,   721.64
483.19,   591.79,   846.63
483.07,   719.09,   597.79
484.93,   717.91,   722.77
486.79,   716.73,   847.75
225.14,   598.53,   101.89
222.62,   598.89,   226.86
220.10,   599.24,   351.83
227.06,   723.51,   101.57
224.54,   723.87,   226.54
222.02,   724.23,   351.51
228.98,   848.50,   101.25
226.46,   848.86,   226.22
223.94,   849.21,   351.20
350.10,   596.62,   104.41
347.58,   596.97,   229.39
345.06,   597.33,   354.36
352.02,   721.60,   104.09
349.50,   721.96,   229.07
346.98,   722.32,   354.04
353.94,   846.59,   103.78
351.42,   846.94,   228.75
348.90,   847.30,   353.72
475.06,   594.70,   106.94
472.54,   595.06,   231.92
470.02,   595.42,   356.89
476.98,   719.69,   106.62
474.46,   720.05,   231.60
471.94,   720.40,   356.57
478.90,   844.67,   106.30
476.38,   845.03,   231.28
473.86,   845.39,   356.25
224.18,   599.75,   225.98
226.51,   598.12,   350.95
228.85,   596.49,   475.92
227.34,   724.70,   227.55
229.67,   723.07,   352.52
232.01,   721.44,   477.49
230.50,   849.65,   229.13
232.83,   848.02,   354.09
235.17,   846.39,   479.06
349.11,   596.61,   223.61
351.45,   594.98,   348.58
353.78,   593.35,   473.54
352.28,   721.56,   225.18
354.61,   719.93,   350.15
356.95,   718.30,   475.12
355.44,   846.52,   226.75
357.77,   844.88,   351.72
360.11,   843.25,   476.69
474.05,   593.48,   221.23
476.39,   591.85,   346.20
478.72,   590.22,   471.17
477.21,   718.43,   222.81
479.55,   716.80,   347.77
481.88,   715.17,   472.74
480.38,   843.38,   224.38
482.71,   841.75,   349.34
485.04,   840.12,   474.31
223.83,   601.19,   348.19
226.49,   604.16,   473.13
229.14,   607.13,   598.07
222.20,   726.15,   345.26
224.86,   729.12,   470.20
227.51,   732.09,   595.13
220.57,   851.10,   342.32
223.23,   854.07,   467.26
225.88,   857.04,   592.20
348.79,   602.76,   345.50
351.45,   605.73,   470.44
354.10,   608.70,   595.37
347.16,   727.72,   342.57
349.82,   730.68,   467.50
352.47,   733.65,   592.44
345.53,   852.67,   339.63
348.19,   855.64,   464.57
350.84,   858.61,   589.50
473.76,   604.33,   342.81
476.41,   607.30,   467.74
479.07,   610.27,   592.68
472.12,   729.28,   339.87
474.78,   732.25,   464.81
477.44,   735.22,   589.75
470.49,   854.24,   336.94
473.15,   857.21,   461.88
475.80,   860.18,   586.81
224.31,   600.38,   476.81
222.91,   600.73,   601.80
221.50,   601.09,   726.79
221.05,   725.33,   476.42
219.64,   725.69,   601.41
218.23,   726.05,   726.40
217.78,   850.29,   476.02
216.38,   850.65,   601.01
214.97,   851.01,   726.00
349.26,   603.64,   478.21
347.86,   604.00,   603.20
346.45,   604.36,   728.19
346.00,   728.60,   477.81
344.59,   728.96,   602.80
343.18,   729.32,   727.80
342.73,   853.56,   477.42
341.33,   853.92,   602.41
339.92,   854.27,   727.40
474.21,   606.91,   479.60
472.80,   607.27,   604.60
471.40,   607.63,   729.59
470.95,   731.87,   479.21
469.54,   732.23,   604.20
468.13,   732.59,   729.19
467.68,   856.83,   478.81
466.28,   857.18,   603.81
464.87,   857.54,   728.80
223.44,   598.05,   598.30
223.52,   599.89,   723.28
223.61,   601.73,   848.27
222.82,   723.04,   596.46
222.90,   724.88,   721.44
222.99,   726.72,   846.43
222.20,   848.02,   594.61
222.28,   849.86,   719.60
222.37,   851.70,   844.59
348.44,   598.67,   598.20
348.52,   600.51,   723.19
348.61,   602.35,   848.17
347.82,   723.66,   596.36
347.90,   725.50,   721.35
347.99,   727.34,   846.33
347.20,   848.64,   594.52
347.28,   850.48,   719.51
347.37,   852.32,   844.49
473.43,   599.29,   598.10
473.52,   601.13,   723.09
473.61,   602.97,   848.08
472.82,   724.27,   596.26
472.90,   726.11,   721.25
472.99,   727.96,   846.24
472.20,   849.26,   594.42
472.28,   851.10,   719.41
472.37,   852.94,   844.40
350.91,   98.65,   100.46
347.41,   95.16,   225.36
343.90,   91.66,   350.26
348.77,   223.59,   103.89
345.27,   220.09,   228.79
341.76,   216.60,   353.70
346.63,   348.52,   107.33
343.12,   345.03,   232.23
339.62,   341.53,   357.13
475.85,   100.70,   104.02
472.34,   97.20,   228.92
468.83,   93.71,   353.83
473.70,   225.63,   107.46
470.20,   222.14,   232.36
466.69,   218.64,   357.26
471.56,   350.56,   110.89
468.06,   347.07,   235.79
464.55,   343.58,   360.69
600.78,   102.74,   107.59
597.27,   99.24,   232.49
593.76,   95.75,   357.39
598.64,   227.67,   111.02
595.13,   224.18,   235.92
591.62,   220.69,   360.83
596.50,   352.61,   114.46
592.99,   349.11,   239.36
589.48,   345.62,   364.26
349.76,   101.77,   226.83
348.06,   103.92,   351.80
346.37,   106.07,   476.77
348.39,   226.74,   224.66
346.69,   228.89,   349.63
345.00,   231.04,   474.60
347.02,   351.71,   222.49
345.32,   353.87,   347.46
343.62,   356.02,   472.43
474.74,   103.17,   228.50
473.04,   105.32,   353.47
471.35,   107.47,   478.44
473.37,   228.14,   226.33
471.67,   230.29,   351.30
469.98,   232.45,   476.27
472.00,   353.12,   224.16
470.30,   355.27,   349.13
468.61,   357.42,   474.10
599.72,   104.57,   230.18
598.03,   106.72,   355.15
596.33,   108.87,   480.12
598.35,   229.54,   228.01
596.65,   231.69,   352.98
594.96,   233.85,   477.95
596.98,   354.52,   225.83
595.28,   356.67,   350.80
593.59,   358.82,   475.77
350.04,   98.59,   350.74
351.59,   97.86,   475.73
353.14,   97.12,   600.72
349.73,   223.59,   351.48
351.28,   222.85,   476.47
352.83,   222.12,   601.46
349.41,   348.59,   352.22
350.96,   347.85,   477.21
352.51,   347.11,   602.20
475.03,   98.92,   349.19
476.58,   98.18,   474.18
478.13,   97.44,   599.17
474.72,   223.91,   349.93
476.27,   223.18,   474.92
477.82,   222.44,   599.91
474.40,   348.91,   350.67
475.95,   348.17,   475.66
477.50,   347.44,   600.65
600.02,   99.24,   347.64
601.57,   98.50,   472.63
603.12,   97.77,   597.62
599.71,   224.24,   348.38
601.26,   223.50,   473.37
602.81,   222.76,   598.36
599.39,   349.24,   349.13
600.94,   348.50,   474.11
602.49,   347.76,   599.10
351.31,   99.73,   476.59
348.08,   101.17,   601.54
344.84,   102.61,   726.49
349.45,   224.70,   475.10
346.21,   226.15,   600.05
342.98,   227.59,   725.00
347.59,   349.68,   473.61
344.35,   351.12,   598.56
341.11,   352.57,   723.51
476.26,   101.63,   479.81
473.02,   103.07,   604.76
469.78,   104.51,   729.71
474.40,   226.60,   478.31
471.16,   228.05,   603.26
467.92,   229.49,   728.21
472.53,   351.58,   476.82
469.30,   353.03,   601.77
466.06,   354.47,   726.72
601.20,   103.53,   483.02
597.96,   104.97,   607.97
594.73,   106.41,   732.92
599.34,   228.51,   481.53
596.10,   229.95,   606.48
592.87,   231.39,   731.43
597.48,   353.48,   480.04
594.24,   354.93,   604.99
591.00,   356.37,   729.94
349.90,   100.68,   598.74
353.50,   98.75,   723.68
357.09,   96.81,   848.61
349.46,   225.67,   600.69
353.06,   223.73,   725.63
356.66,   221.79,   850.56
349.03,   350.65,   602.65
352.62,   348.71,   727.58
356.22,   346.77,   852.51
474.85,   101.18,   595.15
478.45,   99.24,   720.09
482.04,   97.30,   845.02
474.41,   226.16,   597.10
478.01,   224.22,   722.04
481.60,   222.29,   846.97
473.97,   351.15,   599.06
477.57,   349.21,   723.99
481.17,   347.27,   848.92
599.80,   101.67,   591.56
603.39,   99.73,   716.50
606.99,   97.80,   841.43
599.36,   226.66,   593.52
602.95,   224.72,   718.45
606.55,   222.78,   843.38
598.92,   351.64,   595.47
602.52,   349.70,   720.40
606.11,   347.76,   845.33
348.91,   224.55,   101.75
345.41,   222.49,   226.68
341.92,   220.43,   351.62
347.74,   349.52,   103.77
344.25,   347.47,   228.71
340.76,   345.41,   353.64
346.58,   474.50,   105.80
343.09,   472.45,   230.73
339.59,   470.39,   355.66
473.85,   225.65,   105.26
470.36,   223.60,   230.19
466.86,   221.54,   355.13
472.69,   350.63,   107.28
469.19,   348.57,   232.22
465.70,   346.52,   357.15
471.53,   475.61,   109.31
468.03,   473.55,   234.24
464.54,   471.50,   359.18
598.80,   226.76,   108.77
595.30,   224.70,   233.71
591.81,   222.65,   358.64
597.63,   351.74,   110.80
594.14,   349.68,   235.73
590.65,   347.62,   360.66
596.47,   476.71,   112.82
592.98,   474.66,   237.75
589.48,   472.60,   362.69
351.62,   226.98,   224.46
348.85,   224.27,   349.40
346.08,   221.56,   474.34
349.29,   351.93,   227.12
346.52,   349.22,   352.06
343.75,   346.51,   477.00
346.97,   476.88,   229.78
344.20,   474.17,   354.72
341.43,   471.46,   479.66
476.56,   229.24,   227.28
473.79,   226.53,   352.22
471.02,   223.82,   477.16
474.24,   354.19,   229.94
471.47,   351.48,   354.88
468.70,   348.77,   479.82
471.92,   479.15,   232.60
469.15,   476.43,   357.54
466.38,   473.72,   482.48
601.51,   231.51,   230.10
598.74,   228.80,   355.04
595.97,   226.09,   479.98
599.19,   356.46,   232.76
596.42,   353.75,   357.70
593.65,   351.04,   482.64
596.86,   481.41,   235.42
594.09,   478.70,   360.36
591.32,   475.99,   485.30
350.26,   225.26,   348.50
351.62,   222.79,   473.47
352.99,   220.32,   598.44
349.17,   350.23,   350.98
350.54,   347.76,   475.95
351.90,   345.29,   600.92
348.08,   475.20,   353.46
349.45,   472.73,   478.43
350.81,   470.26,   603.40
475.25,   226.37,   347.16
476.61,   223.90,   472.12
477.98,   221.44,   597.09
474.16,   351.34,   349.64
475.52,   348.88,   474.60
476.89,   346.41,   599.57
473.07,   476.31,   352.12
474.44,   473.85,   477.08
475.80,   471.38,   602.05
600.23,   227.49,   345.81
601.60,   225.02,   470.78
602.96,   222.55,   595.75
599.15,   352.46,   348.29
600.51,   349.99,   473.26
601.88,   347.52,   598.23
598.06,   477.43,   350.77
599.42,   474.96,   475.74
600.79,   472.49,   600.71
350.61,   223.47,   476.21
348.19,   220.74,   601.16
345.77,   218.02,   726.10
351.53,   348.43,   478.95
349.11,   345.71,   603.90
346.69,   342.99,   728.84
352.45,   473.40,   481.69
350.03,   470.68,   606.64
347.61,   467.95,   731.58
475.59,   222.50,   478.61
473.17,   219.77,   603.55
470.75,   217.05,   728.50
476.50,   347.46,   481.35
474.08,   344.74,   606.29
471.66,   342.02,   731.24
477.42,   472.43,   484.09
475.00,   469.71,   609.04
472.58,   466.98,   733.98
600.56,   221.53,   481.01
598.14,   218.80,   605.95
595.72,   216.08,   730.90
601.48,   346.49,   483.75
599.06,   343.77,   608.69
596.64,   341.05,   733.64
602.39,   471.46,   486.49
599.98,   468.74,   611.43
597.56,   466.01,   736.38
349.63,   226.16,   600.32
350.84,   226.51,   725.31
352.05,   226.86,   850.30
347.22,   351.13,   599.99
348.43,   351.49,   724.98
349.64,   351.84,   849.98
344.81,   476.11,   599.66
346.02,   476.46,   724.66
347.23,   476.81,   849.65
474.60,   228.57,   599.10
475.81,   228.92,   724.09
477.02,   229.27,   849.09
472.19,   353.54,   598.77
473.40,   353.89,   723.76
474.61,   354.24,   848.76
469.78,   478.52,   598.44
470.99,   478.87,   723.44
472.20,   479.22,   848.43
599.57,   230.97,   597.88
600.78,   231.32,   722.87
601.99,   231.67,   847.87
597.16,   355.95,   597.55
598.37,   356.30,   722.55
599.58,   356.65,   847.54
594.75,   480.93,   597.23
595.96,   481.28,   722.22
597.17,   481.63,   847.21
349.17,   351.05,   98.46
350.93,   351.96,   223.44
352.69,   352.88,   348.42
349.66,   476.04,   97.53
351.42,   476.96,   222.52
353.19,   477.88,   347.50
350.16,   601.04,   96.61
351.92,   601.96,   221.59
353.68,   602.87,   346.57
474.15,   350.54,   96.70
475.92,   351.46,   221.68
477.68,   352.37,   346.67
474.65,   475.53,   95.77
476.41,   476.45,   220.76
478.17,   477.37,   345.74
475.14,   600.53,   94.85
476.91,   601.45,   219.83
478.67,   602.37,   344.82
599.14,   350.03,   94.94
600.90,   350.95,   219.92
602.66,   351.87,   344.91
599.64,   475.03,   94.01
601.40,   475.94,   219.00
603.16,   476.86,   343.98
600.13,   600.02,   93.09
601.89,   600.94,   218.07
603.66,   601.86,   343.06
349.00,   350.84,   224.67
348.68,   352.81,   349.66
348.37,   354.77,   474.64
352.67,   475.78,   222.72
352.36,   477.74,   347.70
352.04,   479.70,   472.69
356.35,   600.71,   220.77
356.03,   602.67,   345.75
355.72,   604.63,   470.74
473.94,   347.18,   225.04
473.63,   349.14,   350.03
473.32,   351.10,   475.01
477.62,   472.11,   223.09
477.30,   474.07,   348.08
476.99,   476.03,   473.06
481.29,   597.04,   221.14
480.98,   599.00,   346.12
480.66,   600.96,   471.11
598.89,   343.51,   225.41
598.58,   345.47,   350.40
598.26,   347.43,   475.38
602.56,   468.44,   223.46
602.25,   470.40,   348.45
601.94,   472.36,   473.43
606.24,   593.37,   221.51
605.92,   595.33,   346.49
605.61,   597.29,   471.48
349.71,   349.95,   351.93
349.81,   347.11,   476.89
349.92,   344.27,   601.86
352.65,   474.88,   354.76
352.76,   472.04,   479.73
352.86,   469.20,   604.70
355.60,   599.81,   357.60
355.70,   596.97,   482.57
355.81,   594.13,   607.53
474.68,   347.01,   351.76
474.78,   344.17,   476.72
474.88,   341.33,   601.69
477.62,   471.94,   354.59
477.72,   469.10,   479.56
477.83,   466.26,   604.53
480.56,   596.87,   357.43
480.67,   594.03,   482.40
480.77,   591.19,   607.36
599.64,   344.06,   351.59
599.74,   341.22,   476.55
599.85,   338.39,   601.52
602.59,   469.00,   354.42
602.69,   466.16,   479.39
602.79,   463.32,   604.36
605.53,   593.93,   357.26
605.63,   591.09,   482.23
605.74,   588.25,   607.19
349.82,   350.69,   474.73
353.12,   352.79,   599.67
356.42,   354.90,   724.61
346.55,   475.63,   472.71
349.85,   477.73,   597.65
353.16,   479.84,   722.59
343.28,   600.57,   470.69
346.58,   602.67,   595.63
349.89,   604.78,   720.57
474.73,   353.90,   471.37
478.03,   356.01,   596.31
481.34,   358.11,   721.25
471.46,   478.84,   469.35
474.77,   480.95,   594.29
478.07,   483.05,   719.23
468.19,   603.78,   467.34
471.50,   605.89,   592.27
474.80,   607.99,   717.21
599.64,   357.12,   468.01
602.95,   359.22,   592.95
606.25,   361.32,   717.89
596.37,   482.06,   465.99
599.68,   484.16,   590.93
602.98,   486.26,   715.87
593.11,   607.00,   463.98
596.41,   609.10,   588.92
599.72,   611.20,   713.85
349.61,   348.14,   600.73
347.14,   351.70,   725.65
344.66,   355.25,   850.58
346.86,   473.06,   597.12
344.38,   476.61,   722.04
341.91,   480.17,   846.97
344.10,   597.97,   593.51
341.62,   601.53,   718.43
339.15,   605.09,   843.36
474.56,   350.97,   603.12
472.08,   354.52,   728.05
469.61,   358.08,   852.97
471.80,   475.88,   599.51
469.33,   479.44,   724.44
466.85,   483.00,   849.36
469.04,   600.80,   595.90
466.57,   604.36,   720.83
464.09,   607.91,   845.75
599.50,   353.80,   605.52
597.03,   357.35,   730.44
594.55,   360.91,   855.37
596.75,   478.71,   601.91
594.27,   482.27,   726.83
591.80,   485.82,   851.76
593.99,   603.63,   598.30
591.51,   607.19,   723.22
589.04,   610.74,   848.15
349.94,   474.70,   101.39
350.07,   472.22,   226.37
350.20,   469.74,   351.34
350.28,   599.68,   103.88
350.40,   597.20,   228.85
350.53,   594.71,   353.83
350.61,   724.65,   106.36
350.74,   722.17,   231.33
350.87,   719.69,   356.31
474.94,   474.37,   101.26
475.07,   471.89,   226.23
475.20,   469.41,   351.21
475.28,   599.35,   103.74
475.40,   596.86,   228.72
475.53,   594.38,   353.69
475.61,   724.32,   106.22
475.74,   721.84,   231.20
475.87,   719.36,   356.17
599.94,   474.04,   101.12
600.07,   471.56,   226.10
600.20,   469.07,   351.07
600.28,   599.01,   103.60
600.40,   596.53,   228.58
600.53,   594.05,   353.56
600.61,   723.99,   106.09
600.74,   721.51,   231.06
600.87,   719.02,   356.04
351.79,   475.10,   223.31
352.45,   476.57,   348.30
353.11,   478.03,   473.29
355.45,   600.04,   221.83
356.11,   601.50,   346.82
356.77,   602.97,   471.81
359.11,   724.98,   220.35
359.77,   726.44,   345.34
360.43,   727.90,   470.33
476.74,   471.44,   222.70
477.40,   472.90,   347.69
478.06,   474.36,   472.68
480.40,   596.38,   221.22
481.06,   597.84,   346.21
481.71,   599.30,   471.20
484.05,   721.32,   219.74
484.71,   722.78,   344.73
485.37,   724.24,   469.72
601.68,   467.78,   222.08
602.34,   469.24,   347.07
603.00,   470.70,   472.06
605.34,   592.71,   220.60
606.00,   594.18,   345.59
606.66,   595.64,   470.58
609.00,   717.65,   219.12
609.66,   719.11,   344.11
610.32,   720.58,   469.10
348.71,   475.14,   350.26
349.67,   478.63,   475.21
350.64,   482.13,   600.16
347.14,   600.08,   346.78
348.10,   603.58,   471.73
349.07,   607.07,   596.68
345.56,   725.02,   343.30
346.53,   728.52,   468.24
347.49,   732.01,   593.19
473.69,   476.68,   349.25
474.66,   480.18,   474.20
475.63,   483.67,   599.15
472.12,   601.63,   345.77
473.09,   605.12,   470.72
474.05,   608.62,   595.67
470.55,   726.57,   342.29
471.51,   730.06,   467.24
472.48,   733.56,   592.18
598.68,   478.23,   348.25
599.65,   481.72,   473.19
600.61,   485.22,   598.14
597.11,   603.17,   344.76
598.07,   606.67,   469.71
599.04,   610.16,   594.66
595.54,   728.11,   341.28
596.50,   731.61,   466.23
597.47,   735.10,   591.17
348.98,   475.62,   473.69
346.79,   474.62,   598.67
344.61,   473.62,   723.64
351.90,   600.58,   474.74
349.71,   599.58,   599.72
347.53,   598.58,   724.70
354.82,   725.54,   475.79
352.64,   724.54,   600.77
350.45,   723.54,   725.75
473.92,   472.68,   475.85
471.74,   471.68,   600.83
469.56,   470.68,   725.80
476.84,   597.64,   476.90
474.66,   596.64,   601.88
472.48,   595.64,   726.86
479.77,   722.60,   477.95
477.58,   721.60,   602.93
475.40,   720.60,   727.91
598.87,   469.74,   478.01
596.69,   468.74,   602.99
594.50,   467.74,   727.96
601.79,   594.70,   479.06
599.61,   593.70,   604.04
597.42,   592.70,   729.02
604.71,   719.67,   480.11
602.53,   718.66,   605.09
600.34,   717.66,   730.07
349.92,   476.26,   600.72
353.69,   478.90,   725.64
357.46,   481.54,   850.55
352.25,   601.21,   598.01
356.02,   603.85,   722.93
359.79,   606.49,   847.84
354.58,   726.15,   595.30
358.35,   728.79,   720.22
362.12,   731.44,   845.13
474.84,   473.85,   597.00
478.61,   476.49,   721.92
482.38,   479.13,   846.83
477.17,   598.80,   594.29
480.94,   601.44,   719.20
484.71,   604.08,   844.12
479.50,   723.74,   591.58
483.27,   726.38,   716.49
487.04,   729.03,   841.41
599.76,   471.44,   593.28
603.53,   474.08,   718.19
607.31,   476.72,   843.11
602.09,   596.39,   590.57
605.86,   599.03,   715.48
609.63,   601.67,   840.40
604.42,   721.33,   587.85
608.19,   723.98,   712.77
611.96,   726.62,   837.69
350.83,   598.47,   101.63
352.22,   601.20,   226.59
353.62,   603.93,   351.56
353.71,   723.41,   98.87
355.10,   726.14,   223.84
356.50,   728.86,   348.80
356.59,   848.35,   96.12
357.99,   851.07,   221.08
359.38,   853.80,   346.04
475.78,   595.56,   100.30
477.18,   598.29,   225.26
478.58,   601.01,   350.22
478.67,   720.50,   97.54
480.06,   723.22,   222.50
481.46,   725.95,   347.47
481.55,   845.43,   94.78
482.94,   848.16,   219.75
484.34,   850.89,   344.71
600.74,   592.65,   98.97
602.14,   595.38,   223.93
603.54,   598.10,   348.89
603.62,   717.59,   96.21
605.02,   720.31,   221.17
606.42,   723.04,   346.13
606.51,   842.52,   93.45
607.90,   845.25,   218.41
609.30,   847.97,   343.38
351.51,   600.16,   226.61
355.07,   601.40,   351.55
358.63,   602.63,   476.49
349.82,   725.15,   225.42
353.38,   726.38,   350.36
356.94,   727.61,   475.31
348.13,   850.13,   224.24
351.69,   851.36,   349.18
355.24,   852.59,   474.12
476.45,   601.82,   223.03
480.01,   603.05,   347.97
483.57,   604.29,   472.92
474.76,   726.81,   221.85
478.32,   728.04,   346.79
481.87,   729.27,   471.73
473.07,   851.79,   220.66
476.62,   853.02,   345.61
480.18,   854.25,   470.55
601.39,   603.48,   219.46
604.95,   604.71,   344.40
608.51,   605.94,   469.34
599.70,   728.46,   218.27
603.25,   729.70,   343.22
606.81,   730.93,   468.16
598.00,   853.45,   217.09
601.56,   854.68,   342.03
605.12,   855.91,   466.97
348.44,   600.93,   349.37
345.15,   597.29,   474.27
341.86,   593.64,   599.17
350.34,   725.86,   353.06
347.05,   722.22,   477.97
343.75,   718.57,   602.87
352.24,   850.79,   356.76
348.95,   847.15,   481.66
345.65,   843.50,   606.56
473.39,   598.93,   352.61
470.09,   595.29,   477.51
466.80,   591.65,   602.41
475.29,   723.87,   356.30
471.99,   720.22,   481.20
468.70,   716.58,   606.11
477.18,   848.80,   359.99
473.89,   845.15,   484.90
470.60,   841.51,   609.80
598.33,   596.94,   355.84
595.03,   593.30,   480.75
591.74,   589.65,   605.65
600.23,   721.87,   359.54
596.93,   718.23,   484.44
593.64,   714.58,   609.34
602.13,   846.80,   363.23
598.83,   843.16,   488.13
595.54,   839.52,   613.04
350.08,   598.79,   474.59
351.71,   598.56,   599.58
353.33,   598.32,   724.57
351.19,   723.79,   474.81
352.82,   723.55,   599.80
354.45,   723.32,   724.79
352.31,   848.78,   475.03
353.93,   848.55,   600.02
355.56,   848.31,   725.01
475.06,   597.68,   472.97
476.69,   597.45,   597.96
478.32,   597.21,   722.95
476.18,   722.67,   473.19
477.80,   722.44,   598.18
479.43,   722.21,   723.16
477.29,   847.67,   473.41
478.92,   847.44,   598.39
480.54,   847.20,   723.38
600.05,   596.57,   471.34
601.67,   596.34,   596.33
603.30,   596.10,   721.32
601.16,   721.56,   471.56
602.79,   721.33,   596.55
604.41,   721.10,   721.54
602.28,   846.56,   471.78
603.90,   846.32,   596.77
605.53,   846.09,   721.76
351.44,   599.01,   600.70
354.14,   596.77,   725.65
356.85,   594.53,   850.60
348.03,   723.94,   603.01
350.74,   721.71,   727.96
353.44,   719.47,   852.92
344.62,   848.88,   605.33
347.33,   846.64,   730.28
350.03,   844.40,   855.23
476.36,   602.47,   598.06
479.07,   600.23,   723.01
481.77,   597.99,   847.96
472.96,   727.40,   600.37
475.66,   725.16,   725.32
478.37,   722.92,   850.27
469.55,   852.33,   602.68
472.25,   850.09,   727.63
474.96,   847.85,   852.58
601.29,   605.92,   595.41
603.99,   603.69,   720.37
606.70,   601.45,   845.32
597.88,   730.86,   597.73
600.59,   728.62,   722.68
603.29,   726.38,   847.63
594.47,   855.79,   600.04
597.18,   853.55,   724.99
599.88,   851.31,   849.94
474.25,   100.96,   99.97
472.40,   102.28,   224.95
470.55,   103.60,   349.93
472.39,   225.94,   98.63
470.54,   227.26,   223.61
468.68,   228.58,   348.59
470.53,   350.92,   97.28
468.67,   352.24,   222.26
466.82,   353.56,   347.24
599.23,   102.84,   101.81
597.37,   104.16,   226.79
595.52,   105.48,   351.77
597.36,   227.82,   100.46
595.51,   229.14,   225.44
593.66,   230.46,   350.42
595.50,   352.80,   99.11
593.65,   354.12,   224.09
591.79,   355.44,   349.07
724.20,   104.72,   103.64
722.34,   106.04,   228.62
720.49,   107.37,   353.60
722.34,   229.70,   102.30
720.48,   231.02,   227.28
718.63,   232.34,   352.25
720.47,   354.68,   100.95
718.62,   356.00,   225.93
716.76,   357.32,   350.91
474.83,   100.27,   224.70
471.85,   99.84,   349.66
468.87,   99.41,   474.62
473.15,   225.25,   225.08
470.17,   224.83,   350.05
467.19,   224.40,   475.01
471.46,   350.24,   225.47
468.49,   349.81,   350.44
465.51,   349.39,   475.40
599.78,   101.94,   227.68
596.80,   101.51,   352.64
593.83,   101.08,   477.61
598.10,   226.93,   228.07
595.12,   226.50,   353.03
592.14,   226.07,   478.00
596.42,   351.92,   228.46
593.44,   351.49,   353.42
590.46,   351.06,   478.38
724.74,   103.61,   230.66
721.76,   103.18,   355.63
718.78,   102.75,   480.59
723.05,   228.60,   231.05
720.07,   228.17,   356.02
717.10,   227.74,   480.98
721.37,   353.59,   231.44
718.39,   353.16,   356.41
715.41,   352.73,   481.37
474.10,   101.81,   349.64
474.76,   99.93,   474.63
475.42,   98.04,   599.61
473.39,   226.80,   351.54
474.05,   224.91,   476.52
474.71,   223.02,   601.50
472.69,   351.78,   353.43
473.35,   349.89,   478.41
474.01,   348.00,   603.40
599.09,   102.53,   348.99
599.75,   100.64,   473.98
600.41,   98.75,   598.96
598.39,   227.51,   350.89
599.05,   225.62,   475.87
599.71,   223.74,   600.85
597.68,   352.50,   352.78
598.34,   350.61,   477.76
599.00,   348.72,   602.75
724.09,   103.24,   348.34
724.75,   101.35,   473.33
725.41,   99.47,   598.31
723.38,   228.23,   350.24
724.04,   226.34,   475.22
724.70,   224.45,   600.20
722.68,   353.21,   352.13
723.34,   351.32,   477.11
724.00,   349.43,   602.10
475.33,   98.32,   474.53
471.89,   96.65,   599.47
468.45,   94.99,   724.41
479.03,   223.25,   476.30
475.59,   221.59,   601.24
472.14,   219.92,   726.18
482.73,   348.19,   478.06
479.28,   346.52,   603.01
475.84,   344.85,   727.95
600.23,   94.58,   477.92
596.79,   92.91,   602.86
593.34,   91.24,   727.80
603.93,   219.51,   479.69
600.48,   217.84,   604.63
597.04,   216.18,   729.57
607.62,   344.44,   481.46
604.18,   342.77,   606.40
600.74,   341.11,   731.34
725.13,   90.83,   481.31
721.68,   89.17,   606.25
718.24,   87.50,   731.19
728.82,   215.76,   483.08
725.38,   214.10,   608.02
721.94,   212.43,   732.96
732.52,   340.70,   484.85
729.08,   339.03,   609.79
725.64,   337.36,   734.73
475.32,   98.94,   600.07
478.57,   96.00,   724.99
481.82,   93.05,   849.92
477.10,   223.90,   602.97
480.36,   220.95,   727.89
483.61,   218.01,   852.82
478.89,   348.85,   605.87
482.14,   345.91,   730.79
485.40,   342.96,   855.72
600.26,   97.23,   596.78
603.51,   94.29,   721.70
606.77,   91.34,   846.62
602.05,   222.19,   599.67
605.30,   219.24,   724.60
608.56,   216.30,   849.52
603.83,   347.14,   602.57
607.09,   344.20,   727.50
610.34,   341.25,   852.42
725.21,   95.52,   593.48
728.46,   92.58,   718.40
731.71,   89.63,   843.33
726.99,   220.48,   596.38
730.25,   217.53,   721.30
733.50,   214.59,   846.23
728.78,   345.43,   599.28
732.03,   342.49,   724.20
735.29,   339.54,   849.12
476.72,   226.88,   98.26
475.61,   229.35,   223.23
474.50,   231.82,   348.20
478.06,   351.85,   95.80
476.95,   354.32,   220.77
475.84,   356.79,   345.74
479.40,   476.82,   93.35
478.29,   479.29,   218.32
477.17,   481.76,   343.29
601.71,   225.57,   99.39
600.60,   228.04,   224.37
599.49,   230.50,   349.34
603.05,   350.54,   96.94
601.94,   353.00,   221.91
600.82,   355.47,   346.88
604.39,   475.51,   94.48
603.27,   477.97,   219.46
602.16,   480.44,   344.43
726.70,   224.25,   100.53
725.59,   226.72,   225.50
724.47,   229.19,   350.47
728.04,   349.22,   98.08
726.92,   351.69,   223.05
725.81,   354.15,   348.02
729.37,   474.19,   95.62
728.26,   476.66,   220.59
727.15,   479.12,   345.56
474.83,   226.28,   225.96
475.08,   222.58,   350.91
475.33,   218.88,   475.85
474.24,   351.23,   229.66
474.50,   347.53,   354.61
474.75,   343.83,   479.55
473.66,   476.17,   233.36
473.91,   472.47,   358.31
474.16,   468.77,   483.25
599.83,   226.87,   225.73
600.08,   223.18,   350.67
600.33,   219.48,   475.62
599.24,   351.82,   229.43
599.49,   348.12,   354.37
599.75,   344.42,   479.32
598.66,   476.76,   233.13
598.91,   473.06,   358.07
599.16,   469.36,   483.02
724.83,   227.47,   225.49
725.08,   223.77,   350.44
725.33,   220.07,   475.38
724.24,   352.41,   229.19
724.49,   348.71,   354.14
724.74,   345.01,   479.08
723.65,   477.35,   232.89
723.91,   473.66,   357.84
724.16,   469.96,   482.78
475.85,   223.05,   349.16
477.95,   224.59,   474.13
480.06,   226.13,   599.11
475.38,   348.04,   347.63
477.49,   349.58,   472.60
479.59,   351.12,   597.57
474.92,   473.03,   346.09
477.02,   474.57,   471.07
479.12,   476.11,   596.04
600.83,   223.49,   347.05
602.93,   225.03,   472.02
605.04,   226.57,   597.00
600.36,   348.48,   345.52
602.47,   350.02,   470.49
604.57,   351.56,   595.46
599.90,   473.47,   343.98
602.00,   475.01,   468.96
604.11,   476.55,   593.93
725.81,   223.93,   344.94
727.92,   225.47,   469.91
730.02,   227.01,   594.89
725.35,   348.92,   343.41
727.45,   350.46,   468.38
729.55,   352.00,   593.35
724.88,   473.91,   341.87
726.98,   475.45,   466.85
729.09,   476.99,   591.82
475.38,   223.05,   474.52
474.72,   221.00,   599.50
474.07,   218.95,   724.48
478.21,   348.00,   476.58
477.56,   345.95,   601.57
476.90,   343.90,   726.55
481.05,   472.95,   478.65
480.39,   470.90,   603.63
479.73,   468.85,   728.61
600.34,   220.20,   475.13
599.69,   218.15,   600.11
599.03,   216.11,   725.09
603.18,   345.15,   477.19
602.52,   343.10,   602.17
601.87,   341.06,   727.16
606.01,   470.10,   479.26
605.36,   468.05,   604.24
604.70,   466.01,   729.22
725.31,   217.36,   475.74
724.66,   215.31,   600.72
724.00,   213.26,   725.70
728.14,   342.31,   477.80
727.49,   340.26,   602.78
726.83,   338.21,   727.76
730.98,   467.26,   479.86
730.32,   465.21,   604.85
729.67,   463.16,   729.83
475.03,   223.35,   598.19
472.60,   219.70,   723.12
470.17,   216.05,   848.04
473.01,   348.28,   601.80
470.57,   344.63,   726.73
468.14,   340.98,   851.65
470.98,   473.21,   605.41
468.55,   469.56,   730.33
466.12,   465.91,   855.26
599.99,   225.30,   600.68
597.56,   221.65,   725.61
595.13,   218.00,   850.53
597.97,   350.23,   604.29
595.53,   346.58,   729.22
593.10,   342.94,   854.14
595.94,   475.16,   607.90
593.51,   471.51,   732.82
591.08,   467.87,   857.75
724.95,   227.25,   603.17
722.52,   223.61,   728.10
720.09,   219.96,   853.02
722.93,   352.19,   606.78
720.49,   348.54,   731.71
718.06,   344.89,   856.63
720.90,   477.12,   610.39
718.47,   473.47,   735.31
716.04,   469.82,   860.24
473.92,   351.17,   98.28
474.83,   349.19,   223.26
475.74,   347.21,   348.24
471.50,   476.13,   100.28
472.41,   474.15,   225.26
473.32,   472.17,   350.24
469.07,   601.09,   102.28
469.98,   599.11,   227.26
470.89,   597.13,   352.24
598.90,   353.61,   97.40
599.81,   351.63,   222.39
600.72,   349.65,   347.37
596.47,   478.57,   99.40
597.38,   476.59,   224.38
598.29,   474.61,   349.37
594.04,   603.53,   101.40
594.95,   601.55,   226.38
595.86,   599.57,   351.36
723.87,   356.05,   96.53
724.78,   354.07,   221.51
725.69,   352.09,   346.49
721.44,   481.01,   98.53
722.35,   479.03,   223.51
723.26,   477.05,   348.49
719.01,   605.98,   100.53
719.93,   603.99,   225.51
720.84,   602.01,   350.49
475.24,   349.75,   225.88
476.10,   351.37,   350.86
476.97,   353.00,   475.85
478.45,   474.70,   224.23
479.31,   476.32,   349.22
480.18,   477.95,   474.20
481.66,   599.64,   222.58
482.53,   601.27,   347.57
483.39,   602.89,   472.56
600.19,   346.52,   225.05
601.06,   348.15,   350.04
601.92,   349.77,   475.03
603.41,   471.47,   223.41
604.27,   473.10,   348.39
605.13,   474.72,   473.38
606.62,   596.42,   221.76
607.48,   598.04,   346.75
608.35,   599.67,   471.73
725.15,   343.30,   224.23
726.01,   344.92,   349.22
726.88,   346.55,   474.20
728.36,   468.25,   222.58
729.23,   469.87,   347.57
730.09,   471.50,   472.56
731.58,   593.19,   220.94
732.44,   594.82,   345.93
733.30,   596.44,   470.91
475.23,   349.66,   351.47
477.40,   353.02,   476.41
479.58,   356.39,   601.34
477.70,   474.59,   348.06
479.87,   477.95,   473.00
482.05,   481.32,   597.94
480.17,   599.51,   344.66
482.35,   602.88,   469.59
484.52,   606.24,   594.53
600.18,   347.13,   349.37
602.36,   350.49,   474.30
604.53,   353.86,   599.24
602.66,   472.06,   345.96
604.83,   475.42,   470.89
607.00,   478.78,   595.83
605.13,   596.98,   342.55
607.30,   600.35,   467.49
609.48,   603.71,   592.42
725.14,   344.60,   347.26
727.32,   347.96,   472.20
729.49,   351.33,   597.13
727.61,   469.52,   343.85
729.79,   472.89,   468.79
731.96,   476.25,   593.72
730.09,   594.45,   340.44
732.26,   597.82,   465.38
734.43,   601.18,   590.32
473.05,   349.06,   473.58
472.18,   350.23,   598.57
471.31,   351.40,   723.57
474.33,   474.05,   472.42
473.45,   475.22,   597.41
472.58,   476.39,   722.40
475.60,   599.04,   471.26
474.73,   600.21,   596.25
473.85,   601.38,   721.24
598.04,   347.80,   474.47
597.17,   348.97,   599.46
596.30,   350.14,   724.45
599.32,   472.79,   473.31
598.44,   473.96,   598.30
597.57,   475.13,   723.29
600.59,   597.78,   472.14
599.72,   598.95,   597.14
598.84,   600.12,   722.13
723.04,   346.54,   475.35
722.16,   347.71,   600.34
721.29,   348.88,   725.34
724.31,   471.52,   474.19
723.43,   472.69,   599.18
722.56,   473.87,   724.17
725.58,   596.51,   473.03
724.71,   597.68,   598.02
723.83,   598.85,   723.01
474.41,   350.96,   598.28
476.01,   352.43,   723.26
477.60,   353.89,   848.24
473.88,   475.95,   596.82
475.47,   477.42,   721.80
477.07,   478.88,   846.78
473.34,   600.94,   595.36
474.94,   602.41,   720.34
476.53,   603.87,   845.32
599.40,   351.48,   596.68
601.00,   352.94,   721.66
602.59,   354.41,   846.64
598.87,   476.47,   595.22
600.46,   477.93,   720.20
602.06,   479.40,   845.18
598.33,   601.46,   593.76
599.92,   602.92,   718.74
601.52,   604.39,   843.72
724.39,   352.00,   595.08
725.99,   353.46,   720.06
727.58,   354.93,   845.04
723.86,   476.99,   593.62
725.45,   478.45,   718.60
727.04,   479.92,   843.58
723.32,   601.98,   592.16
724.91,   603.44,   717.14
726.51,   604.91,   842.12
473.03,   475.39,   99.81
471.84,   472.42,   224.77
470.65,   469.44,   349.72
473.81,   600.35,   102.79
472.62,   597.38,   227.75
471.44,   594.41,   352.71
474.59,   725.31,   105.77
473.41,   722.34,   230.73
472.22,   719.37,   355.69
598.02,   474.58,   100.97
596.83,   471.60,   225.93
595.64,   468.63,   350.89
598.80,   599.54,   103.96
597.61,   596.57,   228.91
596.43,   593.59,   353.87
599.59,   724.50,   106.94
598.40,   721.53,   231.90
597.21,   718.56,   356.86
723.01,   473.77,   102.14
721.82,   470.79,   227.10
720.64,   467.82,   352.06
723.79,   598.73,   105.12
722.61,   595.75,   230.08
721.42,   592.78,   355.04
724.58,   723.69,   108.11
723.39,   720.72,   233.06
722.20,   717.74,   358.02
474.87,   474.00,   223.73
478.59,   470.39,   348.62
482.30,   466.77,   473.52
471.61,   598.90,   227.45
475.33,   595.29,   352.34
479.04,   591.67,   477.23
468.35,   723.81,   231.16
472.06,   720.19,   356.05
475.78,   716.57,   480.95
599.77,   477.37,   220.11
603.49,   473.75,   345.01
607.20,   470.14,   469.90
596.51,   602.27,   223.83
600.23,   598.66,   348.72
603.94,   595.04,   473.61
593.25,   727.17,   227.54
596.97,   723.56,   352.44
600.68,   719.94,   477.33
724.68,   480.74,   216.50
728.39,   477.12,   341.39
732.11,   473.50,   466.28
721.42,   605.64,   220.21
725.13,   602.02,   345.10
728.84,   598.41,   470.00
718.15,   730.54,   223.92
721.87,   726.93,   348.82
725.58,   723.31,   473.71
475.78,   475.41,   348.92
476.29,   476.08,   473.91
476.79,   476.75,   598.91
474.27,   600.40,   348.26
474.78,   601.07,   473.25
475.29,   601.74,   598.25
472.77,   725.39,   347.59
473.28,   726.06,   472.59
473.78,   726.73,   597.59
600.77,   476.92,   348.40
601.28,   477.58,   473.40
601.78,   478.25,   598.40
599.26,   601.91,   347.74
599.77,   602.57,   472.74
600.28,   603.24,   597.74
597.76,   726.90,   347.08
598.27,   727.56,   472.08
598.77,   728.23,   597.07
725.76,   478.42,   347.89
726.27,   479.09,   472.88
726.77,   479.75,   597.88
724.25,   603.41,   347.23
724.76,   604.08,   472.22
725.27,   604.74,   597.22
722.75,   728.40,   346.56
723.25,   729.07,   471.56
723.76,   729.73,   596.56
474.51,   473.56,   474.88
471.56,   472.30,   599.84
468.61,   471.04,   724.80
471.89,   598.53,   476.08
468.94,   597.27,   601.04
465.99,   596.01,   726.00
469.27,   723.50,   477.28
466.32,   722.23,   602.24
463.37,   720.97,   727.20
599.45,   476.15,   477.86
596.50,   474.89,   602.82
593.55,   473.63,   727.78
596.83,   601.12,   479.06
593.88,   599.86,   604.02
590.93,   598.60,   728.98
594.21,   726.09,   480.26
591.26,   724.83,   605.22
588.31,   723.56,   730.18
724.39,   478.75,   480.84
721.44,   477.48,   605.79
718.49,   476.22,   730.75
721.77,   603.71,   482.04
718.82,   602.45,   606.99
715.87,   601.19,   731.95
719.15,   728.68,   483.24
716.20,   727.42,   608.19
713.25,   726.16,   733.15
476.29,   473.84,   598.77
476.79,   472.96,   723.76
477.28,   472.08,   848.76
479.08,   598.81,   599.64
479.57,   597.93,   724.64
480.07,   597.04,   849.63
481.86,   723.78,   600.51
482.35,   722.89,   725.51
482.85,   722.01,   850.51
601.26,   471.07,   598.25
601.76,   470.18,   723.25
602.25,   469.30,   848.24
604.04,   596.03,   599.13
604.54,   595.15,   724.12
605.03,   594.26,   849.12
606.83,   721.00,   600.00
607.32,   720.11,   725.00
607.82,   719.23,   849.99
726.23,   468.29,   597.74
726.72,   467.40,   722.73
727.22,   466.52,   847.73
729.01,   593.25,   598.61
729.51,   592.37,   723.61
730.00,   591.48,   848.60
731.79,   718.22,   599.48
732.29,   717.33,   724.48
732.79,   716.45,   849.48
476.09,   601.01,   98.98
477.61,   601.82,   223.97
479.14,   602.63,   348.95
478.71,   725.98,   98.13
480.24,   726.79,   223.12
481.77,   727.60,   348.11
481.34,   850.95,   97.29
482.87,   851.76,   222.28
484.40,   852.57,   347.26
601.05,   598.37,   97.47
602.58,   599.18,   222.46
604.10,   599.99,   347.44
603.68,   723.34,   96.62
605.21,   724.15,   221.61
606.73,   724.96,   346.60
606.31,   848.31,   95.78
607.83,   849.12,   220.77
609.36,   849.93,   345.75
726.01,   595.73,   95.96
727.54,   596.54,   220.95
729.07,   597.36,   345.93
728.64,   720.70,   95.11
730.17,   721.51,   220.10
731.70,   722.33,   345.09
731.27,   845.67,   94.27
732.80,   846.48,   219.26
734.32,   847.30,   344.24
473.82,   598.75,   225.82
474.42,   601.77,   350.78
475.02,   604.79,   475.74
471.71,   723.70,   222.81
472.31,   726.71,   347.77
472.91,   729.73,   472.74
469.60,   848.64,   219.80
470.19,   851.66,   344.77
470.79,   854.68,   469.73
598.80,   600.85,   225.17
599.40,   603.87,   350.13
600.00,   606.88,   475.09
596.69,   725.79,   222.16
597.29,   728.81,   347.12
597.89,   731.83,   472.09
594.58,   850.74,   219.15
595.18,   853.76,   344.12
595.77,   856.78,   469.08
723.78,   602.94,   224.52
724.38,   605.96,   349.48
724.98,   608.98,   474.44
721.67,   727.89,   221.51
722.27,   730.91,   346.47
722.87,   733.93,   471.44
719.56,   852.84,   218.50
720.16,   855.85,   343.47
720.75,   858.87,   468.43
476.58,   598.01,   351.81
475.69,   598.66,   476.80
474.79,   599.30,   601.80
477.32,   723.01,   351.17
476.43,   723.65,   476.16
475.53,   724.30,   601.16
478.06,   848.01,   350.53
477.17,   848.65,   475.53
476.27,   849.29,   600.52
601.57,   597.28,   352.71
600.68,   597.92,   477.70
599.79,   598.56,   602.70
602.32,   722.27,   352.07
601.42,   722.92,   477.06
600.53,   723.56,   602.06
603.06,   847.27,   351.43
602.16,   847.91,   476.42
601.27,   848.56,   601.42
726.57,   596.54,   353.60
725.68,   597.18,   478.60
724.78,   597.83,   603.59
727.31,   721.54,   352.97
726.42,   722.18,   477.96
725.52,   722.82,   602.96
728.05,   846.53,   352.33
727.16,   847.18,   477.32
726.26,   847.82,   602.32
474.96,   599.72,   475.64
477.24,   599.46,   600.61
479.52,   599.19,   725.59
472.40,   724.69,   475.95
474.68,   724.43,   600.92
476.96,   724.17,   725.90
469.84,   849.67,   476.26
472.12,   849.40,   601.23
474.40,   849.14,   726.21
599.91,   602.28,   473.36
602.19,   602.02,   598.34
604.47,   601.76,   723.32
597.35,   727.26,   473.67
599.63,   726.99,   598.65
601.91,   726.73,   723.63
594.80,   852.23,   473.98
597.08,   851.97,   598.96
599.35,   851.70,   723.94
724.86,   604.85,   471.09
727.14,   604.58,   596.07
729.42,   604.32,   721.05
722.31,   729.82,   471.40
724.59,   729.56,   596.38
726.86,   729.29,   721.36
719.75,   854.79,   471.71
722.03,   854.53,   596.69
724.31,   854.27,   721.67
475.13,   601.65,   599.94
473.27,   600.61,   724.92
471.41,   599.57,   849.90
475.89,   726.65,   600.99
474.02,   725.60,   725.97
472.16,   724.56,   850.96
476.64,   851.64,   602.05
474.78,   850.60,   727.03
472.92,   849.55,   852.01
600.11,   600.88,   601.79
598.25,   599.84,   726.77
596.39,   598.80,   851.76
600.87,   725.87,   602.85
599.01,   724.83,   727.83
597.15,   723.79,   852.81
601.62,   850.87,   603.90
599.76,   849.83,   728.88
597.90,   848.78,   853.86
725.10,   600.11,   603.65
723.24,   599.07,   728.63
721.38,   598.03,   853.61
725.85,   725.10,   604.70
723.99,   724.06,   729.68
722.13,   723.02,   854.66
726.61,   850.10,   605.75
724.75,   849.05,   730.74
722.89,   848.01,   855.72
598.43,   101.06,   98.36
597.11,   100.33,   223.35
595.78,   99.61,   348.34
601.61,   226.02,   99.12
600.29,   225.29,   224.11
598.96,   224.56,   349.10
604.79,   350.97,   99.88
603.46,   350.25,   224.87
602.14,   349.52,   349.86
723.38,   97.87,   99.66
722.06,   97.14,   224.65
720.74,   96.42,   349.64
726.56,   222.83,   100.42
725.24,   222.10,   225.41
723.92,   221.37,   350.40
729.74,   347.79,   101.18
728.42,   347.06,   226.17
727.10,   346.33,   351.16
848.33,   94.68,   100.96
847.01,   93.96,   225.95
845.69,   93.23,   350.95
851.51,   219.64,   101.72
850.19,   218.91,   226.72
848.87,   218.19,   351.71
854.69,   344.60,   102.49
853.37,   343.87,   227.48
852.05,   343.14,   352.47
598.55,   101.76,   225.05
600.58,   100.95,   350.03
602.60,   100.14,   475.01
596.38,   226.73,   225.89
598.40,   225.93,   350.87
600.43,   225.12,   475.86
594.20,   351.71,   226.74
596.23,   350.90,   351.72
598.26,   350.09,   476.70
723.52,   103.94,   223.04
725.54,   103.13,   348.02
727.57,   102.32,   473.00
721.34,   228.92,   223.88
723.37,   228.11,   348.86
725.39,   227.30,   473.84
719.17,   353.90,   224.73
721.19,   353.09,   349.71
723.22,   352.28,   474.69
848.48,   106.13,   221.03
850.51,   105.32,   346.01
852.53,   104.51,   470.99
846.31,   231.11,   221.87
848.33,   230.30,   346.85
850.36,   229.49,   471.83
844.13,   356.09,   222.71
846.16,   355.28,   347.70
848.19,   354.47,   472.68
599.00,   100.67,   351.03
596.36,   99.72,   476.00
593.72,   98.78,   600.97
595.39,   225.61,   351.90
592.75,   224.67,   476.87
590.11,   223.72,   601.84
591.78,   350.56,   352.77
589.14,   349.61,   477.74
586.50,   348.67,   602.70
723.92,   104.26,   353.69
721.28,   103.31,   478.66
718.64,   102.37,   603.63
720.31,   229.20,   354.56
717.67,   228.26,   479.53
715.03,   227.31,   604.50
716.70,   354.15,   355.43
714.06,   353.20,   480.40
711.42,   352.25,   605.37
848.84,   107.85,   356.36
846.20,   106.90,   481.33
843.56,   105.95,   606.29
845.23,   232.79,   357.23
842.59,   231.84,   482.20
839.95,   230.90,   607.16
841.62,   357.73,   358.10
838.98,   356.79,   483.06
836.34,   355.84,   608.03
600.07,   101.11,   475.37
603.20,   98.76,   600.31
606.32,   96.41,   725.25
601.64,   226.07,   477.68
604.76,   223.73,   602.62
607.88,   221.38,   727.56
603.20,   351.04,   479.99
606.32,   348.70,   604.93
609.44,   346.35,   729.87
725.03,   99.60,   472.22
728.15,   97.26,   597.16
731.27,   94.91,   722.10
726.59,   224.57,   474.53
729.71,   222.22,   599.47
732.83,   219.88,   724.41
728.15,   349.54,   476.84
731.27,   347.19,   601.78
734.39,   344.85,   726.72
849.98,   98.10,   469.07
853.10,   95.75,   594.01
856.22,   93.41,   718.95
851.54,   223.07,   471.38
854.66,   220.72,   596.32
857.78,   218.37,   721.26
853.10,   348.04,   473.69
856.22,   345.69,   598.63
859.34,   343.34,   723.57
601.35,   99.14,   600.06
602.05,   100.78,   725.05
602.75,   102.43,   850.03
597.84,   224.08,   598.43
598.54,   225.72,   723.42
599.24,   227.37,   848.41
594.34,   349.02,   596.80
595.04,   350.66,   721.79
595.74,   352.31,   846.78
726.30,   102.63,   599.31
726.99,   104.28,   724.30
727.69,   105.92,   849.29
722.79,   227.57,   597.69
723.49,   229.22,   722.67
724.19,   230.86,   847.66
719.29,   352.51,   596.06
719.99,   354.16,   721.05
720.69,   355.81,   846.03
851.24,   106.12,   598.57
851.94,   107.77,   723.55
852.64,   109.42,   848.54
847.74,   231.06,   596.94
848.44,   232.71,   721.93
849.14,   234.36,   846.91
844.24,   356.00,   595.31
844.94,   357.65,   720.30
845.64,   359.30,   845.29
599.87,   225.41,   101.32
597.89,   228.10,   226.28
595.91,   230.78,   351.23
602.51,   350.35,   98.68
600.53,   353.04,   223.64
598.55,   355.72,   348.59
605.15,   475.30,   96.04
603.17,   477.98,   220.99
601.19,   480.67,   345.95
724.83,   222.82,   103.36
722.85,   225.50,   228.31
720.87,   228.19,   353.27
727.46,   347.76,   100.72
725.48,   350.44,   225.67
723.51,   353.13,   350.63
730.10,   472.70,   98.07
728.12,   475.39,   223.03
726.14,   478.07,   347.98
849.78,   220.22,   105.39
847.80,   222.91,   230.35
845.82,   225.59,   355.31
852.42,   345.16,   102.75
850.44,   347.85,   227.71
848.46,   350.53,   352.66
855.06,   470.11,   100.11
853.08,   472.79,   225.06
851.10,   475.48,   350.02
601.62,   225.80,   225.37
604.98,   223.63,   350.30
608.34,   221.45,   475.24
602.30,   350.78,   227.52
605.66,   348.61,   352.46
609.01,   346.43,   477.40
602.98,   475.76,   229.68
606.34,   473.59,   354.62
609.69,   471.41,   479.55
726.57,   225.18,   222.00
729.93,   223.01,   346.93
733.29,   220.83,   471.87
727.25,   350.16,   224.15
730.61,   347.99,   349.09
733.97,   345.81,   474.03
727.93,   475.14,   226.31
731.29,   472.97,   351.25
734.65,   470.79,   476.18
851.53,   224.56,   218.63
854.88,   222.39,   343.56
858.24,   220.21,   468.50
852.21,   349.54,   220.79
855.56,   347.36,   345.72
858.92,   345.19,   470.66
852.89,   474.52,   222.94
856.24,   472.34,   347.88
859.60,   470.17,   472.82
601.20,   224.06,   351.82
603.03,   224.96,   476.80
604.85,   225.87,   601.78
603.24,   349.04,   350.88
605.07,   349.94,   475.87
606.90,   350.85,   600.85
605.29,   474.02,   349.95
607.12,   474.92,   474.93
608.95,   475.83,   599.91
726.17,   222.00,   350.00
728.00,   222.90,   474.99
729.82,   223.81,   599.97
728.21,   346.98,   349.07
730.04,   347.88,   474.05
731.87,   348.79,   599.04
730.26,   471.96,   348.13
732.09,   472.86,   473.12
733.92,   473.77,   598.10
851.14,   219.94,   348.19
852.97,   220.84,   473.17
854.79,   221.75,   598.16
853.18,   344.92,   347.26
855.01,   345.82,   472.24
856.84,   346.73,   597.22
855.23,   469.90,   346.32
857.06,   470.80,   471.30
858.89,   471.71,   596.29
601.67,   224.87,   475.71
599.28,   224.08,   600.68
596.89,   223.29,   725.66
602.38,   349.86,   476.51
599.99,   349.07,   601.48
597.60,   348.28,   726.46
603.08,   474.86,   477.31
600.69,   474.07,   602.29
598.30,   473.28,   727.26
726.65,   224.15,   478.09
724.26,   223.36,   603.07
721.86,   222.57,   728.04
727.35,   349.14,   478.90
724.96,   348.35,   603.87
722.57,   347.56,   728.85
728.06,   474.14,   479.70
725.67,   473.35,   604.67
723.28,   472.56,   729.65
851.62,   223.43,   480.48
849.23,   222.64,   605.46
846.84,   221.85,   730.43
852.33,   348.42,   481.28
849.94,   347.63,   606.26
847.55,   346.84,   731.23
853.04,   473.42,   482.09
850.64,   472.63,   607.06
848.25,   471.84,   732.04
601.14,   223.10,   599.98
604.27,   222.40,   724.94
607.40,   221.70,   849.90
603.06,   348.09,   600.64
606.18,   347.39,   725.60
609.31,   346.68,   850.55
604.97,   473.07,   601.29
608.10,   472.37,   726.25
611.22,   471.67,   851.21
726.09,   221.21,   596.85
729.22,   220.51,   721.81
732.34,   219.80,   846.76
728.00,   346.19,   597.50
731.13,   345.49,   722.46
734.25,   344.79,   847.42
729.92,   471.18,   598.15
733.04,   470.47,   723.11
736.17,   469.77,   848.07
851.04,   219.31,   593.71
854.16,   218.61,   718.67
857.29,   217.91,   843.63
852.95,   344.30,   594.36
856.08,   343.59,   719.32
859.20,   342.89,   844.28
854.86,   469.28,   595.02
857.99,   468.58,   719.98
861.11,   467.88,   844.94
598.40,   348.52,   99.32
598.15,   347.29,   224.31
597.90,   346.05,   349.31
595.34,   473.47,   100.54
595.09,   472.24,   225.54
594.85,   471.01,   350.53
592.28,   598.43,   101.77
592.03,   597.20,   226.76
591.79,   595.97,   351.75
723.36,   351.57,   99.60
723.11,   350.34,   224.59
722.87,   349.11,   349.58
720.30,   476.53,   100.82
720.05,   475.30,   225.81
719.81,   474.07,   350.81
717.24,   601.49,   102.04
716.99,   600.25,   227.04
716.75,   599.02,   352.03
848.32,   354.63,   99.87
848.07,   353.40,   224.87
847.83,   352.17,   349.86
845.26,   479.59,   101.10
845.02,   478.35,   226.09
844.77,   477.12,   351.08
842.20,   604.54,   102.32
841.96,   603.31,   227.31
841.71,   602.08,   352.31
599.70,   351.93,   226.31
600.89,   351.37,   351.31
602.08,   350.82,   476.30
602.12,   476.91,   226.85
603.32,   476.35,   351.84
604.51,   475.79,   476.83
604.55,   601.88,   227.38
605.75,   601.32,   352.38
606.94,   600.77,   477.37
724.67,   349.51,   225.11
725.86,   348.95,   350.10
727.05,   348.39,   475.10
727.10,   474.48,   225.64
728.29,   473.93,   350.64
729.48,   473.37,   475.63
729.52,   599.46,   226.18
730.72,   598.90,   351.17
731.91,   598.34,   476.17
849.64,   347.08,   223.91
850.83,   346.53,   348.90
852.02,   345.97,   473.89
852.07,   472.06,   224.44
853.26,   471.50,   349.43
854.45,   470.94,   474.43
854.49,   597.03,   224.98
855.69,   596.48,   349.97
856.88,   595.92,   474.96
599.02,   349.97,   350.72
598.39,   347.08,   475.69
597.77,   344.19,   600.65
597.26,   474.93,   353.61
596.64,   472.03,   478.57
596.01,   469.14,   603.54
595.51,   599.88,   356.49
594.88,   596.99,   481.45
594.26,   594.09,   606.42
724.00,   351.71,   351.39
723.38,   348.82,   476.35
722.75,   345.93,   601.32
722.25,   476.67,   354.27
721.62,   473.77,   479.24
721.00,   470.88,   604.20
720.49,   601.62,   357.16
719.87,   598.73,   482.12
719.24,   595.83,   607.09
848.99,   353.45,   352.05
848.36,   350.56,   477.02
847.74,   347.67,   601.98
847.23,   478.41,   354.94
846.61,   475.51,   479.90
845.98,   472.62,   604.87
845.48,   603.36,   357.82
844.85,   600.47,   482.79
844.23,   597.57,   607.75
598.67,   349.15,   474.44
596.25,   346.93,   599.39
593.82,   344.71,   724.35
596.39,   474.11,   476.62
593.97,   471.89,   601.57
591.55,   469.67,   726.53
594.11,   599.07,   478.79
591.69,   596.85,   603.75
589.27,   594.63,   728.71
723.62,   351.38,   476.90
721.20,   349.16,   601.85
718.78,   346.94,   726.81
721.34,   476.34,   479.08
718.92,   474.12,   604.03
716.50,   471.90,   728.99
719.07,   601.30,   481.25
716.65,   599.08,   606.21
714.23,   596.86,   731.17
848.58,   353.62,   479.36
846.16,   351.39,   604.32
843.74,   349.17,   729.27
846.30,   478.58,   481.54
843.88,   476.36,   606.49
841.46,   474.13,   731.45
844.02,   603.54,   483.71
841.60,   601.32,   608.67
839.18,   599.09,   733.63
599.75,   348.84,   600.16
600.33,   345.34,   725.11
600.90,   341.83,   850.05
599.59,   473.79,   603.66
600.17,   470.29,   728.61
600.74,   466.78,   853.56
599.44,   598.74,   607.16
600.01,   595.24,   732.11
600.59,   591.73,   857.06
724.75,   349.01,   599.59
725.32,   345.51,   724.53
725.90,   342.01,   849.48
724.59,   473.96,   603.09
725.17,   470.46,   728.04
725.74,   466.96,   852.99
724.43,   598.91,   606.59
725.01,   595.41,   731.54
725.59,   591.91,   856.49
849.75,   349.19,   599.01
850.32,   345.68,   723.96
850.90,   342.18,   848.91
849.59,   474.14,   602.52
850.17,   470.63,   727.47
850.74,   467.13,   852.42
849.43,   599.09,   606.02
850.01,   595.58,   730.97
850.58,   592.08,   855.92
601.54,   474.62,   98.58
597.97,   477.67,   223.49
594.41,   480.73,   348.41
600.07,   599.57,   95.49
596.50,   602.63,   220.40
592.93,   605.68,   345.31
598.60,   724.53,   92.39
595.03,   727.58,   217.30
591.46,   730.63,   342.21
726.48,   476.18,   102.11
722.92,   479.23,   227.02
719.35,   482.29,   351.94
725.01,   601.13,   99.02
721.44,   604.19,   223.93
717.88,   607.24,   348.84
723.54,   726.09,   95.92
719.97,   729.14,   220.83
716.40,   732.19,   345.74
851.42,   477.74,   105.64
847.86,   480.79,   230.55
844.29,   483.85,   355.47
849.95,   602.69,   102.55
846.38,   605.75,   227.46
842.82,   608.80,   352.37
848.48,   727.65,   99.45
844.91,   730.70,   224.36
841.34,   733.75,   349.27
599.86,   473.01,   224.01
602.01,   476.29,   348.95
604.16,   479.57,   473.89
599.41,   597.97,   220.74
601.56,   601.25,   345.68
603.71,   604.52,   470.62
598.96,   722.93,   217.47
601.11,   726.20,   342.41
603.26,   729.48,   467.35
724.84,   473.41,   221.85
726.99,   476.68,   346.79
729.14,   479.96,   471.72
724.39,   598.36,   218.58
726.54,   601.64,   343.52
728.69,   604.92,   468.45
723.94,   723.32,   215.31
726.09,   726.60,   340.25
728.24,   729.87,   465.18
849.82,   473.80,   219.69
851.97,   477.08,   344.62
854.12,   480.35,   469.56
849.37,   598.76,   216.42
851.52,   602.03,   341.35
853.67,   605.31,   466.29
848.92,   723.71,   213.15
851.07,   726.99,   338.08
853.22,   730.27,   463.02
599.76,   475.30,   350.99
600.90,   476.42,   475.98
602.05,   477.54,   600.97
596.64,   600.26,   349.90
597.78,   601.38,   474.89
598.92,   602.50,   599.88
593.51,   725.22,   348.81
594.65,   726.33,   473.80
595.80,   727.45,   598.79
724.72,   478.42,   349.82
725.86,   479.54,   474.81
727.00,   480.66,   599.80
721.59,   603.37,   348.73
722.73,   604.49,   473.72
723.88,   605.61,   598.71
718.47,   728.33,   347.64
719.61,   729.45,   472.63
720.75,   730.57,   597.62
849.67,   481.53,   348.65
850.81,   482.65,   473.64
851.96,   483.77,   598.63
846.55,   606.49,   347.56
847.69,   607.61,   472.55
848.83,   608.73,   597.54
843.42,   731.44,   346.47
844.56,   732.56,   471.46
845.71,   733.68,   596.45
598.52,   475.16,   473.20
598.77,   472.09,   598.16
599.02,   469.02,   723.13
600.60,   600.11,   476.27
600.85,   597.04,   601.23
601.10,   593.96,   726.19
602.68,   725.05,   479.34
602.93,   721.98,   604.30
603.18,   718.91,   729.26
723.50,   473.09,   472.90
723.75,   470.02,   597.87
724.00,   466.95,   722.83
725.59,   598.03,   475.97
725.83,   594.96,   600.93
726.08,   591.89,   725.89
727.67,   722.98,   479.04
727.91,   719.91,   604.00
728.16,   716.84,   728.96
848.49,   471.02,   472.61
848.73,   467.94,   597.57
848.98,   464.87,   722.53
850.57,   595.96,   475.67
850.81,   592.89,   600.63
851.06,   589.82,   725.60
852.65,   720.91,   478.74
852.89,   717.83,   603.70
853.14,   714.76,   728.66
600.13,   474.48,   598.31
597.49,   473.35,   723.28
594.85,   472.21,   848.24
602.83,   599.44,   599.50
600.19,   598.31,   724.46
597.55,   597.18,   849.43
605.52,   724.41,   600.68
602.88,   723.28,   725.65
600.25,   722.15,   850.62
725.08,   471.76,   600.92
722.44,   470.63,   725.89
719.80,   469.50,   850.86
727.77,   596.72,   602.11
725.13,   595.59,   727.08
722.49,   594.46,   852.04
730.47,   721.69,   603.30
727.83,   720.56,   728.27
725.19,   719.43,   853.23
850.02,   469.04,   603.54
847.38,   467.91,   728.50
844.74,   466.78,   853.47
852.71,   594.00,   604.72
850.08,   592.87,   729.69
847.44,   591.74,   854.66
855.41,   718.97,   605.91
852.77,   717.84,   730.88
850.13,   716.71,   855.85
598.54,   600.97,   98.08
601.85,   604.36,   222.99
605.15,   607.76,   347.90
597.55,   725.92,   94.71
600.86,   729.31,   219.62
604.17,   732.71,   344.53
596.56,   850.87,   91.34
599.87,   854.26,   216.25
603.18,   857.66,   341.16
723.49,   601.87,   94.74
726.80,   605.26,   219.65
730.11,   608.65,   344.56
722.50,   726.82,   91.37
725.81,   730.21,   216.28
729.12,   733.61,   341.19
721.51,   851.77,   88.00
724.82,   855.16,   212.91
728.13,   858.56,   337.82
848.45,   602.77,   91.41
851.75,   606.16,   216.32
855.06,   609.55,   341.23
847.46,   727.72,   88.04
850.76,   731.11,   212.95
854.07,   734.50,   337.86
846.47,   852.67,   84.67
849.77,   856.06,   209.58
853.08,   859.46,   334.49
601.50,   600.25,   223.86
599.16,   598.34,   348.82
596.82,   596.43,   473.78
598.24,   725.20,   225.71
595.90,   723.28,   350.67
593.55,   721.37,   475.63
594.98,   850.14,   227.56
592.63,   848.23,   352.52
590.29,   846.32,   477.48
726.44,   603.48,   226.25
724.09,   601.57,   351.21
721.75,   599.66,   476.17
723.17,   728.42,   228.10
720.83,   726.51,   353.06
718.49,   724.60,   478.02
719.91,   853.37,   229.95
717.57,   851.46,   354.91
715.23,   849.54,   479.88
851.37,   606.71,   228.64
849.03,   604.79,   353.60
846.69,   602.88,   478.57
848.11,   731.65,   230.49
845.77,   729.74,   355.45
843.42,   727.83,   480.42
844.85,   856.59,   232.34
842.50,   854.68,   357.30
840.16,   852.77,   482.27
599.79,   599.93,   348.13
599.24,   599.21,   473.13
598.70,   598.48,   598.12
596.30,   724.88,   348.84
595.75,   724.16,   473.84
595.21,   723.43,   598.83
592.81,   849.83,   349.55
592.26,   849.10,   474.54
591.72,   848.38,   599.54
724.74,   603.42,   348.70
724.19,   602.69,   473.69
723.65,   601.97,   598.69
721.25,   728.37,   349.40
720.70,   727.64,   474.40
720.16,   726.92,   599.40
717.76,   853.32,   350.11
717.21,   852.59,   475.11
716.67,   851.87,   600.11
849.69,   606.91,   349.26
849.14,   606.18,   474.26
848.60,   605.46,   599.25
846.20,   731.85,   349.97
845.65,   731.13,   474.97
845.11,   730.41,   599.96
842.71,   856.80,   350.68
842.16,   856.08,   475.68
841.62,   855.36,   600.67
600.23,   600.41,   474.87
597.96,   598.15,   599.83
595.70,   595.89,   724.78
599.22,   725.38,   477.11
596.95,   723.12,   602.07
594.69,   720.86,   727.03
598.21,   850.36,   479.35
595.94,   848.10,   604.31
593.68,   845.84,   729.27
725.20,   601.37,   477.15
722.94,   599.11,   602.11
720.67,   596.85,   727.07
724.19,   726.35,   479.39
721.93,   724.09,   604.35
719.66,   721.83,   729.31
723.18,   851.33,   481.63
720.92,   849.07,   606.59
718.66,   846.80,   731.55
850.18,   602.34,   479.43
847.91,   600.08,   604.39
845.65,   597.82,   729.35
849.17,   727.32,   481.67
846.90,   725.06,   606.63
844.64,   722.80,   731.59
848.16,   852.29,   483.92
845.90,   850.03,   608.88
843.63,   847.77,   733.84
599.46,   598.71,   601.56
601.78,   600.05,   726.53
604.10,   601.38,   851.50
599.14,   723.70,   600.22
601.46,   725.04,   725.20
603.78,   726.38,   850.17
598.81,   848.69,   598.89
601.13,   850.03,   723.87
603.46,   851.37,   848.84
724.44,   599.01,   599.23
726.76,   600.34,   724.20
729.08,   601.68,   849.17
724.11,   724.00,   597.90
726.44,   725.34,   722.87
728.76,   726.67,   847.84
723.79,   848.99,   596.57
726.11,   850.33,   721.54
728.43,   851.67,   846.51
849.42,   599.31,   596.91
851.74,   600.64,   721.88
854.06,   601.98,   846.85
849.09,   724.30,   595.58
851.41,   725.64,   720.55
853.74,   726.97,   845.52
848.77,   849.29,   594.24
851.09,   850.63,   719.22
853.41,   851.97,   844.19
