27, 125, pa2-unknown-j-output-1.txt
201.22,   205.54,   208.29
407.50,   376.84,   206.29
101.75,   101.33,   100.97
103.00,   99.46,   225.95
104.24,   97.59,   350.93
104.66,   226.28,   102.81
105.91,   224.41,   227.79
107.15,   222.54,   352.77
107.58,   351.24,   104.65
108.82,   349.36,   229.63
110.06,   347.49,   354.61
226.71,   98.44,   99.68
227.95,   96.56,   224.66
229.20,   94.69,   349.64
229.62,   223.39,   101.52
230.87,   221.52,   226.50
232.11,   219.65,   351.48
232.54,   348.34,   103.36
233.78,   346.47,   228.34
235.02,   344.60,   353.32
351.67,   95.54,   98.39
352.91,   93.67,   223.37
354.16,   91.80,   348.35
354.58,   220.50,   100.23
355.83,   218.62,   225.21
357.07,   216.75,   350.19
357.50,   345.45,   102.08
358.74,   343.58,   227.06
359.98,   341.70,   352.04
98.38,   99.64,   223.99
98.11,   99.65,   348.99
97.84,   99.66,   473.99
100.43,   224.62,   223.98
100.16,   224.63,   348.98
99.90,   224.64,   473.98
102.49,   349.60,   223.97
102.22,   349.61,   348.97
101.95,   349.62,   473.97
223.36,   97.58,   224.25
223.09,   97.59,   349.25
222.82,   97.60,   474.25
225.42,   222.57,   224.25
225.15,   222.58,   349.25
224.88,   222.59,   474.25
227.47,   347.55,   224.24
227.20,   347.56,   349.24
226.93,   347.57,   474.24
348.34,   95.53,   224.52
348.07,   95.54,   349.52
347.81,   95.55,   474.52
350.40,   220.51,   224.52
350.13,   220.52,   349.52
349.86,   220.53,   474.52
352.45,   345.49,   224.51
352.18,   345.50,   349.51
351.92,   345.51,   474.51
98.07,   98.44,   349.49
95.85,   96.86,   474.46
93.62,   95.28,   599.43
98.77,   223.43,   351.08
96.55,   221.85,   476.05
94.33,   220.27,   601.02
99.48,   348.42,   352.68
97.25,   346.84,   477.65
95.03,   345.25,   602.62
223.05,   97.71,   351.70
220.82,   96.13,   476.67
218.60,   94.55,   601.64
223.75,   222.70,   353.30
221.53,   221.11,   478.27
219.31,   219.53,   603.24
224.45,   347.68,   354.89
222.23,   346.10,   479.86
220.01,   344.52,   604.83
348.02,   96.97,   353.91
345.80,   95.39,   478.89
343.58,   93.81,   603.86
348.73,   221.96,   355.51
346.51,   220.38,   480.48
344.28,   218.80,   605.45
349.43,   346.95,   357.10
347.21,   345.37,   482.07
344.99,   343.79,   607.04
98.84,   99.95,   474.42
97.69,   97.38,   599.39
96.55,   94.82,   724.36
100.52,   224.91,   477.00
99.37,   222.35,   601.97
98.22,   219.78,   726.93
102.19,   349.87,   479.58
101.05,   347.31,   604.54
99.90,   344.75,   729.51
223.83,   98.25,   475.53
222.68,   95.69,   600.50
221.53,   93.12,   725.47
225.50,   223.21,   478.11
224.35,   220.65,   603.08
223.21,   218.08,   728.05
227.18,   348.17,   480.69
226.03,   345.61,   605.66
224.88,   343.05,   730.63
348.81,   96.55,   476.65
347.66,   93.99,   601.61
346.51,   91.42,   726.58
350.49,   221.51,   479.22
349.34,   218.95,   604.19
348.19,   216.39,   729.16
352.16,   346.47,   481.80
351.01,   343.91,   606.77
349.86,   341.35,   731.74
100.22,   100.97,   598.92
101.85,   98.55,   723.89
103.47,   96.14,   848.86
100.65,   225.94,   601.33
102.27,   223.53,   726.30
103.90,   221.12,   851.26
101.08,   350.92,   603.74
102.70,   348.51,   728.71
104.33,   346.09,   853.67
225.21,   100.57,   597.29
226.83,   98.16,   722.26
228.46,   95.74,   847.22
225.64,   225.55,   599.70
227.26,   223.13,   724.66
228.89,   220.72,   849.63
226.07,   350.52,   602.11
227.69,   348.11,   727.07
229.32,   345.70,   852.04
350.20,   100.17,   595.66
351.82,   97.76,   720.62
353.45,   95.35,   845.59
350.63,   225.15,   598.06
352.25,   222.74,   723.03
353.88,   220.32,   848.00
351.05,   350.13,   600.47
352.68,   347.71,   725.44
354.31,   345.30,   850.40
100.81,   226.74,   98.83
99.23,   224.12,   223.80
97.66,   221.49,   348.76
101.10,   351.71,   101.46
99.52,   349.09,   226.42
97.94,   346.46,   351.39
101.38,   476.69,   104.09
99.80,   474.06,   229.05
98.22,   471.44,   354.02
225.80,   226.43,   100.41
224.22,   223.80,   225.37
222.65,   221.18,   350.33
226.09,   351.40,   103.03
224.51,   348.77,   228.00
222.93,   346.15,   352.96
226.37,   476.37,   105.66
224.79,   473.75,   230.63
223.21,   471.12,   355.59
350.79,   226.11,   101.98
349.21,   223.49,   226.94
347.64,   220.86,   351.90
351.07,   351.08,   104.61
349.50,   348.46,   229.57
347.92,   345.83,   354.53
351.36,   476.06,   107.24
349.78,   473.43,   232.20
348.20,   470.81,   357.16
101.33,   224.54,   225.72
102.03,   223.46,   350.71
102.73,   222.38,   475.70
98.66,   349.51,   226.81
99.35,   348.43,   351.80
100.05,   347.35,   476.80
95.98,   474.47,   227.91
96.68,   473.40,   352.90
97.38,   472.32,   477.89
226.30,   227.22,   225.04
227.00,   226.14,   350.04
227.70,   225.06,   475.03
223.62,   352.19,   226.14
224.32,   351.11,   351.13
225.02,   350.03,   476.12
220.95,   477.16,   227.23
221.65,   476.08,   352.22
222.35,   475.00,   477.22
351.27,   229.90,   224.37
351.97,   228.82,   349.36
352.67,   227.75,   474.35
348.59,   354.87,   225.46
349.29,   353.79,   350.45
349.99,   352.71,   475.45
345.92,   479.84,   226.56
346.62,   478.76,   351.55
347.32,   477.68,   476.54
101.26,   225.80,   348.60
101.16,   222.06,   473.54
101.07,   218.33,   598.48
103.59,   350.72,   352.33
103.50,   346.99,   477.28
103.41,   343.25,   602.22
105.93,   475.65,   356.07
105.84,   471.91,   481.02
105.75,   468.17,   605.96
226.23,   223.46,   348.62
226.14,   219.73,   473.56
226.05,   215.99,   598.50
228.57,   348.39,   352.36
228.48,   344.65,   477.30
228.39,   340.91,   602.24
230.91,   473.31,   356.09
230.81,   469.57,   481.04
230.72,   465.83,   605.98
351.21,   221.13,   348.64
351.12,   217.39,   473.58
351.03,   213.65,   598.53
353.55,   346.05,   352.38
353.46,   342.31,   477.32
353.37,   338.57,   602.27
355.88,   470.97,   356.12
355.79,   467.23,   481.06
355.70,   463.49,   606.00
98.62,   223.64,   473.33
96.78,   222.15,   598.31
94.94,   220.66,   723.29
96.86,   348.61,   474.79
95.02,   347.13,   599.77
93.19,   345.64,   724.75
95.10,   473.59,   476.26
93.27,   472.11,   601.23
91.43,   470.62,   726.21
223.60,   225.37,   475.19
221.76,   223.88,   600.17
219.92,   222.39,   725.15
221.84,   350.35,   476.65
220.00,   348.86,   601.63
218.16,   347.37,   726.61
220.08,   475.33,   478.12
218.24,   473.84,   603.09
216.40,   472.35,   728.07
348.57,   227.11,   477.05
346.73,   225.62,   602.03
344.89,   224.13,   727.01
346.81,   352.09,   478.51
344.97,   350.60,   603.49
343.13,   349.11,   728.47
345.05,   477.07,   479.98
343.21,   475.58,   604.95
341.38,   474.09,   729.93
100.64,   226.87,   599.36
103.18,   229.52,   724.31
105.72,   232.18,   849.26
97.05,   351.79,   596.78
99.59,   354.45,   721.72
102.13,   357.11,   846.67
93.45,   476.71,   594.19
95.99,   479.37,   719.14
98.53,   482.03,   844.08
225.56,   230.40,   596.75
228.10,   233.06,   721.69
230.64,   235.72,   846.64
221.97,   355.33,   594.16
224.51,   357.98,   719.11
227.05,   360.64,   844.05
218.38,   480.25,   591.58
220.92,   482.91,   716.52
223.46,   485.57,   841.47
350.48,   233.94,   594.13
353.02,   236.60,   719.08
355.56,   239.26,   844.03
346.89,   358.86,   591.55
349.43,   361.52,   716.49
351.97,   364.18,   841.44
343.30,   483.79,   588.96
345.84,   486.44,   713.91
348.38,   489.10,   838.85
101.48,   349.57,   100.63
102.10,   350.63,   225.62
102.72,   351.69,   350.62
98.15,   474.52,   99.58
98.77,   475.58,   224.58
99.39,   476.64,   349.57
94.82,   599.47,   98.54
95.44,   600.53,   223.53
96.07,   601.59,   348.52
226.43,   352.89,   99.98
227.06,   353.95,   224.97
227.68,   355.02,   349.97
223.10,   477.84,   98.93
223.73,   478.90,   223.93
224.35,   479.97,   348.92
219.77,   602.79,   97.89
220.40,   603.85,   222.88
221.02,   604.92,   347.87
351.39,   356.21,   99.33
352.01,   357.28,   224.32
352.63,   358.34,   349.32
348.06,   481.16,   98.28
348.68,   482.23,   223.28
349.30,   483.29,   348.27
344.73,   606.12,   97.23
345.35,   607.18,   222.23
345.97,   608.24,   347.22
100.80,   350.04,   226.69
101.34,   347.58,   351.66
101.88,   345.12,   476.64
100.98,   475.02,   229.15
101.52,   472.56,   354.12
102.06,   470.10,   479.10
101.16,   599.99,   231.61
101.70,   597.53,   356.58
102.24,   595.07,   481.56
225.80,   349.87,   226.15
226.34,   347.41,   351.12
226.87,   344.95,   476.10
225.98,   474.85,   228.61
226.52,   472.39,   353.58
227.05,   469.93,   478.56
226.16,   599.82,   231.07
226.70,   597.36,   356.04
227.24,   594.90,   481.02
350.80,   349.70,   225.61
351.34,   347.24,   350.58
351.87,   344.78,   475.56
350.98,   474.68,   228.07
351.52,   472.22,   353.04
352.05,   469.76,   478.02
351.16,   599.65,   230.53
351.70,   597.19,   355.50
352.23,   594.73,   480.48
100.09,   351.50,   350.73
99.32,   353.86,   475.70
98.56,   356.22,   600.68
102.66,   476.46,   348.39
101.89,   478.81,   473.36
101.13,   481.17,   598.34
105.23,   601.41,   346.05
104.47,   603.76,   471.02
103.70,   606.12,   596.00
225.06,   348.95,   351.54
224.29,   351.30,   476.52
223.53,   353.66,   601.49
227.63,   473.90,   349.20
226.87,   476.25,   474.18
226.10,   478.61,   599.15
230.20,   598.85,   346.86
229.44,   601.21,   471.83
228.67,   603.56,   596.81
350.03,   346.39,   352.35
349.26,   348.74,   477.33
348.50,   351.10,   602.31
352.60,   471.34,   350.01
351.84,   473.70,   474.99
351.07,   476.05,   599.96
355.17,   596.29,   347.67
354.41,   598.65,   472.65
353.65,   601.01,   597.62
99.79,   350.79,   474.60
99.48,   347.77,   599.56
99.16,   344.75,   724.52
99.84,   475.76,   477.62
99.53,   472.74,   602.58
99.21,   469.72,   727.54
99.89,   600.72,   480.64
99.58,   597.70,   605.60
99.26,   594.68,   730.56
224.79,   350.74,   474.91
224.48,   347.72,   599.87
224.16,   344.70,   724.84
224.84,   475.70,   477.93
224.53,   472.68,   602.89
224.21,   469.66,   727.86
224.89,   600.66,   480.95
224.57,   597.64,   605.91
224.26,   594.62,   730.88
349.79,   350.68,   475.22
349.48,   347.66,   600.19
349.16,   344.64,   725.15
349.84,   475.64,   478.24
349.53,   472.62,   603.21
349.21,   469.60,   728.17
349.89,   600.61,   481.26
349.57,   597.59,   606.23
349.26,   594.57,   731.19
99.72,   349.79,   601.07
98.06,   351.50,   726.04
96.40,   353.22,   851.02
99.79,   474.78,   599.36
98.13,   476.49,   724.33
96.46,   478.20,   849.31
99.86,   599.77,   597.64
98.19,   601.48,   722.62
96.53,   603.19,   847.60
224.71,   349.75,   602.73
223.05,   351.46,   727.71
221.39,   353.17,   852.68
224.78,   474.74,   601.02
223.12,   476.45,   726.00
221.45,   478.16,   850.97
224.85,   599.72,   599.31
223.18,   601.44,   724.28
221.52,   603.15,   849.26
349.70,   349.70,   604.39
348.04,   351.41,   729.37
346.37,   353.13,   854.35
349.77,   474.69,   602.68
348.10,   476.40,   727.66
346.44,   478.11,   852.64
349.83,   599.68,   600.97
348.17,   601.39,   725.95
346.51,   603.10,   850.93
99.01,   476.62,   101.20
100.95,   476.18,   226.18
102.89,   475.74,   351.16
99.03,   601.62,   101.64
100.97,   601.18,   226.62
102.91,   600.74,   351.61
99.05,   726.62,   102.08
100.99,   726.18,   227.06
102.93,   725.73,   352.05
224.00,   476.61,   99.26
225.94,   476.16,   224.24
227.88,   475.72,   349.22
224.02,   601.61,   99.70
225.96,   601.16,   224.68
227.90,   600.72,   349.67
224.04,   726.60,   100.14
225.98,   726.16,   225.12
227.92,   725.72,   350.11
348.98,   476.59,   97.32
350.92,   476.15,   222.30
352.86,   475.71,   347.28
349.00,   601.59,   97.76
350.94,   601.15,   222.74
352.88,   600.71,   347.73
349.02,   726.59,   98.20
350.96,   726.15,   223.18
352.90,   725.71,   348.17
98.97,   473.75,   224.92
96.38,   472.79,   349.89
93.79,   471.82,   474.86
102.22,   598.71,   225.95
99.63,   597.74,   350.92
97.04,   596.78,   475.89
105.47,   723.66,   226.98
102.88,   722.70,   351.95
100.30,   721.73,   476.92
223.90,   470.48,   227.48
221.31,   469.52,   352.45
218.72,   468.55,   477.42
227.15,   595.43,   228.51
224.56,   594.47,   353.48
221.97,   593.51,   478.45
230.40,   720.39,   229.54
227.81,   719.42,   354.51
225.23,   718.46,   479.48
348.83,   467.21,   230.04
346.24,   466.25,   355.01
343.65,   465.28,   479.98
352.08,   592.16,   231.07
349.49,   591.20,   356.04
346.91,   590.23,   481.01
355.33,   717.12,   232.11
352.74,   716.15,   357.07
350.16,   715.19,   482.04
98.79,   475.43,   351.04
97.13,   476.04,   476.03
95.47,   476.66,   601.02
97.88,   600.43,   350.42
96.22,   601.04,   475.40
94.56,   601.65,   600.39
96.96,   725.42,   349.79
95.30,   726.03,   474.78
93.64,   726.65,   599.77
223.78,   476.35,   352.70
222.12,   476.97,   477.68
220.46,   477.58,   602.67
222.86,   601.35,   352.07
221.20,   601.96,   477.06
219.54,   602.57,   602.05
221.95,   726.34,   351.45
220.29,   726.96,   476.44
218.63,   727.57,   601.42
348.76,   477.28,   354.35
347.10,   477.89,   479.34
345.44,   478.50,   604.33
347.85,   602.27,   353.73
346.19,   602.88,   478.72
344.53,   603.50,   603.70
346.93,   727.27,   353.10
345.27,   727.88,   478.09
343.61,   728.49,   603.08
98.23,   475.78,   476.14
100.50,   473.44,   601.10
102.78,   471.11,   726.06
101.27,   600.72,   478.42
103.55,   598.39,   603.38
105.83,   596.05,   728.34
104.32,   725.66,   480.70
106.60,   723.33,   605.66
108.88,   720.99,   730.61
223.17,   472.77,   473.81
225.45,   470.44,   598.77
227.73,   468.10,   723.72
226.22,   597.71,   476.09
228.49,   595.38,   601.04
230.77,   593.05,   726.00
229.26,   722.66,   478.37
231.54,   720.32,   603.32
233.82,   717.99,   728.28
348.11,   469.77,   471.47
350.39,   467.43,   596.43
352.67,   465.10,   721.39
351.16,   594.71,   473.75
353.44,   592.37,   598.71
355.72,   590.04,   723.67
354.21,   719.65,   476.03
356.48,   717.32,   600.99
358.76,   714.98,   725.95
101.76,   475.57,   600.76
105.06,   472.01,   725.67
108.36,   468.45,   850.58
99.55,   600.50,   604.38
102.85,   596.94,   729.29
106.15,   593.38,   854.19
97.34,   725.43,   608.00
100.64,   721.87,   732.90
103.94,   718.31,   857.81
226.70,   477.87,   597.53
230.00,   474.31,   722.44
233.30,   470.76,   847.34
224.49,   602.80,   601.15
227.79,   599.24,   726.05
231.09,   595.68,   850.96
222.28,   727.73,   604.76
225.58,   724.17,   729.67
228.88,   720.61,   854.57
351.63,   480.17,   594.29
354.93,   476.61,   719.20
358.23,   473.06,   844.11
349.43,   605.10,   597.91
352.73,   601.54,   722.82
356.02,   597.99,   847.72
347.22,   730.03,   601.53
350.52,   726.47,   726.43
353.82,   722.91,   851.34
99.90,   600.24,   98.07
96.38,   600.48,   223.02
92.86,   600.71,   347.97
102.45,   725.22,   97.90
98.93,   725.45,   222.85
95.40,   725.69,   347.80
104.99,   850.19,   97.74
101.47,   850.43,   222.69
97.95,   850.66,   347.64
224.83,   597.70,   101.59
221.31,   597.94,   226.54
217.78,   598.18,   351.49
227.37,   722.68,   101.43
223.85,   722.91,   226.38
220.33,   723.15,   351.33
229.92,   847.65,   101.26
226.40,   847.89,   226.21
222.87,   848.12,   351.16
349.75,   595.16,   105.12
346.23,   595.40,   230.07
342.71,   595.64,   355.02
352.30,   720.14,   104.95
348.77,   720.37,   229.90
345.25,   720.61,   354.85
354.84,   845.11,   104.79
351.32,   845.35,   229.74
347.80,   845.58,   354.69
101.92,   601.85,   226.76
102.69,   603.32,   351.75
103.46,   604.78,   476.74
99.81,   726.82,   225.31
100.58,   728.29,   350.30
101.35,   729.76,   475.28
97.71,   851.80,   223.85
98.48,   853.26,   348.84
99.25,   854.73,   473.83
226.90,   603.94,   225.97
227.67,   605.41,   350.96
228.44,   606.88,   475.94
224.79,   728.92,   224.51
225.56,   730.38,   349.50
226.33,   731.85,   474.49
222.69,   853.89,   223.06
223.46,   855.36,   348.05
224.23,   856.82,   473.04
351.88,   606.04,   225.17
352.65,   607.50,   350.16
353.42,   608.97,   475.15
349.77,   731.01,   223.72
350.54,   732.48,   348.71
351.31,   733.94,   473.70
347.67,   855.98,   222.27
348.44,   857.45,   347.26
349.21,   858.92,   472.24
99.74,   598.15,   348.92
102.76,   596.61,   473.87
105.78,   595.07,   598.83
101.80,   723.13,   350.41
104.82,   721.58,   475.37
107.85,   720.04,   600.32
103.86,   848.10,   351.91
106.88,   846.56,   476.86
109.91,   845.01,   601.81
224.69,   596.13,   345.87
227.71,   594.58,   470.83
230.73,   593.04,   595.78
226.75,   721.10,   347.37
229.77,   719.56,   472.32
232.79,   718.02,   597.27
228.81,   846.08,   348.86
231.83,   844.53,   473.81
234.85,   842.99,   598.77
349.63,   594.10,   342.83
352.66,   592.56,   467.78
355.68,   591.02,   592.73
351.69,   719.08,   344.32
354.72,   717.53,   469.27
357.74,   715.99,   594.23
353.76,   844.05,   345.81
356.78,   842.51,   470.77
359.80,   840.97,   595.72
99.37,   598.83,   473.63
102.61,   598.08,   598.59
105.84,   597.33,   723.54
99.65,   723.83,   474.38
102.88,   723.07,   599.33
106.12,   722.32,   724.29
99.92,   848.82,   475.12
103.16,   848.07,   600.08
106.40,   847.32,   725.03
224.33,   598.57,   470.39
227.56,   597.82,   595.35
230.80,   597.07,   720.30
224.60,   723.57,   471.14
227.84,   722.82,   596.09
231.08,   722.07,   721.05
224.88,   848.57,   471.88
228.12,   847.81,   596.84
231.36,   847.06,   721.79
349.28,   598.31,   467.15
352.52,   597.56,   592.11
355.76,   596.81,   717.07
349.56,   723.31,   467.90
352.80,   722.56,   592.85
356.04,   721.81,   717.81
349.84,   848.31,   468.64
353.08,   847.56,   593.60
356.31,   846.81,   718.55
98.06,   598.69,   600.69
101.20,   596.21,   725.62
104.33,   593.72,   850.56
100.91,   723.64,   603.10
104.05,   721.15,   728.04
107.18,   718.67,   852.97
103.76,   848.58,   605.51
106.90,   846.10,   730.45
110.03,   843.61,   855.38
222.99,   595.90,   597.49
226.12,   593.42,   722.43
229.26,   590.94,   847.37
225.84,   720.85,   599.91
228.97,   718.36,   724.84
232.11,   715.88,   849.78
228.69,   845.79,   602.32
231.82,   843.31,   727.25
234.96,   840.82,   852.19
347.91,   593.12,   594.30
351.05,   590.63,   719.24
354.19,   588.15,   844.17
350.76,   718.06,   596.71
353.90,   715.58,   721.65
357.04,   713.09,   846.58
353.61,   843.01,   599.13
356.75,   840.52,   724.06
359.89,   838.04,   849.00
224.69,   101.87,   100.95
225.73,   103.40,   225.94
226.77,   104.94,   350.92
224.07,   226.86,   99.42
225.11,   228.39,   224.40
226.15,   229.93,   349.39
223.46,   351.84,   97.89
224.50,   353.38,   222.87
225.54,   354.92,   347.86
349.68,   102.47,   99.90
350.72,   104.00,   224.89
351.76,   105.54,   349.87
349.07,   227.46,   98.37
350.11,   228.99,   223.36
351.15,   230.53,   348.34
348.45,   352.44,   96.84
349.49,   353.98,   221.82
350.53,   355.52,   346.81
474.67,   103.07,   98.85
475.71,   104.60,   223.84
476.75,   106.14,   348.83
474.06,   228.06,   97.32
475.10,   229.59,   222.31
476.14,   231.13,   347.29
473.45,   353.04,   95.79
474.49,   354.58,   220.78
475.53,   356.12,   345.76
224.95,   101.65,   224.73
223.06,   102.01,   349.72
221.17,   102.37,   474.70
222.56,   226.63,   224.33
220.67,   226.99,   349.32
218.78,   227.35,   474.30
220.18,   351.60,   223.94
218.28,   351.97,   348.92
216.39,   352.33,   473.91
349.91,   104.04,   226.61
348.02,   104.41,   351.60
346.13,   104.77,   476.58
347.53,   229.02,   226.22
345.63,   229.38,   351.20
343.74,   229.74,   476.19
345.14,   354.00,   225.82
343.25,   354.36,   350.80
341.36,   354.72,   475.79
474.88,   106.44,   228.50
472.99,   106.80,   353.48
471.09,   107.16,   478.47
472.49,   231.41,   228.10
470.60,   231.78,   353.08
468.71,   232.14,   478.07
470.10,   356.39,   227.70
468.21,   356.75,   352.69
466.32,   357.11,   477.67
223.41,   101.21,   348.53
223.24,   104.64,   473.48
223.06,   108.07,   598.43
223.06,   226.16,   345.09
222.89,   229.59,   470.04
222.71,   233.03,   595.00
222.71,   351.11,   341.66
222.53,   354.54,   466.61
222.36,   357.98,   591.56
348.41,   101.56,   348.69
348.24,   105.00,   473.65
348.06,   108.43,   598.60
348.06,   226.52,   345.26
347.89,   229.95,   470.21
347.71,   233.38,   595.16
347.71,   351.47,   341.82
347.53,   354.90,   466.78
347.36,   358.34,   591.73
473.41,   101.92,   348.86
473.24,   105.35,   473.81
473.06,   108.79,   598.76
473.06,   226.87,   345.42
472.88,   230.31,   470.38
472.71,   233.74,   595.33
472.71,   351.82,   341.99
472.53,   355.26,   466.94
472.36,   358.69,   591.90
226.59,   98.06,   473.71
223.45,   100.85,   598.64
220.31,   103.65,   723.57
223.49,   222.98,   470.83
220.35,   225.78,   595.76
217.21,   228.58,   720.69
220.40,   347.91,   467.96
217.26,   350.71,   592.88
214.12,   353.51,   717.81
351.51,   101.22,   476.78
348.37,   104.02,   601.71
345.23,   106.82,   726.64
348.42,   226.15,   473.90
345.28,   228.95,   598.83
342.14,   231.75,   723.76
345.32,   351.08,   471.02
342.18,   353.88,   595.95
339.04,   356.68,   720.88
476.43,   104.39,   479.85
473.29,   107.19,   604.78
470.15,   109.98,   729.70
473.34,   229.32,   476.97
470.20,   232.11,   601.90
467.06,   234.91,   726.83
470.24,   354.24,   474.09
467.10,   357.04,   599.02
463.96,   359.84,   723.95
223.33,   98.17,   598.03
220.70,   100.03,   722.99
218.06,   101.90,   847.95
224.05,   223.15,   596.18
221.41,   225.02,   721.14
218.78,   226.88,   846.10
224.76,   348.14,   594.33
222.13,   350.00,   719.29
219.50,   351.87,   844.25
348.30,   97.49,   600.67
345.67,   99.35,   725.63
343.03,   101.22,   850.59
349.02,   222.47,   598.82
346.38,   224.34,   723.78
343.75,   226.20,   848.74
349.73,   347.46,   596.97
347.10,   349.32,   721.93
344.47,   351.19,   846.89
473.27,   96.81,   603.32
470.64,   98.68,   728.27
468.00,   100.54,   853.23
473.99,   221.80,   601.47
471.35,   223.66,   726.42
468.72,   225.53,   851.38
474.70,   346.78,   599.62
472.07,   348.64,   724.57
469.44,   350.51,   849.53
223.74,   224.70,   98.61
222.16,   223.56,   223.59
220.57,   222.41,   348.58
226.69,   349.66,   99.79
225.11,   348.52,   224.78
223.52,   347.37,   349.76
229.64,   474.62,   100.97
228.06,   473.48,   225.96
226.47,   472.33,   350.94
348.70,   221.74,   100.16
347.11,   220.59,   225.15
345.53,   219.45,   350.13
351.65,   346.70,   101.35
350.06,   345.55,   226.33
348.48,   344.41,   351.32
354.59,   471.66,   102.53
353.01,   470.51,   227.52
351.43,   469.36,   352.50
473.65,   218.78,   101.72
472.07,   217.63,   226.70
470.48,   216.48,   351.69
476.60,   343.73,   102.90
475.02,   342.59,   227.89
473.43,   341.44,   352.87
479.55,   468.69,   104.09
477.97,   467.55,   229.07
476.38,   466.40,   354.06
224.85,   225.97,   226.88
225.00,   223.14,   351.85
225.14,   220.31,   476.81
224.34,   350.93,   229.71
224.48,   348.11,   354.68
224.63,   345.28,   479.64
223.83,   475.90,   232.54
223.97,   473.07,   357.50
224.11,   470.24,   482.47
349.85,   226.48,   226.75
349.99,   223.65,   351.71
350.14,   220.83,   476.68
349.34,   351.45,   229.58
349.48,   348.62,   354.54
349.62,   345.79,   479.51
348.83,   476.42,   232.41
348.97,   473.59,   357.37
349.11,   470.76,   482.34
474.85,   227.00,   226.62
474.99,   224.17,   351.58
475.14,   221.34,   476.55
474.34,   351.97,   229.44
474.48,   349.14,   354.41
474.62,   346.31,   479.38
473.82,   476.93,   232.27
473.97,   474.10,   357.24
474.11,   471.28,   482.21
224.56,   223.19,   350.94
225.80,   226.36,   475.89
227.04,   229.54,   600.85
223.46,   348.15,   347.78
224.70,   351.32,   472.73
225.94,   354.49,   597.68
222.37,   473.10,   344.61
223.61,   476.27,   469.57
224.84,   479.45,   594.52
349.55,   224.25,   349.67
350.79,   227.43,   474.63
352.03,   230.60,   599.58
348.45,   349.21,   346.51
349.69,   352.38,   471.46
350.93,   355.56,   596.42
347.36,   474.17,   343.35
348.59,   477.34,   468.30
349.83,   480.51,   593.25
474.54,   225.32,   348.41
475.78,   228.49,   473.36
477.01,   231.67,   598.31
473.44,   350.27,   345.24
474.68,   353.45,   470.20
475.92,   356.62,   595.15
472.34,   475.23,   342.08
473.58,   478.40,   467.03
474.82,   481.58,   591.99
223.71,   223.83,   473.02
223.77,   224.86,   598.02
223.82,   225.88,   723.01
220.49,   348.79,   472.00
220.54,   349.81,   596.99
220.60,   350.84,   721.99
217.27,   473.74,   470.97
217.32,   474.77,   595.97
217.38,   475.79,   720.96
348.67,   227.05,   472.94
348.72,   228.08,   597.94
348.78,   229.10,   722.93
345.45,   352.01,   471.92
345.50,   353.03,   596.91
345.56,   354.06,   721.91
342.23,   476.96,   470.89
342.28,   477.99,   595.89
342.33,   479.01,   720.88
473.63,   230.27,   472.86
473.68,   231.30,   597.86
473.74,   232.32,   722.85
470.41,   355.23,   471.84
470.46,   356.25,   596.83
470.51,   357.28,   721.83
467.19,   480.18,   470.81
467.24,   481.21,   595.81
467.29,   482.23,   720.81
225.87,   225.00,   600.02
228.23,   225.09,   725.00
230.58,   225.17,   849.98
223.58,   349.98,   599.98
225.93,   350.06,   724.96
228.28,   350.15,   849.93
221.28,   474.96,   599.94
223.64,   475.04,   724.91
225.99,   475.13,   849.89
350.83,   227.29,   597.67
353.18,   227.38,   722.65
355.54,   227.46,   847.62
348.53,   352.27,   597.62
350.89,   352.36,   722.60
353.24,   352.44,   847.58
346.24,   477.25,   597.58
348.59,   477.34,   722.56
350.95,   477.42,   847.54
475.79,   229.59,   595.31
478.14,   229.67,   720.29
480.49,   229.76,   845.27
473.49,   354.56,   595.27
475.84,   354.65,   720.25
478.20,   354.74,   845.23
471.20,   479.54,   595.23
473.55,   479.63,   720.20
475.90,   479.72,   845.18
224.25,   351.69,   101.50
222.49,   352.13,   226.49
220.73,   352.57,   351.47
226.37,   476.67,   101.09
224.60,   477.11,   226.08
222.84,   477.55,   351.06
228.48,   601.65,   100.68
226.72,   602.09,   225.66
224.96,   602.53,   350.65
349.22,   349.58,   103.27
347.46,   350.02,   228.26
345.70,   350.46,   353.24
351.33,   474.56,   102.86
349.57,   475.00,   227.84
347.81,   475.44,   352.83
353.45,   599.54,   102.44
351.69,   599.98,   227.43
349.93,   600.42,   352.42
474.19,   347.47,   105.04
472.43,   347.91,   230.02
470.67,   348.35,   355.01
476.30,   472.45,   104.63
474.54,   472.89,   229.61
472.78,   473.34,   354.60
478.42,   597.43,   104.21
476.66,   597.88,   229.20
474.90,   598.32,   354.19
224.36,   348.87,   225.85
226.83,   345.42,   350.78
229.30,   341.98,   475.71
221.28,   473.78,   229.36
223.75,   470.33,   354.29
226.22,   466.89,   479.22
218.20,   598.69,   232.87
220.67,   595.25,   357.80
223.14,   591.80,   482.72
349.30,   352.02,   223.47
351.77,   348.57,   348.40
354.24,   345.12,   473.33
346.22,   476.93,   226.98
348.69,   473.48,   351.91
351.16,   470.04,   476.83
343.14,   601.84,   230.48
345.61,   598.40,   355.41
348.08,   594.95,   480.34
474.24,   355.17,   221.09
476.71,   351.72,   346.01
479.18,   348.27,   470.94
471.15,   480.08,   224.59
473.63,   476.63,   349.52
476.10,   473.19,   474.45
468.07,   604.99,   228.10
470.54,   601.54,   353.03
473.01,   598.10,   477.96
225.39,   351.61,   350.89
227.31,   353.69,   475.85
229.24,   355.76,   600.82
227.04,   476.58,   348.78
228.97,   478.66,   473.75
230.89,   480.73,   598.72
228.69,   601.55,   346.68
230.62,   603.63,   471.65
232.54,   605.71,   596.61
350.37,   349.92,   348.99
352.29,   352.00,   473.96
354.21,   354.08,   598.93
352.02,   474.90,   346.89
353.94,   476.97,   471.86
355.86,   479.05,   596.82
353.67,   599.87,   344.78
355.59,   601.95,   469.75
357.51,   604.02,   594.72
475.34,   348.24,   347.10
477.26,   350.32,   472.06
479.19,   352.40,   597.03
476.99,   473.21,   344.99
478.91,   475.29,   469.96
480.84,   477.37,   594.93
478.64,   598.18,   342.89
480.56,   600.26,   467.86
482.49,   602.34,   592.83
225.04,   350.70,   476.43
227.78,   351.45,   601.40
230.52,   352.21,   726.37
227.61,   475.67,   475.62
230.35,   476.42,   600.59
233.10,   477.18,   725.56
230.18,   600.64,   474.81
232.93,   601.40,   599.78
235.67,   602.15,   724.75
349.98,   348.11,   473.71
352.72,   348.86,   598.67
355.47,   349.62,   723.64
352.55,   473.08,   472.90
355.30,   473.83,   597.86
358.04,   474.59,   722.83
355.13,   598.05,   472.09
357.87,   598.81,   597.05
360.61,   599.56,   722.02
474.93,   345.52,   470.98
477.67,   346.27,   595.95
480.41,   347.03,   720.92
477.50,   470.49,   470.17
480.24,   471.25,   595.14
482.98,   472.00,   720.11
480.07,   595.46,   469.36
482.81,   596.22,   594.33
485.55,   596.97,   719.30
223.26,   348.15,   598.99
225.93,   345.81,   723.94
228.60,   343.46,   848.89
226.27,   473.09,   601.27
228.94,   470.75,   726.22
231.61,   468.41,   851.17
229.28,   598.03,   603.55
231.95,   595.69,   728.49
234.62,   593.35,   853.44
348.19,   345.19,   596.26
350.86,   342.84,   721.21
353.53,   340.50,   846.16
351.21,   470.13,   598.54
353.88,   467.79,   723.49
356.55,   465.44,   848.44
354.22,   595.07,   600.82
356.89,   592.73,   725.77
359.56,   590.39,   850.72
473.13,   342.22,   593.54
475.80,   339.88,   718.49
478.47,   337.54,   843.44
476.14,   467.17,   595.82
478.81,   464.82,   720.76
481.48,   462.48,   845.71
479.15,   592.11,   598.09
481.82,   589.77,   723.04
484.49,   587.42,   847.99
223.95,   474.48,   101.69
222.78,   474.66,   226.68
221.60,   474.85,   351.67
223.10,   599.47,   101.49
221.93,   599.66,   226.49
220.75,   599.84,   351.48
222.25,   724.47,   101.30
221.07,   724.66,   226.29
219.90,   724.84,   351.29
348.95,   475.33,   102.86
347.77,   475.52,   227.86
346.59,   475.70,   352.85
348.09,   600.33,   102.67
346.92,   600.51,   227.66
345.74,   600.70,   352.66
347.24,   725.32,   102.48
346.07,   725.51,   227.47
344.89,   725.69,   352.46
473.94,   476.18,   104.04
472.76,   476.37,   229.03
471.58,   476.55,   354.03
473.09,   601.18,   103.84
471.91,   601.37,   228.84
470.73,   601.55,   353.83
472.23,   726.18,   103.65
471.06,   726.36,   228.65
469.88,   726.55,   353.64
224.42,   476.30,   226.18
222.23,   477.09,   351.16
220.05,   477.87,   476.14
221.74,   601.27,   225.35
219.55,   602.05,   350.33
217.37,   602.84,   475.31
219.05,   726.24,   224.52
216.87,   727.02,   349.49
214.68,   727.81,   474.47
349.37,   479.00,   228.35
347.19,   479.78,   353.33
345.00,   480.57,   478.31
346.69,   603.97,   227.52
344.50,   604.75,   352.50
342.32,   605.54,   477.47
344.00,   728.93,   226.68
341.82,   729.72,   351.66
339.63,   730.51,   476.64
474.32,   481.70,   230.52
472.14,   482.48,   355.50
469.95,   483.27,   480.48
471.64,   606.66,   229.68
469.45,   607.45,   354.66
467.27,   608.24,   479.64
468.95,   731.63,   228.85
466.77,   732.42,   353.83
464.58,   733.21,   478.81
225.87,   476.51,   351.13
224.74,   474.94,   476.11
223.61,   473.38,   601.10
224.35,   601.49,   352.68
223.21,   599.93,   477.67
222.08,   598.36,   602.65
222.82,   726.47,   354.23
221.69,   724.91,   479.22
220.55,   723.34,   604.20
350.86,   478.02,   352.28
349.73,   476.46,   477.26
348.60,   474.89,   602.25
349.33,   603.01,   353.83
348.20,   601.44,   478.82
347.07,   599.87,   603.80
347.80,   727.99,   355.38
346.67,   726.42,   480.37
345.54,   724.85,   605.35
475.85,   479.54,   353.43
474.71,   477.97,   478.42
473.58,   476.41,   603.40
474.32,   604.52,   354.98
473.18,   602.95,   479.97
472.05,   601.39,   604.95
472.79,   729.50,   356.54
471.66,   727.93,   481.52
470.52,   726.37,   606.51
225.89,   473.17,   476.12
227.84,   472.85,   601.11
229.78,   472.53,   726.09
228.48,   598.14,   476.40
230.43,   597.82,   601.39
232.37,   597.50,   726.37
231.07,   723.12,   476.68
233.02,   722.80,   601.67
234.96,   722.48,   726.65
350.85,   470.58,   474.17
352.79,   470.26,   599.16
354.74,   469.94,   724.14
353.44,   595.56,   474.45
355.38,   595.24,   599.44
357.33,   594.92,   724.42
356.03,   720.53,   474.73
357.97,   720.21,   599.72
359.92,   719.89,   724.70
475.81,   468.00,   472.22
477.75,   467.68,   597.20
479.70,   467.36,   722.19
478.40,   592.97,   472.50
480.34,   592.65,   597.48
482.29,   592.33,   722.47
480.99,   717.94,   472.78
482.93,   717.62,   597.76
484.88,   717.30,   722.75
226.66,   473.80,   600.72
225.94,   474.04,   725.72
225.22,   474.29,   850.72
225.44,   598.79,   600.47
224.72,   599.04,   725.47
224.00,   599.28,   850.46
224.21,   723.78,   600.22
223.49,   724.03,   725.21
222.77,   724.28,   850.21
351.65,   475.02,   601.44
350.93,   475.27,   726.44
350.21,   475.51,   851.44
350.43,   600.02,   601.19
349.71,   600.26,   726.19
348.99,   600.51,   851.18
349.20,   725.01,   600.93
348.48,   725.26,   725.93
347.76,   725.50,   850.93
476.64,   476.25,   602.16
475.92,   476.49,   727.16
475.20,   476.74,   852.15
475.42,   601.24,   601.91
474.70,   601.49,   726.90
473.98,   601.73,   851.90
474.20,   726.24,   601.65
473.48,   726.48,   726.65
472.76,   726.73,   851.65
224.85,   598.05,   98.28
227.71,   598.82,   223.25
230.56,   599.59,   348.21
225.39,   723.05,   97.50
228.24,   723.81,   222.47
231.09,   724.58,   347.43
225.92,   848.04,   96.72
228.77,   848.81,   221.69
231.63,   849.58,   346.65
349.82,   597.50,   95.43
352.67,   598.27,   220.40
355.53,   599.04,   345.36
350.35,   722.50,   94.65
353.21,   723.26,   219.62
356.06,   724.03,   344.58
350.89,   847.49,   93.87
353.74,   848.26,   218.84
356.59,   849.03,   343.80
474.79,   596.95,   92.58
477.64,   597.72,   217.55
480.49,   598.49,   342.51
475.32,   721.95,   91.80
478.17,   722.71,   216.77
481.03,   723.48,   341.73
475.85,   846.94,   91.02
478.71,   847.71,   215.99
481.56,   848.48,   340.95
226.65,   601.10,   223.51
228.10,   600.77,   348.50
229.54,   600.45,   473.49
226.17,   726.10,   223.84
227.61,   725.77,   348.83
229.06,   725.45,   473.82
225.68,   851.09,   224.16
227.13,   850.77,   349.16
228.58,   850.45,   474.15
351.64,   601.58,   222.06
353.09,   601.26,   347.06
354.53,   600.94,   472.05
351.16,   726.58,   222.39
352.60,   726.26,   347.38
354.05,   725.94,   472.37
350.67,   851.58,   222.72
352.12,   851.26,   347.71
353.57,   850.94,   472.70
476.63,   602.07,   220.62
478.08,   601.75,   345.61
479.52,   601.43,   470.60
476.15,   727.07,   220.95
477.59,   726.75,   345.94
479.04,   726.43,   470.93
475.67,   852.07,   221.27
477.11,   851.75,   346.27
478.56,   851.43,   471.26
224.59,   598.81,   348.62
226.88,   602.37,   473.55
229.18,   605.92,   598.47
225.16,   723.76,   345.05
227.46,   727.31,   469.98
229.76,   730.87,   594.91
225.74,   848.70,   341.48
228.04,   852.26,   466.41
230.33,   855.82,   591.34
349.56,   598.17,   346.34
351.86,   601.72,   471.27
354.16,   605.28,   596.19
350.14,   723.11,   342.77
352.44,   726.67,   467.70
354.73,   730.23,   592.63
350.72,   848.06,   339.20
353.01,   851.62,   464.13
355.31,   855.17,   589.06
474.54,   597.52,   344.06
476.84,   601.08,   468.99
479.14,   604.64,   593.91
475.12,   722.47,   340.49
477.41,   726.03,   465.42
479.71,   729.58,   590.35
475.69,   847.42,   336.92
477.99,   850.98,   461.85
480.29,   854.53,   586.78
226.12,   600.10,   476.74
229.83,   601.42,   601.68
233.55,   602.74,   726.62
227.33,   725.09,   475.39
231.04,   726.41,   600.33
234.76,   727.72,   725.27
228.54,   850.08,   474.04
232.25,   851.39,   598.98
235.97,   852.71,   723.92
351.06,   598.85,   473.05
354.77,   600.17,   597.98
358.48,   601.49,   722.92
352.27,   723.84,   471.69
355.98,   725.16,   596.63
359.69,   726.47,   721.57
353.48,   848.83,   470.34
357.19,   850.14,   595.28
360.90,   851.46,   720.22
476.00,   597.60,   469.35
479.71,   598.92,   594.28
483.42,   600.24,   719.22
477.21,   722.59,   467.99
480.92,   723.91,   592.93
484.63,   725.22,   717.87
478.42,   847.58,   466.64
482.13,   848.89,   591.58
485.84,   850.21,   716.52
223.57,   600.63,   601.96
222.01,   598.40,   726.93
220.44,   596.16,   851.90
223.76,   725.61,   604.19
222.20,   723.38,   729.16
220.64,   721.14,   854.13
223.95,   850.59,   606.43
222.39,   848.36,   731.40
220.83,   846.12,   856.37
348.56,   600.41,   603.51
347.00,   598.18,   728.48
345.43,   595.94,   853.45
348.75,   725.39,   605.75
347.19,   723.16,   730.72
345.63,   720.92,   855.69
348.94,   850.37,   607.99
347.38,   848.14,   732.96
345.82,   845.90,   857.93
473.55,   600.19,   605.07
471.99,   597.96,   730.04
470.42,   595.72,   855.01
473.74,   725.17,   607.31
472.18,   722.94,   732.28
470.62,   720.70,   857.25
473.93,   850.15,   609.55
472.37,   847.92,   734.52
470.81,   845.68,   859.49
348.19,   98.75,   99.08
350.65,   95.49,   224.02
353.11,   92.24,   348.95
348.65,   223.70,   102.33
351.11,   220.45,   227.26
353.57,   217.20,   352.19
349.11,   348.66,   105.57
351.57,   345.41,   230.51
354.03,   342.15,   355.44
473.16,   98.35,   96.61
475.62,   95.10,   221.55
478.08,   91.85,   346.48
473.62,   223.31,   99.86
476.08,   220.06,   224.79
478.54,   216.80,   349.72
474.08,   348.27,   103.10
476.54,   345.01,   228.04
479.00,   341.76,   352.97
598.14,   97.96,   94.14
600.60,   94.70,   219.07
603.06,   91.45,   344.01
598.60,   222.91,   97.39
601.06,   219.66,   222.32
603.52,   216.41,   347.25
599.06,   347.87,   100.63
601.52,   344.62,   225.56
603.98,   341.36,   350.50
351.69,   101.68,   223.12
354.40,   99.06,   348.06
357.11,   96.43,   473.01
352.54,   226.65,   225.73
355.25,   224.03,   350.67
357.96,   221.40,   475.61
353.38,   351.62,   228.34
356.09,   349.00,   353.28
358.81,   346.37,   478.22
476.66,   100.89,   220.39
479.37,   98.27,   345.33
482.08,   95.64,   470.28
477.50,   225.86,   223.00
480.21,   223.24,   347.94
482.93,   220.61,   472.89
478.35,   350.83,   225.61
481.06,   348.20,   350.55
483.77,   345.58,   475.50
601.62,   100.10,   217.66
604.34,   97.47,   342.61
607.05,   94.85,   467.55
602.47,   225.07,   220.27
605.18,   222.44,   345.22
607.89,   219.82,   470.16
603.32,   350.04,   222.88
606.03,   347.41,   347.82
608.74,   344.79,   472.77
351.29,   99.33,   349.91
350.00,   95.96,   474.86
348.71,   92.60,   599.81
353.55,   224.26,   353.29
352.27,   220.90,   478.24
350.98,   217.54,   603.19
355.82,   349.19,   356.68
354.53,   345.83,   481.63
353.25,   342.47,   606.57
476.26,   97.02,   351.14
474.97,   93.66,   476.09
473.68,   90.30,   601.04
478.53,   221.96,   354.52
477.24,   218.60,   479.47
475.95,   215.24,   604.42
480.80,   346.89,   357.91
479.51,   343.53,   482.85
478.22,   340.17,   607.80
601.23,   94.72,   352.37
599.94,   91.36,   477.31
598.65,   88.00,   602.26
603.50,   219.65,   355.75
602.21,   216.29,   480.70
600.92,   212.93,   605.65
605.77,   344.59,   359.13
604.48,   341.23,   484.08
603.19,   337.87,   609.03
349.66,   100.60,   474.18
351.11,   103.26,   599.14
352.57,   105.91,   724.10
349.65,   225.57,   471.52
351.11,   228.23,   596.49
352.57,   230.88,   721.45
349.65,   350.55,   468.87
351.11,   353.20,   593.83
352.56,   355.85,   718.80
474.65,   100.58,   472.72
476.10,   103.23,   597.68
477.56,   105.88,   722.65
474.64,   225.55,   470.07
476.10,   228.20,   595.03
477.56,   230.85,   719.99
474.64,   350.52,   467.41
476.10,   353.17,   592.38
477.55,   355.83,   717.34
599.64,   100.55,   471.26
601.10,   103.20,   596.23
602.55,   105.85,   721.19
599.64,   225.52,   468.61
601.09,   228.17,   593.57
602.55,   230.83,   718.54
599.63,   350.49,   465.96
601.09,   353.14,   590.92
602.55,   355.80,   715.88
348.28,   99.39,   601.96
349.15,   100.65,   726.95
350.01,   101.91,   851.95
350.88,   224.36,   600.69
351.75,   225.62,   725.68
352.61,   226.88,   850.67
353.48,   349.33,   599.41
354.35,   350.58,   724.41
355.21,   351.84,   849.40
473.25,   96.79,   601.12
474.12,   98.04,   726.11
474.98,   99.30,   851.10
475.85,   221.75,   599.85
476.72,   223.01,   724.84
477.58,   224.27,   849.83
478.45,   346.72,   598.57
479.32,   347.98,   723.56
480.18,   349.23,   848.55
598.22,   94.18,   600.28
599.09,   95.43,   725.27
599.95,   96.69,   850.26
600.82,   219.14,   599.01
601.69,   220.40,   724.00
602.55,   221.66,   848.99
603.42,   344.11,   597.73
604.29,   345.37,   722.72
605.15,   346.62,   847.71
348.74,   226.81,   101.96
351.02,   230.14,   226.89
353.30,   233.47,   351.83
352.44,   351.71,   98.56
354.72,   355.04,   223.50
357.00,   358.37,   348.43
356.14,   476.61,   95.16
358.42,   479.94,   220.10
360.70,   483.27,   345.03
473.66,   223.05,   99.78
475.94,   226.38,   224.71
478.22,   229.71,   349.65
477.37,   347.94,   96.38
479.65,   351.28,   221.32
481.93,   354.61,   346.25
481.07,   472.84,   92.98
483.35,   476.18,   217.92
485.63,   479.51,   342.85
598.59,   219.28,   97.60
600.87,   222.62,   222.54
603.15,   225.95,   347.47
602.29,   344.18,   94.20
604.57,   347.51,   219.14
606.85,   350.85,   344.07
605.99,   469.08,   90.80
608.27,   472.41,   215.74
610.55,   475.75,   340.67
351.31,   224.98,   225.43
353.21,   223.58,   350.41
355.11,   222.18,   475.38
354.67,   349.92,   226.78
356.57,   348.52,   351.75
358.47,   347.13,   476.73
358.03,   474.87,   228.12
359.93,   473.47,   353.10
361.83,   472.07,   478.08
476.25,   221.64,   223.49
478.15,   220.24,   348.47
480.05,   218.84,   473.45
479.61,   346.59,   224.84
481.51,   345.19,   349.82
483.41,   343.79,   474.79
482.97,   471.53,   226.19
484.87,   470.14,   351.16
486.77,   468.74,   476.14
601.20,   218.30,   221.55
603.09,   216.90,   346.53
604.99,   215.50,   471.51
604.55,   343.25,   222.90
606.45,   341.85,   347.88
608.35,   340.45,   472.86
607.91,   468.20,   224.25
609.81,   466.80,   349.23
611.71,   465.40,   474.21
348.31,   223.55,   349.52
345.72,   221.04,   474.47
343.13,   218.52,   599.42
345.30,   348.49,   351.97
342.71,   345.97,   476.92
340.12,   343.46,   601.87
342.29,   473.43,   354.42
339.70,   470.91,   479.37
337.11,   468.40,   604.32
473.25,   226.51,   352.17
470.66,   223.99,   477.12
468.07,   221.48,   602.07
470.24,   351.45,   354.62
467.65,   348.93,   479.57
465.06,   346.42,   604.52
467.23,   476.39,   357.07
464.64,   473.87,   482.02
462.05,   471.36,   606.97
598.19,   229.47,   354.82
595.60,   226.95,   479.77
593.01,   224.44,   604.72
595.18,   354.41,   357.27
592.59,   351.89,   482.22
590.00,   349.38,   607.17
592.16,   479.34,   359.72
589.57,   476.83,   484.67
586.98,   474.32,   609.62
348.76,   223.72,   473.06
346.12,   223.45,   598.03
343.48,   223.18,   723.00
349.81,   348.72,   473.36
347.17,   348.44,   598.33
344.53,   348.17,   723.30
350.85,   473.71,   473.65
348.21,   473.44,   598.62
345.58,   473.17,   723.59
473.73,   222.67,   475.70
471.09,   222.39,   600.67
468.45,   222.12,   725.64
474.77,   347.66,   475.99
472.13,   347.39,   600.96
469.50,   347.12,   725.94
475.82,   472.66,   476.29
473.18,   472.39,   601.26
470.54,   472.11,   726.23
598.69,   221.61,   478.33
596.06,   221.34,   603.31
593.42,   221.07,   728.28
599.74,   346.61,   478.63
597.10,   346.34,   603.60
594.46,   346.06,   728.57
600.79,   471.60,   478.92
598.15,   471.33,   603.89
595.51,   471.06,   728.87
348.86,   223.83,   599.74
347.67,   221.29,   724.71
346.48,   218.74,   849.67
351.28,   348.78,   602.31
350.09,   346.24,   727.28
348.90,   343.69,   852.24
353.71,   473.73,   604.88
352.52,   471.19,   729.84
351.33,   468.64,   854.81
473.83,   221.38,   600.88
472.64,   218.84,   725.85
471.45,   216.29,   850.82
476.25,   346.33,   603.45
475.06,   343.79,   728.42
473.87,   341.24,   853.38
478.68,   471.28,   606.02
477.49,   468.74,   730.98
476.30,   466.19,   855.95
598.80,   218.93,   602.02
597.61,   216.39,   726.99
596.42,   213.84,   851.96
601.22,   343.89,   604.59
600.03,   341.34,   729.56
598.84,   338.79,   854.52
603.65,   468.84,   607.16
602.46,   466.29,   732.13
601.27,   463.74,   857.09
348.93,   349.90,   98.31
346.07,   347.07,   223.24
343.20,   344.24,   348.18
350.97,   474.85,   101.18
348.11,   472.02,   226.11
345.24,   469.19,   351.05
353.01,   599.80,   104.05
350.15,   596.97,   228.99
347.28,   594.15,   353.92
473.88,   347.79,   101.12
471.02,   344.97,   226.06
468.15,   342.14,   350.99
475.92,   472.74,   104.00
473.06,   469.92,   228.93
470.19,   467.09,   353.87
477.96,   597.69,   106.87
475.10,   594.87,   231.81
472.23,   592.04,   356.74
598.83,   345.69,   103.94
595.97,   342.86,   228.88
593.10,   340.04,   353.81
600.87,   470.64,   106.82
598.01,   467.81,   231.75
595.14,   464.99,   356.69
602.91,   595.59,   109.69
600.05,   592.76,   234.62
597.18,   589.94,   359.56
349.80,   349.19,   225.87
349.86,   350.95,   350.86
349.92,   352.71,   475.85
350.18,   474.17,   224.11
350.24,   475.93,   349.10
350.30,   477.70,   474.09
350.56,   599.16,   222.35
350.62,   600.92,   347.34
350.68,   602.68,   472.33
474.80,   348.81,   225.82
474.86,   350.57,   350.80
474.92,   352.33,   475.79
475.18,   473.79,   224.06
475.24,   475.55,   349.04
475.30,   477.31,   474.03
475.56,   598.78,   222.29
475.62,   600.54,   347.28
475.68,   602.30,   472.27
599.80,   348.42,   225.76
599.86,   350.19,   350.75
599.92,   351.95,   475.74
600.18,   473.41,   224.00
600.24,   475.17,   348.99
600.30,   476.93,   473.97
600.56,   598.40,   222.24
600.62,   600.16,   347.23
600.68,   601.92,   472.21
349.64,   348.24,   351.12
347.60,   349.45,   476.10
345.55,   350.66,   601.08
347.29,   473.21,   349.87
345.24,   474.42,   474.85
343.19,   475.63,   599.83
344.93,   598.18,   348.62
342.88,   599.39,   473.60
340.84,   600.60,   598.58
474.60,   350.61,   353.15
472.56,   351.83,   478.12
470.51,   353.04,   603.10
472.25,   475.58,   351.89
470.20,   476.80,   476.87
468.15,   478.01,   601.85
469.89,   600.56,   350.64
467.84,   601.77,   475.62
465.80,   602.98,   600.60
599.56,   352.99,   355.17
597.52,   354.20,   480.15
595.47,   355.42,   605.12
597.21,   477.96,   353.92
595.16,   479.18,   478.89
593.12,   480.39,   603.87
594.85,   602.93,   352.67
592.80,   604.15,   477.64
590.76,   605.36,   602.62
351.46,   348.44,   473.87
350.19,   347.98,   598.86
348.93,   347.52,   723.86
353.67,   473.42,   474.35
352.40,   472.96,   599.35
351.13,   472.50,   724.34
355.87,   598.40,   474.84
354.60,   597.94,   599.83
353.33,   597.48,   724.82
476.44,   346.23,   475.13
475.17,   345.77,   600.12
473.90,   345.31,   725.12
478.64,   471.21,   475.61
477.37,   470.75,   600.61
476.10,   470.29,   725.60
480.84,   596.19,   476.10
479.58,   595.73,   601.09
478.31,   595.27,   726.08
601.41,   344.02,   476.39
600.14,   343.56,   601.38
598.87,   343.10,   726.38
603.61,   469.00,   476.87
602.35,   468.54,   601.87
601.08,   468.08,   726.86
605.82,   593.98,   477.36
604.55,   593.52,   602.35
603.28,   593.06,   727.34
348.29,   348.59,   598.96
345.03,   351.12,   723.89
341.78,   353.65,   848.82
346.23,   473.55,   596.37
342.97,   476.08,   721.31
339.72,   478.61,   846.24
344.17,   598.50,   593.79
340.91,   601.03,   718.72
337.66,   603.56,   843.66
473.23,   350.72,   602.17
469.97,   353.25,   727.10
466.72,   355.77,   852.04
471.17,   475.67,   599.59
467.91,   478.20,   724.52
464.66,   480.73,   849.45
469.11,   600.63,   597.01
465.85,   603.16,   721.94
462.60,   605.69,   846.87
598.17,   352.84,   605.39
594.91,   355.37,   730.32
591.66,   357.90,   855.25
596.11,   477.80,   602.80
592.86,   480.33,   727.74
589.60,   482.86,   852.67
594.05,   602.76,   600.22
590.80,   605.28,   725.15
587.54,   607.81,   850.09
348.16,   476.85,   99.78
348.33,   474.86,   224.77
348.51,   472.87,   349.75
345.02,   601.80,   101.78
345.19,   599.80,   226.76
345.37,   597.81,   351.75
341.87,   726.74,   103.77
342.05,   724.75,   228.76
342.22,   722.76,   353.74
473.12,   479.99,   99.66
473.29,   478.00,   224.64
473.47,   476.01,   349.63
469.98,   604.94,   101.65
470.15,   602.95,   226.64
470.33,   600.96,   351.62
466.83,   729.88,   103.65
467.01,   727.89,   228.63
467.18,   725.90,   353.62
598.08,   483.14,   99.53
598.25,   481.15,   224.52
598.43,   479.16,   349.50
594.94,   608.08,   101.53
595.11,   606.09,   226.51
595.29,   604.10,   351.50
591.79,   733.03,   103.52
591.97,   731.04,   228.51
592.15,   729.04,   353.49
350.63,   476.77,   225.55
350.50,   479.84,   350.51
350.37,   482.91,   475.47
353.57,   601.70,   222.48
353.45,   604.77,   347.44
353.32,   607.84,   472.41
356.52,   726.63,   219.42
356.39,   729.70,   344.38
356.26,   732.77,   469.34
475.59,   473.84,   225.75
475.47,   476.91,   350.71
475.34,   479.98,   475.67
478.54,   598.76,   222.68
478.41,   601.83,   347.64
478.28,   604.90,   472.61
481.48,   723.69,   219.62
481.35,   726.76,   344.58
481.23,   729.83,   469.54
600.56,   470.90,   225.95
600.43,   473.97,   350.91
600.31,   477.04,   475.87
603.50,   595.82,   222.88
603.38,   598.89,   347.84
603.25,   601.96,   472.81
606.45,   720.75,   219.81
606.32,   723.82,   344.78
606.19,   726.89,   469.74
349.85,   476.42,   349.13
347.30,   473.20,   474.06
344.76,   469.97,   599.00
346.19,   601.33,   352.28
343.64,   598.10,   477.21
341.09,   594.88,   602.15
342.52,   726.23,   355.43
339.97,   723.01,   480.36
337.42,   719.78,   605.30
474.77,   480.02,   351.77
472.22,   476.80,   476.71
469.68,   473.57,   601.64
471.11,   604.93,   354.92
468.56,   601.71,   479.86
466.01,   598.48,   604.79
467.44,   729.84,   358.07
464.89,   726.61,   483.01
462.34,   723.39,   607.94
599.69,   483.63,   354.42
597.14,   480.40,   479.35
594.60,   477.18,   604.28
596.03,   608.53,   357.57
593.48,   605.31,   482.50
590.93,   602.08,   607.43
592.36,   733.44,   360.72
589.81,   730.21,   485.65
587.26,   726.99,   610.58
350.86,   476.23,   473.21
352.54,   473.67,   598.17
354.22,   471.11,   723.13
347.16,   601.15,   475.81
348.84,   598.59,   600.78
350.52,   596.03,   725.74
343.45,   726.06,   478.42
345.13,   723.50,   603.39
346.81,   720.94,   728.35
475.80,   479.97,   471.60
477.48,   477.41,   596.56
479.16,   474.85,   721.53
472.09,   604.88,   474.21
473.77,   602.32,   599.17
475.45,   599.76,   724.14
468.39,   729.80,   476.82
470.07,   727.24,   601.78
471.75,   724.68,   726.75
600.73,   483.71,   470.00
602.41,   481.14,   594.96
604.09,   478.58,   719.92
597.03,   608.62,   472.61
598.71,   606.06,   597.57
600.39,   603.50,   722.53
593.32,   733.54,   475.22
595.00,   730.98,   600.18
596.68,   728.42,   725.14
351.04,   476.05,   599.43
353.42,   479.67,   724.35
355.81,   483.30,   849.28
350.02,   600.99,   595.82
352.40,   604.62,   720.75
354.79,   608.24,   845.67
349.00,   725.93,   592.21
351.38,   729.56,   717.14
353.77,   733.19,   842.06
476.01,   477.00,   597.01
478.40,   480.62,   721.94
480.78,   484.25,   846.86
474.99,   601.94,   593.41
477.38,   605.57,   718.33
479.76,   609.19,   843.25
473.97,   726.88,   589.80
476.35,   730.51,   714.72
478.74,   734.14,   839.65
600.98,   477.95,   594.60
603.37,   481.57,   719.52
605.75,   485.20,   844.45
599.96,   602.89,   590.99
602.35,   606.52,   715.92
604.73,   610.14,   840.84
598.94,   727.84,   587.38
601.33,   731.46,   712.31
603.71,   735.09,   837.23
351.33,   598.78,   98.90
349.48,   595.69,   223.85
347.63,   592.60,   348.80
350.18,   723.74,   101.97
348.33,   720.65,   226.92
346.49,   717.56,   351.87
349.04,   848.70,   105.05
347.19,   845.61,   230.00
345.34,   842.51,   354.94
476.31,   599.88,   100.78
474.46,   596.79,   225.72
472.61,   593.70,   350.67
475.16,   724.84,   103.85
473.31,   721.75,   228.80
471.47,   718.66,   353.75
474.02,   849.80,   106.92
472.17,   846.71,   231.87
470.32,   843.62,   356.82
601.29,   600.98,   102.65
599.44,   597.89,   227.60
597.59,   594.80,   352.55
600.14,   725.94,   105.73
598.30,   722.85,   230.67
596.45,   719.76,   355.62
599.00,   850.90,   108.80
597.15,   847.81,   233.75
595.30,   844.72,   358.70
348.91,   598.93,   226.29
350.88,   601.01,   351.26
352.85,   603.09,   476.23
346.69,   723.89,   224.25
348.66,   725.97,   349.21
350.63,   728.05,   474.18
344.47,   848.86,   222.20
346.45,   850.94,   347.17
348.42,   853.02,   472.14
473.87,   601.11,   224.28
475.84,   603.19,   349.25
477.82,   605.27,   474.22
471.65,   726.08,   222.24
473.63,   728.16,   347.20
475.60,   730.24,   472.17
469.44,   851.04,   220.19
471.41,   853.12,   345.16
473.38,   855.20,   470.13
598.84,   603.30,   222.27
600.81,   605.38,   347.24
602.78,   607.46,   472.21
596.62,   728.26,   220.23
598.59,   730.34,   345.20
600.56,   732.42,   470.16
594.40,   853.22,   218.18
596.38,   855.30,   343.15
598.35,   857.38,   468.12
349.50,   599.93,   351.88
346.55,   603.48,   476.79
343.60,   607.03,   601.71
351.50,   724.87,   348.38
348.55,   728.41,   473.29
345.60,   731.96,   598.21
353.50,   849.80,   344.87
350.55,   853.35,   469.79
347.60,   856.90,   594.70
474.45,   598.01,   354.88
471.50,   601.56,   479.80
468.55,   605.11,   604.71
476.45,   722.95,   351.38
473.50,   726.50,   476.30
470.55,   730.04,   601.21
478.45,   847.88,   347.88
475.50,   851.43,   472.79
472.55,   854.98,   597.71
599.39,   596.10,   357.89
596.44,   599.64,   482.80
593.49,   603.19,   607.72
601.40,   721.03,   354.39
598.45,   724.58,   479.30
595.50,   728.13,   604.22
603.40,   845.97,   350.89
600.45,   849.51,   475.80
597.50,   853.06,   600.71
349.90,   599.46,   473.46
350.17,   597.89,   598.45
350.43,   596.31,   723.44
346.23,   724.40,   475.05
346.50,   722.82,   600.03
346.76,   721.25,   725.02
342.56,   849.33,   476.63
342.83,   847.76,   601.62
343.09,   846.18,   726.61
474.84,   603.13,   473.24
475.11,   601.56,   598.23
475.38,   599.98,   723.22
471.18,   728.07,   474.83
471.44,   726.49,   599.81
471.71,   724.92,   724.80
467.51,   853.01,   476.41
467.77,   851.43,   601.40
468.04,   849.86,   726.39
599.79,   606.80,   473.02
600.06,   605.23,   598.01
600.32,   603.65,   723.00
596.12,   731.74,   474.61
596.39,   730.17,   599.59
596.66,   728.59,   724.58
592.45,   856.68,   476.19
592.72,   855.10,   601.18
592.99,   853.53,   726.17
348.81,   598.33,   598.68
351.25,   601.48,   723.62
353.70,   604.63,   848.56
347.95,   723.28,   595.55
350.39,   726.43,   720.49
352.84,   729.58,   845.42
347.09,   848.24,   592.42
349.53,   851.39,   717.35
351.98,   854.54,   842.29
473.78,   599.12,   596.21
476.23,   602.27,   721.15
478.67,   605.42,   846.09
472.92,   724.08,   593.08
475.37,   727.23,   718.02
477.81,   730.38,   842.95
472.06,   849.04,   589.95
474.51,   852.19,   714.88
476.95,   855.34,   839.82
598.75,   599.92,   593.75
601.20,   603.07,   718.68
603.65,   606.22,   843.62
597.89,   724.88,   590.61
600.34,   728.03,   715.55
602.79,   731.18,   840.48
597.03,   849.84,   587.48
599.48,   852.99,   712.41
601.93,   856.14,   837.35
475.77,   100.73,   100.89
474.14,   98.40,   225.86
472.50,   96.06,   350.82
476.72,   225.70,   103.23
475.08,   223.37,   228.20
473.45,   221.04,   353.17
477.67,   350.68,   105.58
476.03,   348.35,   230.55
474.39,   346.01,   355.51
600.76,   99.75,   102.51
599.12,   97.42,   227.48
597.48,   95.09,   352.44
601.71,   224.73,   104.85
600.07,   222.39,   229.82
598.43,   220.06,   354.79
602.66,   349.70,   107.20
601.02,   347.37,   232.17
599.38,   345.03,   357.13
725.74,   98.77,   104.13
724.11,   96.44,   229.10
722.47,   94.11,   354.06
726.69,   223.75,   106.47
725.06,   221.41,   231.44
723.42,   219.08,   356.41
727.64,   348.72,   108.82
726.00,   346.39,   233.79
724.37,   344.05,   358.75
476.40,   98.93,   223.86
478.90,   98.68,   348.84
481.41,   98.44,   473.81
473.12,   223.89,   224.18
475.63,   223.64,   349.15
478.13,   223.40,   474.12
469.85,   348.84,   224.49
472.35,   348.60,   349.46
474.85,   348.35,   474.44
601.33,   102.21,   221.37
603.83,   101.97,   346.34
606.34,   101.72,   471.32
598.06,   227.17,   221.68
600.56,   226.92,   346.65
603.06,   226.68,   471.63
594.78,   352.12,   221.99
597.28,   351.88,   346.97
599.79,   351.63,   471.94
726.26,   105.49,   218.87
728.77,   105.25,   343.85
731.27,   105.00,   468.82
722.99,   230.45,   219.18
725.49,   230.20,   344.16
727.99,   229.96,   469.13
719.71,   355.41,   219.49
722.22,   355.16,   344.47
724.72,   354.91,   469.44
474.82,   98.68,   351.35
472.76,   100.29,   476.33
470.70,   101.89,   601.30
473.27,   223.66,   349.72
471.21,   225.27,   474.70
469.14,   226.87,   599.67
471.71,   348.64,   348.09
469.65,   350.25,   473.07
467.59,   351.85,   598.04
599.80,   100.26,   353.39
597.73,   101.87,   478.37
595.67,   103.47,   603.34
598.24,   225.24,   351.77
596.18,   226.85,   476.74
594.12,   228.45,   601.71
596.69,   350.22,   350.14
594.63,   351.83,   475.11
592.56,   353.43,   600.08
724.77,   101.85,   355.44
722.71,   103.45,   480.41
720.64,   105.05,   605.38
723.22,   226.83,   353.81
721.15,   228.43,   478.78
719.09,   230.03,   603.75
721.66,   351.80,   352.18
719.60,   353.41,   477.15
717.54,   355.01,   602.12
474.02,   101.83,   474.18
471.08,   101.68,   599.14
468.13,   101.53,   724.11
473.00,   226.83,   474.31
470.05,   226.68,   599.27
467.11,   226.53,   724.24
471.97,   351.83,   474.44
469.02,   351.67,   599.40
466.08,   351.52,   724.37
598.98,   102.86,   477.13
596.04,   102.71,   602.09
593.09,   102.55,   727.06
597.96,   227.85,   477.25
595.01,   227.70,   602.22
592.07,   227.55,   727.18
596.93,   352.85,   477.38
593.99,   352.70,   602.35
591.04,   352.55,   727.31
723.95,   103.88,   480.07
721.00,   103.73,   605.04
718.05,   103.58,   730.00
722.92,   228.88,   480.20
719.97,   228.73,   605.17
717.03,   228.57,   730.13
721.89,   353.87,   480.33
718.95,   353.72,   605.29
716.00,   353.57,   730.26
473.74,   98.48,   601.34
471.86,   101.68,   726.28
469.97,   104.87,   851.23
473.77,   223.44,   598.14
471.89,   226.64,   723.09
470.00,   229.83,   848.03
473.80,   348.40,   594.95
471.92,   351.60,   719.89
470.03,   354.79,   844.84
598.73,   98.50,   603.22
596.84,   101.70,   728.17
594.96,   104.89,   853.11
598.76,   223.46,   600.03
596.87,   226.66,   724.97
594.99,   229.85,   849.92
598.79,   348.42,   596.83
596.90,   351.62,   721.78
595.02,   354.81,   846.72
723.71,   98.52,   605.11
721.83,   101.72,   730.05
719.95,   104.91,   855.00
723.74,   223.48,   601.91
721.86,   226.68,   726.86
719.97,   229.87,   851.80
723.77,   348.44,   598.71
721.89,   351.64,   723.66
720.00,   354.83,   848.60
474.52,   225.20,   100.13
472.08,   223.08,   225.09
469.63,   220.96,   350.05
475.25,   350.18,   102.27
472.81,   348.06,   227.22
470.37,   345.94,   352.18
475.99,   475.16,   104.40
473.54,   473.04,   229.36
471.10,   470.92,   354.32
599.49,   224.43,   102.56
597.05,   222.31,   227.52
594.61,   220.19,   352.48
600.23,   349.41,   104.70
597.78,   347.29,   229.66
595.34,   345.17,   354.61
600.96,   474.39,   106.83
598.52,   472.27,   231.79
596.07,   470.15,   356.75
724.47,   223.65,   104.99
722.02,   221.53,   229.95
719.58,   219.41,   354.91
725.20,   348.63,   107.13
722.76,   346.51,   232.09
720.31,   344.39,   357.04
725.93,   473.61,   109.26
723.49,   471.49,   234.22
721.05,   469.37,   359.18
473.78,   223.17,   225.35
470.27,   222.94,   350.30
466.76,   222.72,   475.25
471.58,   348.15,   225.51
468.07,   347.92,   350.47
464.55,   347.70,   475.42
469.37,   473.13,   225.68
465.86,   472.90,   350.63
462.35,   472.68,   475.58
598.72,   225.37,   228.87
595.20,   225.15,   353.82
591.69,   224.92,   478.77
596.51,   350.35,   229.03
593.00,   350.13,   353.98
589.48,   349.90,   478.93
594.30,   475.33,   229.19
590.79,   475.11,   354.14
587.28,   474.88,   479.10
723.65,   227.57,   232.38
720.14,   227.35,   357.33
716.62,   227.12,   482.28
721.44,   352.55,   232.55
717.93,   352.33,   357.50
714.42,   352.10,   482.45
719.23,   477.53,   232.71
715.72,   477.31,   357.66
712.21,   477.08,   482.61
473.85,   223.67,   349.68
477.52,   226.34,   474.60
481.19,   229.01,   599.52
472.54,   348.64,   347.05
476.21,   351.30,   471.97
479.88,   353.97,   596.89
471.23,   473.60,   344.42
474.90,   476.27,   469.34
478.57,   478.94,   594.26
598.79,   224.90,   345.98
602.46,   227.57,   470.90
606.13,   230.24,   595.82
597.48,   349.87,   343.35
601.15,   352.54,   468.27
604.82,   355.20,   593.19
596.17,   474.83,   340.72
599.84,   477.50,   465.64
603.51,   480.17,   590.56
723.73,   226.13,   342.28
727.40,   228.80,   467.20
731.07,   231.47,   592.12
722.42,   351.10,   339.65
726.09,   353.77,   464.57
729.76,   356.43,   589.49
721.11,   476.07,   337.02
724.78,   478.73,   461.94
728.45,   481.40,   586.86
475.28,   224.97,   473.45
473.55,   223.03,   598.43
471.82,   221.08,   723.40
474.11,   349.95,   475.39
472.38,   348.01,   600.36
470.65,   346.06,   725.33
472.94,   474.93,   477.32
471.21,   472.98,   602.29
469.49,   471.04,   727.26
600.26,   226.11,   475.20
598.53,   224.17,   600.17
596.80,   222.22,   725.14
599.09,   351.09,   477.13
597.36,   349.15,   602.10
595.64,   347.20,   727.08
597.92,   476.07,   479.06
596.20,   474.12,   604.04
594.47,   472.18,   729.01
725.24,   227.25,   476.94
723.51,   225.31,   601.92
721.79,   223.36,   726.89
724.07,   352.23,   478.88
722.35,   350.29,   603.85
720.62,   348.34,   728.82
722.91,   477.21,   480.81
721.18,   475.26,   605.78
719.45,   473.32,   730.75
475.64,   223.70,   598.13
475.03,   226.27,   723.11
474.42,   228.84,   848.08
477.78,   348.66,   595.57
477.17,   351.23,   720.55
476.55,   353.80,   845.52
479.92,   473.61,   593.01
479.30,   476.18,   717.99
478.69,   478.75,   842.96
600.62,   221.58,   598.79
600.01,   224.15,   723.76
599.40,   226.72,   848.73
602.76,   346.53,   596.23
602.15,   349.10,   721.20
601.53,   351.67,   846.17
604.90,   471.49,   593.67
604.28,   474.06,   718.64
603.67,   476.63,   843.61
725.60,   219.45,   599.45
724.99,   222.02,   724.42
724.38,   224.59,   849.39
727.74,   344.41,   596.89
727.13,   346.98,   721.86
726.51,   349.55,   846.83
729.88,   469.36,   594.32
729.27,   471.93,   719.30
728.65,   474.50,   844.27
475.39,   351.72,   101.23
473.20,   351.47,   226.21
471.02,   351.22,   351.19
472.67,   476.69,   101.43
470.49,   476.44,   226.41
468.31,   476.19,   351.39
469.96,   601.66,   101.63
467.77,   601.41,   226.61
465.59,   601.16,   351.59
600.34,   354.43,   103.42
598.15,   354.18,   228.40
595.97,   353.93,   353.38
597.62,   479.40,   103.62
595.44,   479.15,   228.60
593.26,   478.90,   353.58
594.91,   604.37,   103.82
592.73,   604.12,   228.80
590.54,   603.87,   353.78
725.29,   357.13,   105.61
723.11,   356.89,   230.59
720.92,   356.64,   355.57
722.57,   482.11,   105.81
720.39,   481.86,   230.79
718.21,   481.61,   355.77
719.86,   607.08,   106.01
717.68,   606.83,   230.99
715.49,   606.58,   355.97
476.32,   351.99,   226.84
476.44,   354.41,   351.82
476.56,   356.84,   476.79
474.07,   476.94,   224.42
474.19,   479.37,   349.39
474.31,   481.80,   474.37
471.82,   601.90,   221.99
471.93,   604.33,   346.97
472.05,   606.75,   471.95
601.30,   354.24,   226.68
601.42,   356.66,   351.66
601.54,   359.09,   476.63
599.05,   479.19,   224.26
599.17,   481.62,   349.23
599.29,   484.05,   474.21
596.80,   604.15,   221.83
596.91,   606.58,   346.81
597.03,   609.00,   471.78
726.28,   356.49,   226.52
726.40,   358.91,   351.49
726.52,   361.34,   476.47
724.03,   481.44,   224.09
724.15,   483.87,   349.07
724.26,   486.30,   474.05
721.78,   606.40,   221.67
721.89,   608.83,   346.65
722.01,   611.25,   471.62
473.79,   348.01,   348.41
472.88,   345.07,   473.38
471.98,   342.13,   598.34
471.62,   472.96,   351.34
470.71,   470.02,   476.30
469.81,   467.08,   601.26
469.45,   597.91,   354.26
468.54,   594.97,   479.23
467.63,   592.02,   604.19
598.77,   350.16,   349.37
597.86,   347.22,   474.33
596.95,   344.28,   599.30
596.60,   475.11,   352.30
595.69,   472.17,   477.26
594.78,   469.23,   602.22
594.43,   600.06,   355.22
593.52,   597.12,   480.18
592.61,   594.17,   605.15
723.75,   352.31,   350.33
722.84,   349.37,   475.29
721.93,   346.43,   600.25
721.58,   477.26,   353.25
720.67,   474.32,   478.22
719.76,   471.38,   603.18
719.41,   602.21,   356.18
718.50,   599.26,   481.14
717.59,   596.32,   606.10
474.90,   348.19,   474.03
475.62,   347.52,   599.03
476.34,   346.86,   724.02
474.23,   473.18,   474.70
474.95,   472.52,   599.69
475.67,   471.86,   724.69
473.55,   598.18,   475.36
474.27,   597.52,   600.36
474.99,   596.85,   725.36
599.89,   348.86,   473.31
600.61,   348.20,   598.31
601.33,   347.53,   723.31
599.22,   473.86,   473.98
599.94,   473.19,   598.98
600.66,   472.53,   723.97
598.55,   598.85,   474.65
599.27,   598.19,   599.65
599.99,   597.53,   724.64
724.89,   349.54,   472.60
725.61,   348.87,   597.59
726.33,   348.21,   722.59
724.22,   474.53,   473.27
724.94,   473.87,   598.26
725.66,   473.21,   723.26
723.55,   599.53,   473.93
724.27,   598.87,   598.93
724.99,   598.20,   723.93
473.95,   349.64,   598.91
470.53,   347.92,   723.85
467.11,   346.19,   848.80
471.47,   474.61,   600.57
468.05,   472.88,   725.51
464.63,   471.16,   850.45
468.99,   599.57,   602.23
465.57,   597.84,   727.17
462.15,   596.12,   852.11
598.88,   352.08,   602.37
595.46,   350.35,   727.31
592.04,   348.63,   852.25
596.40,   477.04,   604.02
592.98,   475.32,   728.97
589.56,   473.59,   853.91
593.92,   602.01,   605.68
590.50,   600.28,   730.62
587.08,   598.56,   855.56
723.81,   354.51,   605.82
720.39,   352.79,   730.76
716.97,   351.06,   855.70
721.33,   479.48,   607.48
717.91,   477.75,   732.42
714.49,   476.03,   857.36
718.84,   604.44,   609.14
715.42,   602.72,   734.08
712.00,   600.99,   859.02
476.43,   473.87,   98.54
474.25,   474.56,   223.52
472.08,   475.25,   348.50
474.30,   598.85,   97.82
472.13,   599.54,   222.80
469.95,   600.23,   347.78
472.18,   723.83,   97.09
470.00,   724.52,   222.07
467.83,   725.21,   347.05
601.39,   476.01,   100.71
599.22,   476.70,   225.69
597.04,   477.39,   350.67
599.27,   600.99,   99.98
597.09,   601.68,   224.96
594.91,   602.37,   349.94
597.14,   725.97,   99.26
594.96,   726.66,   224.24
592.79,   727.35,   349.22
726.36,   478.15,   102.87
724.18,   478.84,   227.85
722.00,   479.52,   352.83
724.23,   603.13,   102.15
722.05,   603.82,   227.13
719.88,   604.50,   352.11
722.10,   728.11,   101.42
719.93,   728.80,   226.40
717.75,   729.48,   351.38
475.30,   474.93,   224.22
471.58,   477.69,   349.14
467.86,   480.45,   474.05
472.94,   599.87,   221.39
469.22,   602.63,   346.31
465.50,   605.40,   471.22
470.57,   724.82,   218.56
466.85,   727.58,   343.47
463.14,   730.34,   468.39
600.22,   477.37,   227.89
596.50,   480.13,   352.80
592.79,   482.90,   477.72
597.86,   602.32,   225.06
594.14,   605.08,   349.97
590.42,   607.84,   474.88
595.50,   727.26,   222.22
591.78,   730.03,   347.14
588.06,   732.79,   472.05
725.14,   479.82,   231.55
721.43,   482.58,   356.47
717.71,   485.34,   481.38
722.78,   604.76,   228.72
719.06,   607.53,   353.63
715.34,   610.29,   478.55
720.42,   729.71,   225.89
716.70,   732.47,   350.80
712.98,   735.23,   475.72
476.00,   474.97,   351.83
474.19,   478.37,   476.77
472.39,   481.77,   601.71
474.68,   599.92,   348.41
472.88,   603.32,   473.35
471.07,   606.72,   598.29
473.36,   724.87,   344.99
471.56,   728.27,   469.93
469.76,   731.67,   594.87
600.98,   476.34,   353.60
599.17,   479.74,   478.54
597.37,   483.14,   603.48
599.66,   601.29,   350.18
597.86,   604.69,   475.12
596.05,   608.09,   600.06
598.34,   726.23,   346.76
596.54,   729.63,   471.70
594.74,   733.03,   596.64
725.96,   477.70,   355.36
724.15,   481.10,   480.31
722.35,   484.51,   605.25
724.64,   602.65,   351.95
722.84,   606.05,   476.89
721.03,   609.45,   601.83
723.33,   727.60,   348.53
721.52,   731.00,   473.47
719.72,   734.40,   598.41
474.25,   476.07,   476.73
475.78,   474.78,   601.71
477.32,   473.48,   726.70
472.75,   601.05,   478.04
474.28,   599.76,   603.03
475.82,   598.47,   728.01
471.25,   726.04,   479.35
472.78,   724.75,   604.34
474.32,   723.45,   729.32
599.23,   477.59,   475.21
600.76,   476.29,   600.19
602.30,   475.00,   725.18
597.73,   602.57,   476.52
599.26,   601.28,   601.51
600.80,   599.98,   726.49
596.23,   727.55,   477.83
597.76,   726.26,   602.82
599.30,   724.97,   727.80
724.21,   479.10,   473.69
725.75,   477.81,   598.68
727.28,   476.51,   723.66
722.71,   604.09,   475.00
724.25,   602.79,   599.99
725.78,   601.50,   724.97
721.21,   729.07,   476.32
722.75,   727.78,   601.30
724.28,   726.48,   726.28
475.37,   475.84,   599.59
471.65,   478.59,   724.50
467.94,   481.33,   849.42
474.35,   600.81,   596.82
470.64,   603.55,   721.73
466.92,   606.29,   846.65
473.33,   725.77,   594.04
469.62,   728.52,   718.96
465.91,   731.26,   843.87
600.31,   476.94,   603.28
596.59,   479.68,   728.19
592.88,   482.42,   853.11
599.29,   601.91,   600.51
595.58,   604.65,   725.42
591.86,   607.39,   850.34
598.28,   726.87,   597.73
594.56,   729.61,   722.65
590.85,   732.35,   847.56
725.25,   478.04,   606.97
721.54,   480.78,   731.88
717.82,   483.52,   856.80
724.23,   603.01,   604.20
720.52,   605.75,   729.11
716.81,   608.49,   854.03
723.22,   727.97,   601.42
719.50,   730.71,   726.34
715.79,   733.45,   851.25
475.57,   601.63,   99.27
472.07,   604.26,   224.20
468.57,   606.89,   349.12
474.59,   726.59,   96.61
471.09,   729.23,   221.54
467.59,   731.86,   346.46
473.61,   851.56,   93.95
470.11,   854.19,   218.87
466.60,   856.83,   343.80
600.52,   602.68,   102.75
597.02,   605.32,   227.68
593.52,   607.95,   352.60
599.54,   727.65,   100.09
596.04,   730.28,   225.02
592.53,   732.92,   349.94
598.55,   852.62,   97.43
595.05,   855.25,   222.35
591.55,   857.88,   347.28
725.47,   603.74,   106.23
721.97,   606.37,   231.16
718.47,   609.01,   356.08
724.49,   728.71,   103.57
720.98,   731.34,   228.50
717.48,   733.97,   353.42
723.50,   853.68,   100.91
720.00,   856.31,   225.83
716.50,   858.94,   350.76
476.33,   601.57,   224.81
474.79,   603.78,   349.78
473.25,   605.98,   474.75
477.30,   726.55,   222.61
475.76,   728.76,   347.58
474.21,   730.96,   472.56
478.26,   851.53,   220.42
476.72,   853.73,   345.39
475.18,   855.94,   470.36
601.32,   600.63,   226.37
599.78,   602.84,   351.34
598.23,   605.04,   476.31
602.28,   725.61,   224.17
600.74,   727.82,   349.14
599.20,   730.02,   474.11
603.25,   850.59,   221.98
601.71,   852.79,   346.95
600.17,   855.00,   471.92
726.30,   599.70,   227.92
724.76,   601.90,   352.90
723.22,   604.11,   477.87
727.27,   724.67,   225.73
725.73,   726.88,   350.70
724.19,   729.08,   475.67
728.24,   849.65,   223.54
726.70,   851.85,   348.51
725.15,   854.06,   473.48
475.05,   601.20,   349.86
474.68,   602.74,   474.85
474.32,   604.28,   599.84
475.87,   726.19,   348.32
475.51,   727.73,   473.31
475.14,   729.27,   598.30
476.70,   851.18,   346.78
476.34,   852.72,   471.77
475.97,   854.26,   596.76
600.04,   600.38,   350.23
599.68,   601.92,   475.22
599.31,   603.46,   600.21
600.87,   725.37,   348.70
600.51,   726.91,   473.69
600.14,   728.45,   598.68
601.70,   850.35,   347.16
601.33,   851.89,   472.15
600.97,   853.43,   597.14
725.04,   599.56,   350.61
724.67,   601.10,   475.60
724.31,   602.64,   600.59
725.87,   724.54,   349.07
725.50,   726.08,   474.06
725.14,   727.62,   599.05
726.70,   849.53,   347.53
726.33,   851.07,   472.52
725.96,   852.61,   597.51
473.11,   599.59,   473.55
470.94,   603.33,   598.47
468.78,   607.07,   723.40
474.74,   724.53,   469.84
472.58,   728.26,   594.76
470.41,   732.00,   719.69
476.37,   849.46,   466.13
474.21,   853.20,   591.05
472.04,   856.94,   715.98
598.08,   598.03,   475.76
595.91,   601.76,   600.69
593.75,   605.50,   725.61
599.71,   722.96,   472.05
597.55,   726.70,   596.98
595.38,   730.44,   721.90
601.34,   847.89,   468.34
599.18,   851.63,   593.27
597.01,   855.37,   718.19
723.05,   596.46,   477.98
720.88,   600.20,   602.90
718.72,   603.93,   727.83
724.68,   721.39,   474.27
722.52,   725.13,   599.19
720.35,   728.87,   724.12
726.31,   846.33,   470.56
724.15,   850.07,   595.48
721.98,   853.80,   720.41
473.67,   601.96,   600.91
476.26,   603.55,   725.88
478.84,   605.13,   850.84
474.24,   726.95,   599.32
476.83,   728.54,   724.28
479.41,   730.12,   849.24
474.81,   851.94,   597.72
477.40,   853.52,   722.69
479.99,   855.11,   847.65
598.64,   601.36,   598.33
601.23,   602.94,   723.30
603.81,   604.53,   848.26
599.21,   726.35,   596.74
601.80,   727.93,   721.70
604.39,   729.52,   846.66
599.78,   851.34,   595.14
602.37,   852.92,   720.11
604.96,   854.50,   845.07
723.61,   600.76,   595.76
726.20,   602.34,   720.72
728.79,   603.92,   845.68
724.18,   725.74,   594.16
726.77,   727.33,   719.12
729.36,   728.91,   844.09
724.76,   850.73,   592.56
727.34,   852.32,   717.53
729.93,   853.90,   842.49
600.26,   101.33,   98.06
598.26,   103.98,   223.01
596.26,   106.62,   347.97
599.08,   226.30,   95.39
597.08,   228.94,   220.35
595.08,   231.58,   345.31
597.89,   351.26,   92.73
595.89,   353.91,   217.69
593.89,   356.55,   342.64
725.24,   102.56,   100.03
723.24,   105.20,   224.99
721.24,   107.85,   349.94
724.05,   227.53,   97.37
722.05,   230.17,   222.32
720.06,   232.81,   347.28
722.87,   352.49,   94.71
720.87,   355.14,   219.66
718.87,   357.78,   344.62
850.22,   103.79,   102.00
848.22,   106.43,   226.96
846.22,   109.08,   351.92
849.03,   228.76,   99.34
847.03,   231.40,   224.30
845.03,   234.04,   349.25
847.84,   353.72,   96.68
845.85,   356.37,   221.64
843.85,   359.01,   346.59
599.11,   100.66,   225.03
597.60,   97.68,   349.99
596.10,   94.71,   474.94
598.98,   225.63,   228.01
597.48,   222.65,   352.96
595.97,   219.67,   477.92
598.86,   350.59,   230.98
597.35,   347.61,   355.94
595.85,   344.64,   480.89
724.10,   100.75,   226.54
722.59,   97.77,   351.49
721.09,   94.80,   476.45
723.97,   225.72,   229.51
722.47,   222.74,   354.47
720.96,   219.76,   479.43
723.85,   350.68,   232.49
722.34,   347.70,   357.45
720.84,   344.72,   482.40
849.09,   100.84,   228.05
847.58,   97.86,   353.00
846.08,   94.88,   477.96
848.96,   225.80,   231.02
847.46,   222.83,   355.98
845.95,   219.85,   480.93
848.84,   350.77,   234.00
847.33,   347.79,   358.95
845.83,   344.81,   483.91
600.86,   98.81,   350.16
601.21,   99.97,   475.15
601.57,   101.12,   600.15
600.97,   223.81,   349.00
601.33,   224.96,   473.99
601.68,   226.12,   598.99
601.08,   348.80,   347.84
601.44,   349.96,   472.84
601.79,   351.11,   597.83
725.86,   98.70,   349.80
726.21,   99.85,   474.80
726.57,   101.01,   599.79
725.97,   223.69,   348.65
726.33,   224.85,   473.64
726.68,   226.00,   598.64
726.08,   348.69,   347.49
726.44,   349.84,   472.48
726.79,   351.00,   597.48
850.86,   98.58,   349.45
851.21,   99.74,   474.45
851.57,   100.90,   599.44
850.97,   223.58,   348.30
851.32,   224.73,   473.29
851.68,   225.89,   598.28
851.08,   348.57,   347.14
851.44,   349.73,   472.13
851.79,   350.88,   597.13
600.30,   98.12,   473.92
600.96,   96.99,   598.91
601.62,   95.86,   723.90
598.71,   223.11,   475.06
599.37,   221.97,   600.05
600.03,   220.84,   725.05
597.13,   348.09,   476.20
597.79,   346.96,   601.19
598.45,   345.83,   726.19
725.28,   99.71,   473.27
725.94,   98.58,   598.27
726.60,   97.45,   723.26
723.70,   224.70,   474.41
724.36,   223.56,   599.41
725.02,   222.43,   724.40
722.12,   349.68,   475.56
722.78,   348.55,   600.55
723.43,   347.42,   725.54
850.27,   101.30,   472.63
850.93,   100.17,   597.62
851.59,   99.04,   722.61
848.69,   226.29,   473.77
849.35,   225.15,   598.76
850.01,   224.02,   723.76
847.10,   351.27,   474.91
847.76,   350.14,   599.90
848.42,   349.01,   724.90
600.60,   101.82,   599.00
601.70,   101.96,   723.99
602.79,   102.10,   848.99
602.63,   226.80,   598.84
603.72,   226.94,   723.83
604.81,   227.08,   848.83
604.65,   351.78,   598.68
605.74,   351.92,   723.68
606.83,   352.06,   848.67
725.58,   99.79,   597.91
726.68,   99.93,   722.90
727.77,   100.08,   847.90
727.60,   224.78,   597.75
728.70,   224.92,   722.74
729.79,   225.06,   847.74
729.63,   349.76,   597.59
730.72,   349.90,   722.59
731.81,   350.04,   847.58
850.56,   97.77,   596.82
851.66,   97.91,   721.81
852.75,   98.05,   846.81
852.58,   222.76,   596.66
853.68,   222.90,   721.65
854.77,   223.04,   846.65
854.60,   347.74,   596.50
855.70,   347.88,   721.50
856.79,   348.02,   846.49
600.68,   226.21,   99.11
600.80,   223.24,   224.08
600.91,   220.27,   349.04
601.12,   351.18,   102.09
601.23,   348.21,   227.05
601.34,   345.23,   352.01
601.55,   476.14,   105.06
601.66,   473.17,   230.02
601.78,   470.20,   354.99
725.68,   225.78,   98.99
725.80,   222.81,   223.95
725.91,   219.84,   348.92
726.12,   350.75,   101.96
726.23,   347.77,   226.93
726.34,   344.80,   351.89
726.55,   475.71,   104.93
726.66,   472.74,   229.90
726.78,   469.77,   354.86
850.68,   225.35,   98.87
850.80,   222.38,   223.83
850.91,   219.41,   348.79
851.12,   350.32,   101.84
851.23,   347.34,   226.80
851.34,   344.37,   351.77
851.55,   475.28,   104.81
851.66,   472.31,   229.78
851.78,   469.33,   354.74
600.98,   225.84,   226.11
598.73,   223.20,   351.06
596.49,   220.56,   476.01
597.42,   350.76,   228.69
595.17,   348.12,   353.64
592.92,   345.48,   478.59
593.86,   475.69,   231.26
591.61,   473.04,   356.21
589.36,   470.40,   481.17
725.91,   229.35,   228.43
723.66,   226.71,   353.38
721.41,   224.07,   478.33
722.35,   354.28,   231.01
720.10,   351.64,   355.96
717.85,   348.99,   480.91
718.79,   479.20,   233.58
716.54,   476.56,   358.54
714.29,   473.92,   483.49
850.84,   232.87,   230.75
848.59,   230.23,   355.70
846.34,   227.59,   480.66
847.28,   357.79,   233.33
845.03,   355.15,   358.28
842.78,   352.51,   483.23
843.72,   482.71,   235.91
841.47,   480.07,   360.86
839.22,   477.43,   485.81
600.63,   226.38,   350.14
597.04,   227.77,   475.08
593.44,   229.16,   600.02
603.40,   351.35,   348.83
599.81,   352.74,   473.77
596.21,   354.13,   598.71
606.17,   476.31,   347.52
602.58,   477.70,   472.46
598.98,   479.09,   597.40
725.55,   223.65,   353.76
721.95,   225.04,   478.70
718.36,   226.43,   603.64
728.32,   348.61,   352.45
724.73,   350.00,   477.39
721.13,   351.39,   602.33
731.09,   473.58,   351.14
727.50,   474.97,   476.08
723.90,   476.36,   601.02
850.47,   220.92,   357.39
846.87,   222.31,   482.33
843.28,   223.70,   607.27
853.24,   345.88,   356.08
849.64,   347.27,   481.02
846.05,   348.66,   605.96
856.01,   470.84,   354.77
852.41,   472.23,   479.71
848.82,   473.62,   604.65
598.50,   223.37,   474.83
600.36,   225.09,   599.81
602.22,   226.80,   724.78
601.50,   348.32,   473.07
603.35,   350.04,   598.05
605.21,   351.76,   723.02
604.49,   473.28,   471.31
606.35,   474.99,   596.29
608.21,   476.71,   721.26
723.45,   220.35,   473.02
725.31,   222.07,   597.99
727.17,   223.78,   722.97
726.45,   345.30,   471.26
728.31,   347.02,   596.23
730.16,   348.73,   721.21
729.44,   470.25,   469.50
731.30,   471.97,   594.47
733.16,   473.69,   719.45
848.40,   217.33,   471.20
850.26,   219.05,   596.18
852.12,   220.76,   721.15
851.40,   342.28,   469.44
853.26,   344.00,   594.42
855.11,   345.71,   719.39
854.39,   467.23,   467.68
856.25,   468.95,   592.66
858.11,   470.67,   717.63
598.62,   226.55,   598.81
597.85,   224.29,   723.78
597.08,   222.02,   848.76
601.79,   351.49,   601.09
601.02,   349.23,   726.07
600.25,   346.96,   851.04
604.95,   476.43,   603.37
604.18,   474.16,   728.35
603.41,   471.90,   853.33
723.58,   223.37,   599.52
722.81,   221.11,   724.49
722.04,   218.84,   849.47
726.74,   348.31,   601.80
725.97,   346.04,   726.78
725.20,   343.78,   851.76
729.91,   473.25,   604.09
729.14,   470.98,   729.06
728.37,   468.72,   854.04
848.53,   220.19,   600.23
847.76,   217.92,   725.20
846.99,   215.66,   850.18
851.70,   345.13,   602.51
850.93,   342.86,   727.49
850.16,   340.60,   852.47
854.87,   470.07,   604.80
854.10,   467.80,   729.77
853.33,   465.54,   854.75
601.56,   350.02,   100.31
602.14,   347.77,   225.29
602.72,   345.53,   350.27
604.48,   474.97,   102.54
605.06,   472.72,   227.52
605.64,   470.47,   352.50
607.40,   599.91,   104.78
607.97,   597.67,   229.75
608.55,   595.42,   354.73
726.53,   347.12,   99.68
727.11,   344.87,   224.66
727.68,   342.62,   349.64
729.44,   472.06,   101.91
730.02,   469.81,   226.89
730.60,   467.57,   351.87
732.36,   597.01,   104.15
732.94,   594.76,   229.12
733.52,   592.51,   354.10
851.49,   344.21,   99.05
852.07,   341.96,   224.03
852.65,   339.72,   349.01
854.41,   469.16,   101.28
854.99,   466.91,   226.26
855.57,   464.66,   351.24
857.33,   594.10,   103.52
857.90,   591.85,   228.49
858.48,   589.61,   353.47
601.57,   351.09,   226.62
605.20,   354.64,   351.52
608.83,   358.20,   476.42
599.14,   476.02,   223.14
602.77,   479.57,   348.04
606.40,   483.12,   472.93
596.71,   600.94,   219.66
600.34,   604.50,   344.55
603.97,   608.05,   469.45
726.50,   353.42,   222.93
730.13,   356.97,   347.82
733.76,   360.52,   472.72
724.07,   478.35,   219.44
727.70,   481.90,   344.34
731.33,   485.45,   469.24
721.63,   603.27,   215.96
725.26,   606.83,   340.86
728.89,   610.38,   465.75
851.42,   355.75,   219.23
855.05,   359.30,   344.13
858.68,   362.85,   469.02
848.99,   480.67,   215.75
852.62,   484.23,   340.64
856.25,   487.78,   465.54
846.56,   605.60,   212.26
850.19,   609.16,   337.16
853.82,   612.71,   462.06
598.14,   351.20,   349.37
599.73,   351.90,   474.36
601.33,   352.60,   599.35
601.65,   476.14,   348.62
603.25,   476.85,   473.61
604.85,   477.55,   598.60
605.17,   601.09,   347.88
606.77,   601.79,   472.87
608.37,   602.50,   597.85
723.08,   347.67,   347.80
724.67,   348.37,   472.78
726.27,   349.07,   597.77
726.60,   472.62,   347.05
728.19,   473.32,   472.04
729.79,   474.02,   597.02
730.11,   597.56,   346.30
731.71,   598.27,   471.29
733.31,   598.97,   596.28
848.02,   344.14,   346.22
849.61,   344.84,   471.21
851.21,   345.54,   596.19
851.54,   469.09,   345.47
853.13,   469.79,   470.46
854.73,   470.49,   595.45
855.05,   594.04,   344.73
856.65,   594.74,   469.71
858.25,   595.44,   594.70
598.72,   348.19,   474.77
600.89,   349.64,   599.74
603.06,   351.10,   724.71
599.10,   473.18,   473.31
601.27,   474.64,   598.28
603.44,   476.09,   723.25
599.48,   598.17,   471.84
601.65,   599.63,   596.82
603.82,   601.08,   721.79
723.70,   347.78,   472.60
725.87,   349.24,   597.57
728.04,   350.69,   722.55
724.08,   472.78,   471.14
726.25,   474.23,   596.11
728.42,   475.68,   721.08
724.46,   597.77,   469.68
726.63,   599.22,   594.65
728.80,   600.67,   719.62
848.68,   347.38,   470.43
850.85,   348.83,   595.41
853.02,   350.29,   720.38
849.06,   472.37,   468.97
851.23,   473.82,   593.95
853.40,   475.28,   718.92
849.44,   597.36,   467.51
851.61,   598.81,   592.49
853.78,   600.27,   717.46
599.47,   349.13,   601.98
598.23,   349.97,   726.97
596.98,   350.81,   851.96
596.22,   474.09,   601.10
594.97,   474.93,   726.10
593.72,   475.77,   851.09
592.96,   599.04,   600.23
591.71,   599.88,   725.22
590.46,   600.72,   850.21
724.43,   352.40,   603.20
723.18,   353.24,   728.20
721.93,   354.08,   853.19
721.17,   477.35,   602.33
719.92,   478.19,   727.32
718.67,   479.03,   852.31
717.91,   602.31,   601.46
716.66,   603.15,   726.45
715.41,   603.99,   851.44
849.38,   355.66,   604.43
848.13,   356.50,   729.42
846.88,   357.34,   854.41
846.12,   480.62,   603.56
844.87,   481.46,   728.55
843.62,   482.30,   853.54
842.87,   605.57,   602.69
841.62,   606.41,   727.68
840.37,   607.25,   852.67
601.35,   475.95,   101.25
603.24,   474.15,   226.23
605.13,   472.35,   351.20
604.67,   600.89,   103.00
606.56,   599.09,   227.98
608.45,   597.29,   352.95
608.00,   725.84,   104.76
609.89,   724.03,   229.73
611.78,   722.23,   354.70
726.29,   472.65,   99.31
728.18,   470.85,   224.29
730.07,   469.05,   349.26
729.61,   597.60,   101.07
731.51,   595.80,   226.04
733.40,   593.99,   351.01
732.94,   722.54,   102.82
734.83,   720.74,   227.79
736.72,   718.94,   352.76
851.23,   469.36,   97.38
853.12,   467.56,   222.35
855.02,   465.76,   347.32
854.56,   594.30,   99.13
856.45,   592.50,   224.10
858.34,   590.70,   349.07
857.88,   719.25,   100.88
859.77,   717.44,   225.85
861.66,   715.64,   350.83
601.50,   477.00,   226.06
604.57,   476.58,   351.03
607.65,   476.15,   475.99
600.45,   602.00,   226.52
603.53,   601.57,   351.48
606.61,   601.14,   476.44
599.41,   726.99,   226.97
602.48,   726.57,   351.93
605.56,   726.14,   476.89
726.45,   478.06,   222.99
729.53,   477.63,   347.95
732.61,   477.20,   472.91
725.41,   603.05,   223.44
728.49,   602.63,   348.40
731.56,   602.20,   473.37
724.36,   728.05,   223.90
727.44,   727.62,   348.86
730.52,   727.19,   473.82
851.41,   479.11,   219.92
854.49,   478.69,   344.88
857.57,   478.26,   469.84
850.37,   604.11,   220.37
853.44,   603.68,   345.33
856.52,   603.25,   470.29
849.32,   729.10,   220.82
852.40,   728.68,   345.78
855.48,   728.25,   470.74
601.03,   473.72,   348.36
602.70,   470.94,   473.32
604.37,   468.16,   598.28
602.08,   598.69,   351.13
603.75,   595.91,   476.09
605.42,   593.13,   601.05
603.13,   723.65,   353.90
604.80,   720.87,   478.85
606.47,   718.09,   603.81
726.02,   472.71,   346.67
727.68,   469.93,   471.63
729.35,   467.15,   596.59
727.07,   597.67,   349.44
728.74,   594.89,   474.40
730.41,   592.11,   599.35
728.12,   722.64,   352.20
729.79,   719.86,   477.16
731.46,   717.08,   602.12
851.00,   471.69,   344.98
852.67,   468.91,   469.94
854.34,   466.13,   594.90
852.05,   596.66,   347.75
853.72,   593.88,   472.70
855.39,   591.10,   597.66
853.10,   721.62,   350.51
854.77,   718.84,   475.47
856.44,   716.06,   600.43
598.19,   476.55,   475.77
601.70,   480.05,   600.67
605.21,   483.55,   725.57
598.41,   601.50,   472.26
601.92,   605.00,   597.16
605.43,   608.50,   722.07
598.64,   726.45,   468.75
602.14,   729.95,   593.66
605.65,   733.45,   718.56
723.14,   476.23,   472.27
726.65,   479.73,   597.17
730.16,   483.23,   722.07
723.36,   601.18,   468.76
726.87,   604.68,   593.66
730.38,   608.18,   718.56
723.59,   726.13,   465.25
727.09,   729.63,   590.15
730.60,   733.13,   715.06
848.09,   475.91,   468.77
851.60,   479.41,   593.67
855.11,   482.91,   718.57
848.31,   600.86,   465.26
851.82,   604.36,   590.16
855.33,   607.86,   715.06
848.54,   725.81,   461.75
852.05,   729.31,   586.65
855.55,   732.81,   711.55
600.62,   473.08,   601.72
603.09,   471.11,   726.68
605.55,   469.15,   851.64
604.32,   598.01,   603.62
606.79,   596.04,   728.58
609.25,   594.08,   853.54
608.02,   722.94,   605.51
610.49,   720.97,   730.47
612.96,   719.01,   855.43
725.54,   469.42,   599.20
728.01,   467.45,   724.16
730.47,   465.48,   849.12
729.24,   594.35,   601.09
731.71,   592.38,   726.05
734.18,   590.41,   851.01
732.95,   719.28,   602.99
735.41,   717.31,   727.95
737.88,   715.34,   852.91
850.46,   465.75,   596.68
852.93,   463.79,   721.64
855.39,   461.82,   846.60
854.16,   590.68,   598.57
856.63,   588.72,   723.53
859.10,   586.75,   848.49
857.87,   715.61,   600.46
860.33,   713.65,   725.42
862.80,   711.68,   850.39
600.16,   600.42,   98.21
601.50,   602.63,   223.18
602.83,   604.84,   348.15
598.31,   725.38,   96.02
599.64,   727.59,   220.99
600.98,   729.80,   345.96
596.45,   850.35,   93.83
597.79,   852.56,   218.80
599.12,   854.77,   343.77
725.14,   602.25,   96.84
726.48,   604.46,   221.81
727.81,   606.67,   346.79
723.29,   727.22,   94.65
724.62,   729.42,   219.62
725.96,   731.63,   344.60
721.43,   852.18,   92.46
722.77,   854.39,   217.44
724.10,   856.60,   342.41
850.12,   604.08,   95.47
851.46,   606.29,   220.45
852.79,   608.50,   345.42
848.27,   729.05,   93.28
849.60,   731.26,   218.26
850.93,   733.46,   343.23
846.41,   854.01,   91.10
847.75,   856.22,   216.07
849.08,   858.43,   341.04
599.55,   598.81,   226.06
596.88,   601.99,   350.99
594.20,   605.17,   475.92
602.61,   723.73,   222.94
599.93,   726.92,   347.87
597.26,   730.10,   472.80
605.67,   848.66,   219.82
602.99,   851.84,   344.75
600.32,   855.02,   469.69
724.48,   595.82,   228.81
721.81,   599.00,   353.74
719.13,   602.19,   478.67
727.54,   720.74,   225.69
724.87,   723.93,   350.62
722.19,   727.11,   475.55
730.60,   845.67,   222.57
727.92,   848.85,   347.51
725.25,   852.03,   472.44
849.42,   592.83,   231.56
846.74,   596.01,   356.49
844.07,   599.20,   481.42
852.48,   717.76,   228.44
849.80,   720.94,   353.37
847.13,   724.12,   478.30
855.53,   842.68,   225.33
852.86,   845.86,   350.26
850.18,   849.04,   475.19
601.45,   598.88,   350.55
601.28,   598.56,   475.55
601.12,   598.23,   600.55
605.09,   723.83,   350.88
604.92,   723.50,   475.88
604.76,   723.18,   600.88
608.73,   848.77,   351.21
608.57,   848.45,   476.21
608.40,   848.13,   601.21
726.40,   595.24,   350.71
726.23,   594.92,   475.71
726.06,   594.59,   600.71
730.04,   720.19,   351.04
729.87,   719.86,   476.04
729.71,   719.54,   601.04
733.68,   845.13,   351.37
733.51,   844.81,   476.37
733.35,   844.48,   601.37
851.34,   591.60,   350.87
851.18,   591.27,   475.87
851.01,   590.95,   600.86
854.98,   716.54,   351.20
854.82,   716.22,   476.19
854.65,   715.90,   601.19
858.63,   841.49,   351.52
858.46,   841.17,   476.52
858.29,   840.84,   601.52
598.48,   599.80,   476.60
596.46,   602.73,   601.55
594.45,   605.66,   726.50
595.44,   724.72,   473.62
593.43,   727.66,   598.57
591.41,   730.59,   723.52
592.41,   849.65,   470.64
590.39,   852.58,   595.59
588.38,   855.52,   720.54
723.42,   602.88,   478.54
721.41,   605.81,   603.49
719.40,   608.74,   728.44
720.39,   727.81,   475.56
718.37,   730.74,   600.51
716.36,   733.67,   725.46
717.35,   852.73,   472.58
715.34,   855.67,   597.53
713.32,   858.60,   722.48
848.37,   605.96,   480.48
846.36,   608.89,   605.43
844.34,   611.83,   730.38
845.34,   730.89,   477.50
843.32,   733.82,   602.45
841.31,   736.75,   727.40
842.30,   855.82,   474.52
840.29,   858.75,   599.47
838.27,   861.68,   724.42
601.61,   601.51,   600.76
600.55,   603.12,   725.74
599.49,   604.72,   850.73
599.32,   726.48,   599.13
598.27,   728.09,   724.12
597.21,   729.69,   849.10
597.04,   851.45,   597.51
595.98,   853.06,   722.49
594.92,   854.66,   847.48
726.58,   603.81,   601.78
725.53,   605.42,   726.77
724.47,   607.02,   851.76
724.30,   728.78,   600.16
723.24,   730.39,   725.15
722.18,   731.99,   850.13
722.01,   853.75,   598.54
720.96,   855.35,   723.52
719.90,   856.96,   848.51
851.56,   606.11,   602.81
850.50,   607.72,   727.80
849.44,   609.32,   852.78
849.27,   731.08,   601.19
848.22,   732.68,   726.17
847.16,   734.29,   851.16
846.99,   856.05,   599.56
845.93,   857.65,   724.55
844.87,   859.26,   849.53
