27, 125, pa2-debug-b-output-1.txt
194.76,   198.13,   203.14
393.77,   403.67,   204.87
100.72,   99.04,   99.47
98.06,   100.74,   224.43
95.40,   102.44,   349.39
102.87,   224.01,   97.81
100.21,   225.71,   222.77
97.56,   227.41,   347.73
105.03,   348.98,   96.16
102.37,   350.68,   221.12
99.71,   352.38,   346.08
225.67,   96.92,   102.15
223.01,   98.62,   227.11
220.35,   100.31,   352.07
227.83,   221.89,   100.50
225.17,   223.59,   225.46
222.51,   225.29,   350.42
229.98,   346.86,   98.85
227.33,   348.56,   223.81
224.67,   350.26,   348.77
350.62,   94.80,   104.84
347.96,   96.49,   229.80
345.30,   98.19,   354.76
352.78,   219.77,   103.19
350.12,   221.47,   228.15
347.46,   223.16,   353.11
354.94,   344.74,   101.54
352.28,   346.44,   226.50
349.62,   348.13,   351.46
100.74,   98.61,   224.51
102.11,   102.31,   349.44
103.49,   106.00,   474.38
104.03,   223.51,   220.77
105.41,   227.21,   345.71
106.79,   230.91,   470.65
107.33,   348.41,   217.04
108.71,   352.11,   341.98
110.09,   355.81,   466.92
225.68,   95.27,   223.23
227.06,   98.97,   348.16
228.44,   102.67,   473.10
228.98,   220.17,   219.49
230.36,   223.87,   344.43
231.74,   227.57,   469.37
232.28,   345.08,   215.76
233.66,   348.77,   340.70
235.04,   352.47,   465.64
350.63,   91.94,   221.95
352.01,   95.63,   346.88
353.39,   99.33,   471.82
353.93,   216.84,   218.21
355.31,   220.53,   343.15
356.69,   224.23,   468.09
357.23,   341.74,   214.48
358.61,   345.43,   339.42
359.99,   349.13,   464.36
98.24,   100.35,   350.66
97.74,   97.24,   475.63
97.24,   94.13,   600.59
95.65,   225.28,   353.76
95.14,   222.17,   478.72
94.64,   219.07,   603.68
93.05,   350.22,   356.86
92.55,   347.11,   481.82
92.04,   344.00,   606.78
223.22,   102.93,   351.23
222.71,   99.83,   476.19
222.21,   96.72,   601.15
220.62,   227.87,   354.33
220.12,   224.76,   479.29
219.61,   221.65,   604.25
218.02,   352.80,   357.43
217.52,   349.69,   482.39
217.02,   346.59,   607.35
348.19,   105.52,   351.80
347.69,   102.41,   476.76
347.19,   99.30,   601.72
345.59,   230.45,   354.89
345.09,   227.35,   479.85
344.59,   224.24,   604.82
342.99,   355.39,   357.99
342.49,   352.28,   482.95
341.99,   349.17,   607.91
100.30,   101.92,   474.90
98.79,   102.12,   599.89
97.29,   102.33,   724.88
101.94,   226.91,   474.72
100.43,   227.11,   599.71
98.93,   227.32,   724.70
103.58,   351.90,   474.53
102.08,   352.10,   599.52
100.57,   352.31,   724.51
225.28,   100.28,   476.41
223.77,   100.49,   601.40
222.27,   100.69,   726.39
226.92,   225.27,   476.22
225.41,   225.47,   601.22
223.91,   225.68,   726.21
228.56,   350.26,   476.04
227.06,   350.46,   601.03
225.55,   350.67,   726.02
350.26,   98.64,   477.92
348.75,   98.85,   602.91
347.25,   99.05,   727.90
351.90,   223.63,   477.73
350.40,   223.84,   602.72
348.89,   224.04,   727.71
353.54,   348.62,   477.55
352.04,   348.83,   602.54
350.53,   349.03,   727.53
99.87,   100.44,   601.27
101.06,   103.21,   726.23
102.24,   105.98,   851.20
102.49,   225.38,   598.48
103.67,   228.15,   723.44
104.86,   230.92,   848.40
105.11,   350.32,   595.68
106.29,   353.09,   720.65
107.48,   355.86,   845.61
224.84,   97.80,   600.15
226.02,   100.56,   725.11
227.21,   103.33,   850.07
227.46,   222.74,   597.35
228.64,   225.51,   722.32
229.82,   228.28,   847.28
230.08,   347.68,   594.56
231.26,   350.45,   719.52
232.44,   353.22,   844.49
349.81,   95.15,   599.02
350.99,   97.92,   723.99
352.17,   100.69,   848.95
352.43,   220.09,   596.23
353.61,   222.86,   721.19
354.79,   225.63,   846.16
355.04,   345.03,   593.43
356.23,   347.80,   718.40
357.41,   350.57,   843.36
100.61,   224.44,   100.96
99.60,   221.35,   225.92
98.58,   218.27,   350.88
97.91,   349.37,   104.02
96.89,   346.29,   228.98
95.88,   343.21,   353.94
95.21,   474.30,   107.08
94.19,   471.22,   232.04
93.17,   468.14,   357.00
225.58,   227.11,   102.04
224.56,   224.03,   227.00
223.55,   220.95,   351.96
222.88,   352.05,   105.10
221.86,   348.97,   230.06
220.84,   345.88,   355.02
220.17,   476.98,   108.16
219.16,   473.90,   233.12
218.14,   470.82,   358.08
350.55,   229.79,   103.13
349.53,   226.71,   228.09
348.51,   223.63,   353.04
347.84,   354.72,   106.19
346.83,   351.64,   231.15
345.81,   348.56,   356.10
345.14,   479.66,   109.25
344.12,   476.58,   234.21
343.11,   473.49,   359.16
99.20,   225.28,   224.33
100.36,   227.29,   349.31
101.51,   229.30,   474.28
97.48,   350.25,   222.33
98.64,   352.26,   347.31
99.80,   354.27,   472.29
95.77,   475.22,   220.34
96.93,   477.24,   345.31
98.09,   479.25,   470.29
224.18,   226.98,   223.14
225.34,   228.99,   348.12
226.50,   231.00,   473.10
222.47,   351.95,   221.15
223.62,   353.96,   346.12
224.78,   355.97,   471.10
220.75,   476.92,   219.15
221.91,   478.93,   344.13
223.07,   480.94,   469.11
349.16,   228.67,   221.96
350.32,   230.68,   346.94
351.48,   232.69,   471.91
347.45,   353.64,   219.96
348.61,   355.65,   344.94
349.77,   357.66,   469.92
345.74,   478.61,   217.97
346.89,   480.63,   342.94
348.05,   482.64,   467.92
99.44,   224.74,   350.31
96.82,   225.55,   475.28
94.20,   226.35,   600.25
100.77,   349.73,   349.54
98.16,   350.54,   474.51
95.54,   351.34,   599.48
102.11,   474.72,   348.76
99.49,   475.53,   473.73
96.87,   476.33,   598.70
224.41,   223.42,   352.94
221.79,   224.23,   477.91
219.17,   225.03,   602.88
225.74,   348.41,   352.16
223.12,   349.22,   477.13
220.50,   350.03,   602.10
227.07,   473.41,   351.39
224.45,   474.21,   476.36
221.83,   475.02,   601.33
349.37,   222.11,   355.57
346.75,   222.91,   480.54
344.14,   223.72,   605.51
350.71,   347.10,   354.79
348.09,   347.90,   479.76
345.47,   348.71,   604.73
352.04,   472.09,   354.01
349.42,   472.89,   478.98
346.80,   473.70,   603.95
101.78,   223.40,   475.45
100.54,   226.25,   600.41
99.30,   229.10,   725.37
103.52,   348.35,   472.61
102.28,   351.20,   597.58
101.04,   354.06,   722.54
105.27,   473.31,   469.78
104.03,   476.16,   594.74
102.79,   479.01,   719.70
226.76,   221.68,   476.73
225.52,   224.53,   601.69
224.28,   227.38,   726.65
228.51,   346.63,   473.89
227.27,   349.49,   598.85
226.03,   352.34,   723.82
230.25,   471.59,   471.06
229.01,   474.44,   596.02
227.77,   477.29,   720.98
351.74,   219.96,   478.01
350.50,   222.81,   602.97
349.26,   225.66,   727.93
353.49,   344.91,   475.17
352.25,   347.77,   600.13
351.01,   350.62,   725.10
355.23,   469.87,   472.34
354.00,   472.72,   597.30
352.76,   475.57,   722.26
101.39,   225.58,   598.42
104.17,   227.68,   723.37
106.94,   229.78,   848.32
97.97,   350.52,   596.40
100.75,   352.62,   721.35
103.53,   354.71,   846.30
94.55,   475.46,   594.38
97.33,   477.55,   719.33
100.11,   479.65,   844.28
226.31,   228.96,   595.58
229.09,   231.05,   720.54
231.87,   233.15,   845.49
222.89,   353.89,   593.56
225.67,   355.99,   718.52
228.45,   358.09,   843.47
219.47,   478.83,   591.54
222.25,   480.93,   716.49
225.03,   483.02,   841.45
351.23,   232.33,   592.75
354.01,   234.42,   717.70
356.79,   236.52,   842.65
347.81,   357.26,   590.73
350.59,   359.36,   715.68
353.37,   361.46,   840.63
344.40,   482.20,   588.71
347.17,   484.30,   713.66
349.95,   486.39,   838.61
98.90,   349.52,   101.08
101.35,   348.36,   226.05
103.80,   347.21,   351.02
98.85,   474.51,   102.23
101.30,   473.36,   227.20
103.75,   472.20,   352.17
98.80,   599.51,   103.39
101.25,   598.35,   228.36
103.70,   597.20,   353.33
223.87,   349.59,   98.63
226.32,   348.44,   223.60
228.77,   347.28,   348.57
223.83,   474.58,   99.78
226.28,   473.43,   224.76
228.73,   472.28,   349.73
223.78,   599.58,   100.94
226.23,   598.42,   225.91
228.68,   597.27,   350.88
348.85,   349.66,   96.18
351.30,   348.51,   221.15
353.75,   347.35,   346.12
348.80,   474.66,   97.34
351.25,   473.50,   222.31
353.70,   472.35,   347.28
348.75,   599.65,   98.49
351.20,   598.50,   223.46
353.65,   597.34,   348.43
98.98,   351.60,   224.70
95.74,   354.71,   349.62
92.51,   357.83,   474.54
99.22,   476.56,   221.59
95.99,   479.67,   346.51
92.75,   482.79,   471.43
99.47,   601.52,   218.48
96.23,   604.64,   343.40
93.00,   607.75,   468.32
223.94,   351.43,   227.94
220.70,   354.55,   352.86
217.47,   357.66,   477.78
224.18,   476.39,   224.83
220.95,   479.51,   349.75
217.71,   482.63,   474.67
224.43,   601.36,   221.72
221.19,   604.47,   346.64
217.96,   607.59,   471.56
348.90,   351.27,   231.18
345.66,   354.38,   356.10
342.42,   357.50,   481.02
349.14,   476.23,   228.07
345.90,   479.35,   352.99
342.67,   482.46,   477.91
349.38,   601.19,   224.96
346.15,   604.31,   349.88
342.91,   607.42,   474.80
100.96,   350.95,   351.11
97.94,   354.23,   476.03
94.91,   357.51,   600.95
99.49,   475.90,   347.79
96.46,   479.17,   472.71
93.44,   482.45,   597.64
98.01,   600.84,   344.48
94.99,   604.12,   469.40
91.96,   607.40,   594.32
225.91,   352.50,   354.09
222.89,   355.78,   479.02
219.86,   359.06,   603.94
224.44,   477.45,   350.78
221.42,   480.73,   475.70
218.39,   484.01,   600.62
222.97,   602.40,   347.46
219.94,   605.68,   472.38
216.92,   608.95,   597.31
350.87,   354.06,   357.08
347.84,   357.34,   482.00
344.82,   360.61,   606.92
349.39,   479.00,   353.76
346.37,   482.28,   478.69
343.34,   485.56,   603.61
347.92,   603.95,   350.45
344.89,   607.23,   475.37
341.87,   610.51,   600.29
101.29,   350.03,   476.37
97.71,   353.62,   601.27
94.12,   357.20,   726.16
102.54,   474.98,   472.82
98.96,   478.56,   597.71
95.37,   482.15,   722.61
103.79,   599.92,   469.26
100.20,   603.50,   594.16
96.62,   607.09,   719.06
226.23,   348.89,   479.99
222.65,   352.47,   604.88
219.06,   356.06,   729.78
227.48,   473.83,   476.44
223.90,   477.42,   601.33
220.31,   481.00,   726.23
228.73,   598.77,   472.88
225.15,   602.36,   597.78
221.56,   605.95,   722.68
351.18,   347.74,   483.61
347.59,   351.33,   608.50
344.01,   354.91,   733.40
352.43,   472.68,   480.05
348.84,   476.27,   604.95
345.25,   479.86,   729.85
353.67,   597.63,   476.50
350.09,   601.21,   601.40
346.50,   604.80,   726.30
98.24,   349.51,   600.56
99.08,   350.59,   725.55
99.91,   351.67,   850.54
98.56,   474.51,   599.48
99.39,   475.59,   724.47
100.22,   476.66,   849.46
98.87,   599.50,   598.40
99.70,   600.58,   723.39
100.54,   601.66,   848.38
223.24,   349.19,   599.73
224.07,   350.27,   724.72
224.91,   351.35,   849.71
223.55,   474.19,   598.65
224.39,   475.26,   723.64
225.22,   476.34,   848.63
223.87,   599.18,   597.57
224.70,   600.26,   722.56
225.53,   601.34,   847.55
348.24,   348.87,   598.90
349.07,   349.95,   723.89
349.90,   351.03,   848.88
348.55,   473.87,   597.82
349.38,   474.94,   722.81
350.22,   476.02,   847.80
348.86,   598.86,   596.74
349.70,   599.94,   721.73
350.53,   601.02,   846.72
99.50,   475.96,   101.69
96.47,   476.69,   226.65
93.43,   477.42,   351.61
103.21,   600.90,   101.05
100.17,   601.63,   226.01
97.14,   602.37,   350.97
106.91,   725.85,   100.41
103.88,   726.58,   225.37
100.84,   727.31,   350.33
224.41,   472.27,   104.75
221.37,   473.00,   229.71
218.34,   473.73,   354.67
228.11,   597.21,   104.11
225.08,   597.94,   229.07
222.05,   598.68,   354.03
231.82,   722.16,   103.47
228.79,   722.89,   228.43
225.75,   723.62,   353.39
349.32,   468.58,   107.80
346.28,   469.31,   232.76
343.25,   470.04,   357.72
353.02,   593.52,   107.16
349.99,   594.26,   232.12
346.95,   594.99,   357.08
356.73,   718.47,   106.52
353.69,   719.20,   231.48
350.66,   719.93,   356.44
101.96,   473.44,   225.13
104.62,   471.25,   350.08
107.28,   469.05,   475.03
98.78,   598.38,   227.39
101.44,   596.18,   352.34
104.10,   593.99,   477.30
95.59,   723.32,   229.65
98.25,   721.12,   354.61
100.91,   718.93,   479.56
226.89,   476.67,   222.53
229.55,   474.48,   347.48
232.21,   472.28,   472.43
223.71,   601.61,   224.79
226.37,   599.42,   349.74
229.03,   597.22,   474.69
220.52,   726.55,   227.05
223.18,   724.36,   352.00
225.84,   722.16,   476.95
351.83,   479.91,   219.92
354.49,   477.71,   344.87
357.14,   475.52,   469.83
348.64,   604.85,   222.18
351.30,   602.65,   347.14
353.96,   600.46,   472.09
345.45,   729.78,   224.45
348.11,   727.59,   349.40
350.77,   725.39,   474.35
99.40,   476.04,   348.28
101.14,   473.16,   473.23
102.89,   470.29,   598.19
99.40,   601.00,   351.16
101.15,   598.13,   476.11
102.89,   595.26,   601.06
99.41,   725.97,   354.03
101.15,   723.10,   478.98
102.90,   720.22,   603.94
224.38,   476.07,   346.54
226.13,   473.20,   471.49
227.88,   470.32,   596.44
224.39,   601.04,   349.41
226.13,   598.16,   474.37
227.88,   595.29,   599.32
224.39,   726.01,   352.29
226.14,   723.13,   477.24
227.89,   720.26,   602.19
349.37,   476.11,   344.79
351.12,   473.23,   469.75
352.86,   470.36,   594.70
349.38,   601.07,   347.67
351.12,   598.20,   472.62
352.87,   595.33,   597.57
349.38,   726.04,   350.54
351.13,   723.17,   475.50
352.87,   720.29,   600.45
98.24,   474.93,   476.92
98.99,   471.50,   601.87
99.74,   468.08,   726.82
101.47,   599.84,   480.32
102.22,   596.41,   605.27
102.97,   592.99,   730.22
104.70,   724.75,   483.73
105.45,   721.32,   608.68
106.20,   717.90,   733.63
223.19,   471.72,   476.08
223.95,   468.29,   601.03
224.70,   464.87,   725.98
226.42,   596.63,   479.48
227.18,   593.21,   604.44
227.93,   589.78,   729.39
229.65,   721.54,   482.89
230.40,   718.12,   607.84
231.16,   714.69,   732.79
348.15,   468.51,   475.24
348.90,   465.09,   600.19
349.65,   461.66,   725.14
351.38,   593.42,   478.65
352.13,   590.00,   603.60
352.88,   586.57,   728.55
354.61,   718.33,   482.05
355.36,   714.91,   607.00
356.11,   711.48,   731.95
100.05,   475.84,   599.92
96.83,   476.48,   724.87
93.62,   477.12,   849.83
102.36,   600.82,   599.34
99.15,   601.46,   724.29
95.93,   602.10,   849.25
104.68,   725.80,   598.76
101.46,   726.43,   723.72
98.25,   727.07,   848.67
224.98,   473.54,   603.14
221.77,   474.18,   728.10
218.55,   474.82,   853.06
227.30,   598.52,   602.56
224.09,   599.16,   727.52
220.87,   599.80,   852.48
229.62,   723.50,   601.99
226.40,   724.13,   726.94
223.19,   724.77,   851.90
349.92,   471.24,   606.37
346.71,   471.88,   731.33
343.49,   472.52,   856.28
352.24,   596.22,   605.79
349.02,   596.86,   730.75
345.81,   597.50,   855.70
354.55,   721.20,   605.21
351.34,   721.84,   730.17
348.12,   722.47,   855.13
99.00,   601.17,   98.02
98.24,   604.79,   222.96
97.49,   608.42,   347.91
95.84,   726.08,   94.37
95.09,   729.70,   219.32
94.34,   733.33,   344.26
92.69,   850.98,   90.73
91.94,   854.61,   215.68
91.19,   858.23,   340.62
223.95,   604.34,   98.67
223.20,   607.97,   223.62
222.45,   611.59,   348.57
220.80,   729.25,   95.03
220.05,   732.87,   219.98
219.30,   736.50,   344.92
217.65,   854.15,   91.39
216.90,   857.78,   216.33
216.15,   861.40,   341.28
348.91,   607.51,   99.33
348.16,   611.14,   224.28
347.41,   614.76,   349.22
345.76,   732.42,   95.69
345.01,   736.04,   220.64
344.26,   739.67,   345.58
342.61,   857.33,   92.05
341.86,   860.95,   216.99
341.11,   864.58,   341.94
100.37,   600.50,   224.49
103.67,   598.30,   349.43
106.98,   596.10,   474.36
100.90,   725.48,   226.68
104.21,   723.28,   351.61
107.51,   721.08,   476.55
101.43,   850.46,   228.86
104.74,   848.26,   353.80
108.05,   846.06,   478.74
225.32,   600.03,   221.17
228.63,   597.83,   346.11
231.94,   595.63,   471.05
225.86,   725.00,   223.36
229.16,   722.80,   348.30
232.47,   720.61,   473.23
226.39,   849.98,   225.55
229.70,   847.78,   350.48
233.00,   845.58,   475.42
350.28,   599.55,   217.86
353.58,   597.35,   342.79
356.89,   595.15,   467.73
350.81,   724.53,   220.04
354.12,   722.33,   344.98
357.43,   720.13,   469.92
351.34,   849.51,   222.23
354.65,   847.31,   347.17
357.96,   845.11,   472.10
101.20,   598.16,   350.31
103.53,   595.14,   475.26
105.85,   592.13,   600.20
104.05,   723.09,   353.28
106.38,   720.08,   478.22
108.70,   717.06,   603.16
106.90,   848.02,   356.24
109.23,   845.01,   481.18
111.55,   841.99,   606.12
226.15,   595.36,   347.92
228.47,   592.35,   472.86
230.80,   589.33,   597.80
229.00,   720.30,   350.88
231.32,   717.28,   475.82
233.65,   714.27,   600.77
231.85,   845.23,   353.84
234.17,   842.21,   478.79
236.50,   839.20,   603.73
351.09,   592.57,   345.53
353.42,   589.55,   470.47
355.75,   586.54,   595.41
353.94,   717.50,   348.49
356.27,   714.49,   473.43
358.60,   711.47,   598.37
356.79,   842.43,   351.45
359.12,   839.42,   476.39
361.45,   836.40,   601.33
100.37,   599.95,   476.76
97.42,   597.11,   601.69
94.46,   594.27,   726.63
99.67,   724.91,   479.58
96.72,   722.08,   604.52
93.76,   719.24,   729.45
98.97,   849.88,   482.41
96.02,   847.04,   607.34
93.06,   844.20,   732.27
225.34,   600.58,   479.73
222.38,   597.74,   604.66
219.42,   594.90,   729.60
224.64,   725.55,   482.55
221.68,   722.71,   607.49
218.72,   719.87,   732.42
223.94,   850.51,   485.38
220.98,   847.67,   610.31
218.02,   844.84,   735.24
350.30,   601.22,   482.70
347.34,   598.38,   607.63
344.39,   595.54,   732.57
349.60,   726.18,   485.52
346.64,   723.34,   610.46
343.69,   720.50,   735.39
348.90,   851.15,   488.35
345.94,   848.31,   613.28
342.99,   845.47,   738.21
100.74,   601.75,   601.52
97.68,   602.98,   726.48
94.61,   604.20,   851.43
103.92,   726.71,   600.37
100.86,   727.93,   725.33
97.79,   729.15,   850.29
107.10,   851.66,   599.23
104.04,   852.88,   724.19
100.97,   854.11,   849.14
225.66,   598.60,   604.61
222.60,   599.83,   729.57
219.53,   601.05,   854.53
228.84,   723.56,   603.47
225.78,   724.78,   728.42
222.71,   726.00,   853.38
232.02,   848.51,   602.32
228.96,   849.73,   727.28
225.89,   850.96,   852.24
350.58,   595.45,   607.71
347.52,   596.68,   732.66
344.46,   597.90,   857.62
353.76,   720.41,   606.56
350.70,   721.63,   731.52
347.64,   722.85,   856.48
356.94,   845.36,   605.42
353.88,   846.58,   730.37
350.82,   847.81,   855.33
223.77,   98.27,   98.72
220.34,   97.83,   223.67
216.91,   97.40,   348.62
222.02,   223.26,   99.11
218.60,   222.82,   224.06
215.17,   222.38,   349.01
220.28,   348.24,   99.50
216.85,   347.81,   224.45
213.42,   347.37,   349.40
348.71,   100.00,   102.15
345.28,   99.57,   227.11
341.85,   99.13,   352.06
346.97,   224.99,   102.54
343.54,   224.55,   227.49
340.11,   224.12,   352.45
345.22,   349.98,   102.93
341.79,   349.54,   227.88
338.36,   349.10,   352.84
473.65,   101.74,   105.59
470.22,   101.30,   230.54
466.79,   100.86,   355.49
471.91,   226.73,   105.98
468.48,   226.29,   230.93
465.05,   225.85,   355.88
470.16,   351.71,   106.37
466.73,   351.28,   231.32
463.30,   350.84,   356.27
223.09,   100.72,   226.82
219.97,   100.22,   351.78
216.86,   99.72,   476.74
225.31,   225.70,   227.38
222.19,   225.20,   352.34
219.08,   224.69,   477.30
227.53,   350.68,   227.94
224.41,   350.18,   352.90
221.29,   349.67,   477.86
348.03,   98.49,   229.93
344.92,   97.99,   354.89
341.80,   97.48,   479.85
350.25,   223.47,   230.49
347.13,   222.97,   355.45
344.02,   222.46,   480.41
352.47,   348.45,   231.05
349.35,   347.95,   356.01
346.24,   347.44,   480.97
472.97,   96.26,   233.04
469.86,   95.76,   358.00
466.74,   95.25,   482.96
475.19,   221.24,   233.59
472.08,   220.73,   358.55
468.96,   220.23,   483.51
477.41,   346.22,   234.15
474.29,   345.71,   359.11
471.18,   345.21,   484.07
226.53,   99.90,   351.62
225.54,   96.69,   476.57
224.55,   93.48,   601.53
224.31,   224.84,   354.81
223.32,   221.63,   479.76
222.33,   218.42,   604.72
222.10,   349.78,   358.00
221.11,   346.57,   482.95
220.12,   343.36,   607.91
351.50,   102.09,   352.67
350.51,   98.88,   477.62
349.52,   95.67,   602.58
349.29,   227.03,   355.86
348.30,   223.82,   480.81
347.31,   220.61,   605.76
347.08,   351.96,   359.04
346.09,   348.76,   484.00
345.10,   345.55,   608.95
476.48,   104.27,   353.71
475.49,   101.07,   478.67
474.50,   97.86,   603.62
474.27,   229.21,   356.90
473.28,   226.01,   481.86
472.29,   222.80,   606.81
472.05,   354.15,   360.09
471.06,   350.95,   485.05
470.07,   347.74,   610.00
224.86,   100.25,   476.81
225.02,   97.26,   601.77
225.19,   94.26,   726.74
222.37,   225.19,   479.80
222.54,   222.19,   604.77
222.71,   219.20,   729.73
219.88,   350.13,   482.80
220.05,   347.13,   607.77
220.22,   344.14,   732.73
349.83,   102.74,   476.70
350.00,   99.75,   601.66
350.17,   96.75,   726.63
347.34,   227.68,   479.70
347.51,   224.69,   604.66
347.68,   221.69,   729.62
344.86,   352.62,   482.69
345.03,   349.62,   607.66
345.19,   346.63,   732.62
474.81,   105.23,   476.59
474.97,   102.24,   601.55
475.14,   99.24,   726.52
472.32,   230.17,   479.59
472.49,   227.18,   604.55
472.66,   224.18,   729.52
469.83,   355.11,   482.58
470.00,   352.11,   607.55
470.17,   349.12,   732.51
224.62,   99.49,   598.64
227.94,   97.39,   723.58
231.26,   95.29,   848.52
227.71,   224.43,   600.66
231.03,   222.34,   725.59
234.35,   220.24,   850.53
230.80,   349.38,   602.67
234.12,   347.28,   727.61
237.43,   345.19,   852.55
349.54,   96.45,   595.27
352.86,   94.36,   720.21
356.18,   92.26,   845.15
352.63,   221.40,   597.29
355.94,   219.30,   722.22
359.26,   217.21,   847.16
355.71,   346.35,   599.30
359.03,   344.25,   724.24
362.35,   342.15,   849.18
474.46,   93.42,   591.90
477.77,   91.33,   716.84
481.09,   89.23,   841.78
477.54,   218.37,   593.92
480.86,   216.27,   718.86
484.18,   214.17,   843.79
480.63,   343.31,   595.93
483.95,   341.22,   720.87
487.27,   339.12,   845.81
223.89,   226.54,   101.28
224.45,   222.85,   226.23
225.01,   219.16,   351.17
227.47,   351.43,   104.96
228.03,   347.74,   229.90
228.59,   344.05,   354.85
231.06,   476.33,   108.63
231.62,   472.64,   233.58
232.18,   468.94,   358.52
348.83,   222.97,   100.62
349.39,   219.28,   225.56
349.96,   215.59,   350.50
352.42,   347.87,   104.29
352.98,   344.17,   229.24
353.54,   340.48,   354.18
356.01,   472.76,   107.97
356.57,   469.07,   232.91
357.13,   465.38,   357.85
473.78,   219.40,   99.95
474.34,   215.71,   224.89
474.90,   212.02,   349.84
477.37,   344.30,   103.62
477.93,   340.61,   228.57
478.49,   336.91,   353.51
480.95,   469.19,   107.30
481.52,   465.50,   232.24
482.08,   461.81,   357.19
225.27,   226.05,   225.49
227.74,   224.04,   350.45
230.20,   222.02,   475.41
226.67,   351.03,   227.48
229.13,   349.01,   352.44
231.60,   346.99,   477.40
228.07,   476.00,   229.47
230.53,   473.99,   354.43
233.00,   471.97,   479.39
350.24,   224.69,   223.00
352.70,   222.68,   347.96
355.17,   220.66,   472.92
351.64,   349.67,   224.99
354.10,   347.65,   349.95
356.57,   345.64,   474.91
353.04,   474.65,   226.98
355.50,   472.63,   351.94
357.97,   470.61,   476.90
475.21,   223.33,   220.51
477.67,   221.32,   345.47
480.14,   219.30,   470.43
476.60,   348.31,   222.50
479.07,   346.29,   347.46
481.54,   344.28,   472.42
478.00,   473.29,   224.49
480.47,   471.27,   349.45
482.93,   469.25,   474.41
223.63,   226.59,   348.19
220.15,   224.93,   473.13
216.68,   223.26,   598.07
223.84,   351.58,   349.86
220.37,   349.92,   474.80
216.89,   348.25,   599.74
224.06,   476.57,   351.53
220.58,   474.90,   476.47
217.11,   473.24,   601.41
348.58,   226.33,   351.66
345.11,   224.67,   476.60
341.63,   223.00,   601.54
348.79,   351.32,   353.33
345.32,   349.65,   478.27
341.85,   347.99,   603.21
349.01,   476.31,   355.00
345.53,   474.64,   479.94
342.06,   472.98,   604.88
473.53,   226.07,   355.13
470.06,   224.41,   480.07
466.58,   222.74,   605.01
473.75,   351.06,   356.80
470.27,   349.39,   481.74
466.80,   347.73,   606.68
473.96,   476.05,   358.47
470.49,   474.38,   483.41
467.01,   472.72,   608.35
223.85,   223.71,   473.82
220.48,   222.88,   598.78
217.10,   222.05,   723.73
221.45,   348.69,   474.59
218.08,   347.86,   599.54
214.70,   347.03,   724.49
219.05,   473.66,   475.36
215.68,   472.83,   600.31
212.30,   472.00,   725.26
348.79,   226.09,   477.22
345.41,   225.26,   602.17
342.03,   224.43,   727.12
346.38,   351.07,   477.98
343.01,   350.24,   602.93
339.63,   349.40,   727.89
343.98,   476.04,   478.75
340.61,   475.21,   603.70
337.23,   474.38,   728.65
473.72,   228.47,   480.61
470.34,   227.64,   605.56
466.96,   226.81,   730.51
471.32,   353.44,   481.37
467.94,   352.61,   606.33
464.56,   351.78,   731.28
468.91,   478.42,   482.14
465.54,   477.59,   607.09
462.16,   476.76,   732.04
225.69,   225.09,   598.61
228.97,   221.98,   723.53
232.25,   218.88,   848.45
224.10,   350.04,   601.76
227.38,   346.93,   726.68
230.66,   343.83,   851.59
222.51,   474.99,   604.90
225.79,   471.89,   729.82
229.07,   468.78,   854.74
350.64,   226.76,   595.37
353.91,   223.65,   720.29
357.19,   220.55,   845.21
349.05,   351.71,   598.52
352.33,   348.61,   723.44
355.60,   345.50,   848.36
347.46,   476.66,   601.67
350.74,   473.56,   726.58
354.02,   470.45,   851.50
475.58,   228.43,   592.14
478.86,   225.32,   717.05
482.14,   222.22,   841.97
473.99,   353.38,   595.28
477.27,   350.28,   720.20
480.55,   347.17,   845.12
472.41,   478.33,   598.43
475.68,   475.23,   723.35
478.96,   472.12,   848.26
223.47,   349.09,   100.96
222.75,   345.70,   225.91
222.04,   342.31,   350.86
225.17,   474.04,   104.36
224.46,   470.64,   229.31
223.74,   467.25,   354.26
226.88,   598.98,   107.76
226.16,   595.59,   232.72
225.45,   592.19,   357.67
348.45,   347.37,   101.63
347.74,   343.98,   226.58
347.02,   340.58,   351.53
350.16,   472.31,   105.03
349.44,   468.92,   229.98
348.73,   465.53,   354.93
351.86,   597.25,   108.43
351.15,   593.86,   233.38
350.44,   590.47,   358.33
473.44,   345.65,   102.29
472.72,   342.25,   227.24
472.01,   338.86,   352.20
475.14,   470.59,   105.70
474.43,   467.19,   230.65
473.72,   463.80,   355.60
476.85,   595.53,   109.10
476.14,   592.14,   234.05
475.42,   588.74,   359.00
226.44,   349.03,   223.93
228.57,   350.95,   348.89
230.70,   352.87,   473.86
226.94,   474.01,   222.00
229.07,   475.93,   346.96
231.21,   477.85,   471.93
227.45,   599.00,   220.07
229.58,   600.92,   345.03
231.71,   602.84,   470.00
351.42,   348.49,   221.80
353.55,   350.41,   346.77
355.68,   352.33,   471.74
351.92,   473.47,   219.87
354.05,   475.39,   344.84
356.19,   477.32,   469.81
352.43,   598.46,   217.94
354.56,   600.38,   342.91
356.69,   602.30,   467.88
476.40,   347.95,   219.68
478.53,   349.87,   344.65
480.66,   351.79,   469.61
476.90,   472.94,   217.75
479.04,   474.86,   342.72
481.17,   476.78,   467.68
477.41,   597.92,   215.82
479.54,   599.84,   340.79
481.67,   601.76,   465.75
226.13,   348.64,   351.47
224.32,   348.46,   476.45
222.51,   348.27,   601.44
223.04,   473.60,   351.61
221.23,   473.42,   476.59
219.42,   473.24,   601.58
219.95,   598.57,   351.75
218.14,   598.38,   476.73
216.33,   598.20,   601.72
351.08,   351.73,   353.28
349.27,   351.55,   478.26
347.46,   351.36,   603.25
347.99,   476.69,   353.42
346.18,   476.51,   478.40
344.37,   476.32,   603.39
344.90,   601.65,   353.56
343.09,   601.47,   478.55
341.28,   601.28,   603.53
476.03,   354.82,   355.09
474.22,   354.63,   480.08
472.41,   354.45,   605.06
472.94,   479.78,   355.23
471.13,   479.60,   480.22
469.32,   479.41,   605.20
469.85,   604.74,   355.37
468.04,   604.56,   480.36
466.23,   604.37,   605.34
224.04,   348.25,   473.19
223.76,   349.11,   598.19
223.47,   349.96,   723.19
222.00,   473.23,   472.33
221.71,   474.09,   597.33
221.43,   474.94,   722.32
219.95,   598.21,   471.47
219.67,   599.07,   596.46
219.38,   599.92,   721.46
349.02,   350.29,   473.46
348.74,   351.15,   598.46
348.46,   352.01,   723.46
346.98,   475.27,   472.60
346.69,   476.13,   597.60
346.41,   476.99,   722.59
344.93,   600.26,   471.74
344.65,   601.11,   596.74
344.37,   601.97,   721.73
474.01,   352.34,   473.73
473.72,   353.20,   598.73
473.44,   354.06,   723.73
471.96,   477.32,   472.87
471.68,   478.18,   597.87
471.39,   479.04,   722.86
469.92,   602.30,   472.01
469.63,   603.16,   597.01
469.35,   604.02,   722.00
224.96,   349.01,   601.31
227.94,   346.40,   726.25
230.91,   343.80,   851.18
225.58,   473.98,   603.90
228.55,   471.37,   728.84
231.53,   468.77,   853.77
226.19,   598.95,   606.49
229.17,   596.35,   731.43
232.15,   593.74,   856.36
349.93,   348.45,   598.32
352.90,   345.85,   723.26
355.88,   343.24,   848.19
350.54,   473.42,   600.91
353.52,   470.82,   725.85
356.49,   468.22,   850.78
351.16,   598.40,   603.50
354.13,   595.79,   728.44
357.11,   593.19,   853.38
474.89,   347.90,   595.33
477.86,   345.29,   720.27
480.84,   342.69,   845.21
475.50,   472.87,   597.92
478.48,   470.27,   722.86
481.46,   467.66,   847.80
476.12,   597.84,   600.51
479.10,   595.24,   725.45
482.07,   592.63,   850.39
224.94,   475.08,   98.96
224.06,   472.20,   223.92
223.18,   469.31,   348.89
228.41,   600.00,   101.87
227.52,   597.12,   226.83
226.64,   594.23,   351.79
231.87,   724.92,   104.77
230.99,   722.03,   229.74
230.10,   719.15,   354.70
349.89,   471.60,   99.76
349.01,   468.71,   224.73
348.12,   465.83,   349.69
353.36,   596.52,   102.67
352.47,   593.63,   227.63
351.59,   590.75,   352.60
356.82,   721.43,   105.58
355.93,   718.55,   230.54
355.05,   715.67,   355.50
474.84,   468.12,   100.57
473.96,   465.23,   225.53
473.07,   462.35,   350.49
478.30,   593.03,   103.47
477.42,   590.15,   228.44
476.54,   587.27,   353.40
481.77,   717.95,   106.38
480.88,   715.07,   231.34
480.00,   712.18,   356.31
223.36,   473.50,   224.47
225.92,   470.88,   349.42
228.47,   468.26,   474.36
225.75,   598.45,   227.04
228.31,   595.83,   351.99
230.86,   593.21,   476.94
228.14,   723.41,   229.62
230.69,   720.78,   354.56
233.25,   718.16,   479.51
348.31,   471.17,   221.86
350.87,   468.55,   346.81
353.42,   465.92,   471.76
350.70,   596.12,   224.44
353.26,   593.50,   349.39
355.81,   590.87,   474.33
353.09,   721.07,   227.01
355.64,   718.45,   351.96
358.20,   715.83,   476.91
473.26,   468.84,   219.26
475.82,   466.21,   344.21
478.38,   463.59,   469.15
475.65,   593.79,   221.83
478.21,   591.16,   346.78
480.76,   588.54,   471.73
478.04,   718.74,   224.41
480.59,   716.11,   349.35
483.15,   713.49,   474.30
224.95,   476.29,   348.39
223.34,   474.94,   473.38
221.73,   473.58,   598.36
226.15,   601.28,   349.76
224.53,   599.92,   474.75
222.92,   598.57,   599.73
227.34,   726.26,   351.13
225.73,   724.91,   476.11
224.11,   723.56,   601.10
349.94,   475.08,   350.00
348.32,   473.72,   474.98
346.71,   472.37,   599.96
351.13,   600.06,   351.36
349.52,   598.71,   476.35
347.90,   597.36,   601.33
352.33,   725.05,   352.73
350.71,   723.70,   477.72
349.10,   722.34,   602.70
474.92,   473.87,   351.60
473.31,   472.51,   476.58
471.69,   471.16,   601.56
476.11,   598.85,   352.96
474.50,   597.50,   477.95
472.89,   596.15,   602.93
477.31,   723.84,   354.33
475.70,   722.49,   479.32
474.08,   721.13,   604.30
225.80,   476.46,   474.03
229.49,   477.83,   598.96
233.19,   479.20,   723.90
223.83,   601.44,   472.71
227.52,   602.81,   597.65
231.21,   604.18,   722.59
221.85,   726.42,   471.40
225.55,   727.79,   596.34
229.24,   729.16,   721.28
350.73,   478.39,   470.31
354.42,   479.76,   595.25
358.12,   481.14,   720.19
348.75,   603.37,   469.00
352.45,   604.74,   593.94
356.14,   606.11,   718.88
346.78,   728.35,   467.69
350.48,   729.72,   592.63
354.17,   731.09,   717.56
475.66,   480.33,   466.60
479.35,   481.70,   591.53
483.05,   483.07,   716.47
473.68,   605.31,   465.28
477.38,   606.68,   590.22
481.07,   608.05,   715.16
471.71,   730.28,   463.97
475.41,   731.65,   588.91
479.10,   733.02,   713.85
226.90,   473.88,   599.78
230.00,   470.79,   724.71
233.10,   467.71,   849.63
228.64,   598.83,   602.83
231.75,   595.75,   727.75
234.85,   592.66,   852.67
230.39,   723.78,   605.87
233.50,   720.70,   730.79
236.60,   717.61,   855.72
351.84,   472.21,   596.64
354.95,   469.12,   721.56
358.05,   466.04,   846.48
353.59,   597.16,   599.68
356.70,   594.07,   724.61
359.80,   590.99,   849.53
355.34,   722.11,   602.73
358.44,   719.02,   727.65
361.55,   715.94,   852.57
476.79,   470.54,   593.49
479.90,   467.45,   718.42
483.00,   464.36,   843.34
478.54,   595.49,   596.54
481.65,   592.40,   721.46
484.75,   589.32,   846.38
480.29,   720.44,   599.58
483.39,   717.35,   724.50
486.50,   714.27,   849.43
224.61,   598.58,   101.56
227.97,   596.08,   226.49
231.34,   593.59,   351.42
227.52,   723.52,   103.98
230.88,   721.03,   228.91
234.25,   718.53,   353.84
230.43,   848.46,   106.40
233.79,   845.97,   231.33
237.16,   843.47,   356.26
349.53,   595.74,   98.14
352.90,   593.24,   223.07
356.26,   590.74,   348.00
352.44,   720.68,   100.56
355.81,   718.18,   225.48
359.17,   715.69,   350.41
355.35,   845.62,   102.97
358.71,   843.13,   227.90
362.08,   840.63,   352.83
474.45,   592.89,   94.71
477.82,   590.40,   219.64
481.18,   587.90,   344.57
477.36,   717.84,   97.13
480.73,   715.34,   222.06
484.09,   712.84,   346.99
480.27,   842.78,   99.55
483.64,   840.28,   224.48
487.00,   837.79,   349.41
224.27,   600.59,   224.03
227.80,   603.79,   348.94
231.33,   606.99,   473.85
227.80,   725.50,   220.73
231.33,   728.70,   345.64
234.86,   731.89,   470.55
231.33,   850.41,   217.43
234.87,   853.60,   342.34
238.40,   856.80,   467.25
349.17,   596.97,   220.59
352.70,   600.17,   345.50
356.23,   603.36,   470.41
352.70,   721.88,   217.29
356.23,   725.07,   342.20
359.76,   728.27,   467.11
356.23,   846.78,   213.99
359.77,   849.98,   338.90
363.30,   853.18,   463.81
474.07,   593.35,   217.15
477.60,   596.54,   342.06
481.13,   599.74,   466.97
477.60,   718.25,   213.85
481.13,   721.45,   338.76
484.66,   724.65,   463.67
481.13,   843.16,   210.56
484.67,   846.36,   335.46
488.20,   849.55,   460.37
226.12,   598.94,   350.77
229.22,   601.87,   475.69
232.31,   604.80,   600.62
225.05,   723.90,   347.86
228.15,   726.83,   472.79
231.25,   729.76,   597.71
223.98,   848.86,   344.95
227.08,   851.79,   469.88
230.18,   854.72,   594.81
351.07,   599.93,   347.64
354.17,   602.86,   472.57
357.27,   605.79,   597.50
350.01,   724.89,   344.74
353.11,   727.82,   469.66
356.20,   730.76,   594.59
348.94,   849.86,   341.83
352.04,   852.79,   466.76
355.14,   855.72,   591.69
476.03,   600.93,   344.52
479.13,   603.86,   469.45
482.23,   606.79,   594.38
474.96,   725.89,   341.62
478.06,   728.82,   466.54
481.16,   731.75,   591.47
473.90,   850.85,   338.71
476.99,   853.78,   463.64
480.09,   856.71,   588.56
224.69,   599.20,   476.17
221.76,   598.20,   601.13
218.83,   597.20,   726.09
221.16,   724.15,   477.09
218.23,   723.15,   602.05
215.30,   722.14,   727.01
217.63,   849.09,   478.01
214.71,   848.09,   602.97
211.78,   847.09,   727.93
349.60,   602.70,   479.13
346.68,   601.70,   604.09
343.75,   600.70,   729.05
346.08,   727.65,   480.04
343.15,   726.65,   605.01
340.22,   725.65,   729.97
342.55,   852.60,   480.96
339.62,   851.60,   605.92
336.69,   850.60,   730.89
474.52,   606.21,   482.08
471.59,   605.21,   607.04
468.66,   604.21,   732.01
470.99,   731.16,   483.00
468.06,   730.15,   607.96
465.14,   729.15,   732.92
467.47,   856.10,   483.92
464.54,   855.10,   608.88
461.61,   854.10,   733.84
226.76,   600.82,   601.85
225.39,   601.43,   726.84
224.01,   602.04,   851.83
228.32,   725.80,   601.25
226.95,   726.42,   726.24
225.58,   727.03,   851.24
229.89,   850.79,   600.66
228.51,   851.41,   725.65
227.14,   852.02,   850.64
351.74,   599.26,   603.23
350.37,   599.87,   728.22
349.00,   600.49,   853.21
353.31,   724.25,   602.63
351.93,   724.86,   727.62
350.56,   725.47,   852.62
354.87,   849.24,   602.04
353.50,   849.85,   727.03
352.12,   850.46,   852.02
476.73,   597.70,   604.61
475.35,   598.32,   729.60
473.98,   598.93,   854.59
478.29,   722.69,   604.01
476.92,   723.30,   729.01
475.54,   723.92,   854.00
479.85,   847.68,   603.42
478.48,   848.29,   728.41
477.11,   848.91,   853.40
349.14,   98.44,   101.35
351.21,   101.71,   226.29
353.27,   104.97,   351.23
348.57,   223.39,   98.09
350.64,   226.66,   223.03
352.70,   229.93,   347.97
348.00,   348.35,   94.84
350.06,   351.62,   219.78
352.13,   354.89,   344.72
474.13,   98.96,   99.27
476.19,   102.22,   224.21
478.25,   105.49,   349.16
473.55,   223.91,   96.02
475.62,   227.18,   220.96
477.68,   230.45,   345.90
472.98,   348.87,   92.76
475.05,   352.14,   217.70
477.11,   355.40,   342.64
599.11,   99.47,   97.20
601.17,   102.74,   222.14
603.23,   106.01,   347.08
598.54,   224.43,   93.94
600.60,   227.70,   218.88
602.66,   230.97,   343.82
597.96,   349.39,   90.68
600.03,   352.65,   215.62
602.09,   355.92,   340.56
349.52,   98.60,   223.95
353.12,   95.13,   348.85
356.72,   91.66,   473.75
347.89,   223.54,   227.46
351.49,   220.07,   352.36
355.09,   216.60,   477.26
346.26,   348.48,   230.98
349.86,   345.01,   355.88
353.46,   341.54,   480.78
474.46,   100.33,   220.39
478.06,   96.86,   345.29
481.66,   93.39,   470.19
472.83,   225.27,   223.91
476.43,   221.80,   348.81
480.03,   218.33,   473.71
471.20,   350.21,   227.43
474.80,   346.74,   352.33
478.39,   343.27,   477.23
599.40,   102.06,   216.84
602.99,   98.59,   341.74
606.59,   95.12,   466.64
597.76,   227.00,   220.36
601.36,   223.53,   345.26
604.96,   220.06,   470.16
596.13,   351.94,   223.88
599.73,   348.47,   348.78
603.33,   345.00,   473.68
349.89,   100.84,   349.96
353.46,   102.47,   474.90
357.04,   104.11,   599.84
349.75,   225.83,   348.33
353.32,   227.46,   473.27
356.89,   229.10,   598.21
349.60,   350.82,   346.70
353.18,   352.45,   471.64
356.75,   354.09,   596.58
474.84,   100.94,   346.39
478.41,   102.57,   471.33
481.99,   104.20,   596.26
474.70,   225.93,   344.76
478.27,   227.56,   469.69
481.84,   229.19,   594.63
474.55,   350.92,   343.13
478.13,   352.55,   468.06
481.70,   354.18,   593.00
599.79,   101.03,   342.81
603.36,   102.67,   467.75
606.93,   104.30,   592.69
599.64,   226.02,   341.18
603.22,   227.66,   466.12
606.79,   229.29,   591.06
599.50,   351.01,   339.55
603.07,   352.65,   464.49
606.65,   354.28,   589.43
350.43,   99.44,   473.34
354.00,   95.78,   598.24
357.57,   92.11,   723.13
353.03,   224.36,   476.93
356.60,   220.70,   601.82
360.17,   217.03,   726.72
355.64,   349.28,   480.52
359.21,   345.62,   605.41
362.78,   341.96,   730.31
475.35,   96.94,   469.70
478.92,   93.28,   594.59
482.49,   89.61,   719.49
477.95,   221.86,   473.28
481.52,   218.20,   598.18
485.10,   214.53,   723.08
480.56,   346.78,   476.87
484.13,   343.12,   601.77
487.70,   339.46,   726.66
600.27,   94.44,   466.05
603.84,   90.78,   590.95
607.41,   87.11,   715.84
602.88,   219.36,   469.64
606.45,   215.70,   594.54
610.02,   212.03,   719.43
605.48,   344.28,   473.23
609.05,   340.62,   598.12
612.62,   336.96,   723.02
349.08,   100.21,   599.13
348.04,   101.97,   724.12
347.00,   103.73,   849.10
352.62,   225.15,   597.40
351.57,   226.91,   722.39
350.53,   228.67,   847.37
356.15,   350.08,   595.67
355.11,   351.85,   720.65
354.07,   353.61,   845.64
474.03,   96.69,   600.22
472.99,   98.45,   725.21
471.94,   100.21,   850.19
477.56,   221.63,   598.49
476.52,   223.39,   723.48
475.48,   225.15,   848.46
481.10,   346.56,   596.76
480.05,   348.33,   721.74
479.01,   350.09,   846.73
598.97,   93.17,   601.32
597.93,   94.93,   726.30
596.89,   96.69,   851.28
602.51,   218.11,   599.58
601.47,   219.87,   724.57
600.42,   221.63,   849.55
606.04,   343.04,   597.85
605.00,   344.81,   722.83
603.96,   346.57,   847.82
348.41,   225.87,   100.42
349.19,   223.58,   225.39
349.97,   221.30,   350.37
349.27,   350.84,   102.70
350.06,   348.56,   227.67
350.84,   346.28,   352.65
350.14,   475.82,   104.98
350.92,   473.54,   229.95
351.70,   471.25,   354.93
473.40,   225.02,   99.62
474.19,   222.73,   224.60
474.97,   220.45,   349.57
474.27,   349.99,   101.90
475.05,   347.71,   226.88
475.83,   345.43,   351.85
475.13,   474.97,   104.18
475.91,   472.69,   229.16
476.70,   470.40,   354.13
598.40,   224.17,   98.82
599.18,   221.88,   223.80
599.96,   219.60,   348.78
599.26,   349.14,   101.10
600.04,   346.86,   226.08
600.83,   344.58,   351.06
600.13,   474.12,   103.38
600.91,   471.84,   228.36
601.69,   469.55,   353.33
351.18,   226.33,   223.94
348.79,   223.19,   348.88
346.41,   220.05,   473.82
353.05,   351.27,   227.12
350.67,   348.13,   352.06
348.29,   345.00,   477.00
354.93,   476.22,   230.29
352.54,   473.08,   355.23
350.16,   469.94,   480.17
476.14,   224.39,   226.28
473.76,   221.25,   351.22
471.38,   218.12,   476.15
478.01,   349.34,   229.45
475.63,   346.20,   354.39
473.25,   343.06,   479.33
479.89,   474.28,   232.63
477.51,   471.15,   357.57
475.13,   468.01,   482.50
601.10,   222.46,   228.61
598.72,   219.32,   353.55
596.34,   216.18,   478.49
602.98,   347.40,   231.79
600.60,   344.27,   356.73
598.21,   341.13,   481.66
604.85,   472.35,   234.96
602.47,   469.21,   359.90
600.09,   466.07,   484.84
349.08,   223.51,   348.21
350.29,   221.92,   473.19
351.51,   220.33,   598.18
349.35,   348.50,   349.80
350.56,   346.91,   474.78
351.77,   345.32,   599.77
349.61,   473.49,   351.39
350.82,   471.90,   476.37
352.03,   470.31,   601.36
474.08,   223.27,   347.00
475.29,   221.67,   471.98
476.50,   220.08,   596.96
474.34,   348.25,   348.59
475.55,   346.66,   473.57
476.76,   345.07,   598.55
474.60,   473.24,   350.18
475.81,   471.65,   475.16
477.03,   470.06,   600.14
599.07,   223.02,   345.78
600.28,   221.42,   470.77
601.49,   219.83,   595.75
599.33,   348.01,   347.37
600.55,   346.41,   472.36
601.76,   344.82,   597.34
599.60,   473.00,   348.96
600.81,   471.40,   473.95
602.02,   469.81,   598.93
348.61,   223.62,   475.13
348.32,   225.45,   600.12
348.03,   227.29,   725.10
348.29,   348.60,   473.29
348.00,   350.44,   598.28
347.72,   352.27,   723.27
347.98,   473.59,   471.46
347.69,   475.42,   596.44
347.40,   477.26,   721.43
473.61,   223.94,   475.41
473.32,   225.77,   600.40
473.03,   227.61,   725.39
473.29,   348.92,   473.58
473.00,   350.76,   598.56
472.72,   352.60,   723.55
472.98,   473.91,   471.74
472.69,   475.74,   596.73
472.40,   477.58,   721.71
598.61,   224.26,   475.70
598.32,   226.09,   600.68
598.03,   227.93,   725.67
598.29,   349.24,   473.86
598.00,   351.08,   598.85
597.72,   352.92,   723.83
597.97,   474.23,   472.02
597.69,   476.07,   597.01
597.40,   477.90,   721.99
349.34,   224.58,   598.91
351.60,   227.05,   723.86
353.86,   229.52,   848.82
348.47,   349.55,   596.45
350.73,   352.02,   721.41
352.99,   354.49,   846.36
347.60,   474.52,   593.99
349.86,   476.99,   718.95
352.12,   479.47,   843.90
474.31,   225.40,   596.63
476.57,   227.87,   721.58
478.84,   230.35,   846.54
473.44,   350.37,   594.17
475.70,   352.85,   719.13
477.96,   355.32,   844.08
472.57,   475.35,   591.72
474.83,   477.82,   716.67
477.09,   480.29,   841.63
599.29,   226.23,   594.35
601.55,   228.70,   719.31
603.81,   231.17,   844.26
598.42,   351.20,   591.89
600.68,   353.67,   716.85
602.94,   356.15,   841.80
597.55,   476.17,   589.44
599.81,   478.65,   714.39
602.07,   481.12,   839.35
351.78,   349.28,   100.42
353.85,   347.46,   225.39
355.92,   345.65,   350.36
351.63,   474.27,   102.23
353.70,   472.45,   227.20
355.77,   470.64,   352.17
351.48,   599.25,   104.05
353.55,   597.44,   229.02
355.62,   595.62,   353.99
476.76,   349.46,   98.35
478.83,   347.64,   223.32
480.90,   345.83,   348.29
476.61,   474.45,   100.17
478.68,   472.63,   225.14
480.75,   470.81,   350.11
476.46,   599.43,   101.98
478.53,   597.62,   226.95
480.60,   595.80,   351.92
601.75,   349.64,   96.28
603.82,   347.82,   221.25
605.89,   346.01,   346.22
601.60,   474.62,   98.10
603.67,   472.81,   223.07
605.74,   470.99,   348.04
601.45,   599.61,   99.92
603.52,   597.80,   224.89
605.59,   595.98,   349.86
349.97,   349.28,   223.26
349.07,   350.35,   348.25
348.16,   351.42,   473.24
351.30,   474.27,   222.20
350.39,   475.34,   347.20
349.48,   476.40,   472.19
352.62,   599.26,   221.15
351.71,   600.33,   346.14
350.81,   601.39,   471.13
474.96,   347.97,   224.18
474.06,   349.03,   349.17
473.15,   350.10,   474.16
476.29,   472.96,   223.12
475.38,   474.02,   348.11
474.47,   475.09,   473.11
477.61,   597.94,   222.07
476.70,   599.01,   347.06
475.80,   600.08,   472.05
599.95,   346.65,   225.10
599.05,   347.72,   350.09
598.14,   348.78,   475.08
601.28,   471.64,   224.04
600.37,   472.70,   349.03
599.46,   473.77,   474.02
602.60,   596.63,   222.98
601.69,   597.69,   347.97
600.79,   598.76,   472.97
351.47,   348.01,   349.91
349.83,   345.35,   474.87
348.20,   342.69,   599.83
355.13,   472.93,   352.62
353.49,   470.27,   477.58
351.85,   467.61,   602.54
358.78,   597.85,   355.32
357.14,   595.19,   480.28
355.51,   592.53,   605.24
476.41,   344.32,   351.47
474.77,   341.66,   476.43
473.13,   339.00,   601.39
480.06,   469.24,   354.17
478.42,   466.58,   479.13
476.79,   463.92,   604.09
483.72,   594.16,   356.88
482.08,   591.50,   481.84
480.44,   588.84,   606.80
601.34,   340.63,   353.02
599.71,   337.97,   477.98
598.07,   335.31,   602.95
605.00,   465.55,   355.73
603.36,   462.89,   480.69
601.72,   460.23,   605.65
608.65,   590.47,   358.44
607.02,   587.81,   483.40
605.38,   585.15,   608.36
351.36,   349.53,   475.71
349.35,   346.11,   600.65
347.34,   342.68,   725.58
354.10,   474.46,   479.18
352.09,   471.03,   604.12
350.08,   467.60,   729.05
356.83,   599.38,   482.65
354.82,   595.95,   607.59
352.81,   592.53,   732.52
476.32,   346.75,   477.64
474.31,   343.32,   602.58
472.29,   339.89,   727.52
479.05,   471.67,   481.11
477.04,   468.24,   606.05
475.03,   464.81,   730.99
481.79,   596.59,   484.58
479.77,   593.16,   609.52
477.76,   589.74,   734.46
601.27,   343.96,   479.58
599.26,   340.53,   604.51
597.25,   337.10,   729.45
604.00,   468.88,   483.05
601.99,   465.45,   607.98
599.98,   462.03,   732.92
606.74,   593.80,   486.52
604.73,   590.37,   611.45
602.72,   586.95,   736.39
349.69,   348.79,   601.00
346.47,   345.71,   725.92
343.26,   342.64,   850.84
349.55,   473.75,   604.07
346.34,   470.68,   728.99
343.13,   467.60,   853.91
349.42,   598.71,   607.14
346.21,   595.64,   732.06
343.00,   592.57,   856.98
474.64,   348.84,   604.21
471.43,   345.77,   729.13
468.22,   342.70,   854.06
474.51,   473.80,   607.28
471.30,   470.73,   732.20
468.09,   467.66,   857.13
474.38,   598.76,   610.35
471.17,   595.69,   735.28
467.96,   592.62,   860.20
599.60,   348.89,   607.43
596.39,   345.82,   732.35
593.18,   342.75,   857.27
599.47,   473.86,   610.50
596.26,   470.78,   735.42
593.05,   467.71,   860.34
599.34,   598.82,   613.57
596.13,   595.75,   738.49
592.91,   592.67,   863.41
348.94,   475.54,   101.86
351.46,   475.07,   226.83
353.99,   474.60,   351.81
352.13,   600.50,   102.27
354.65,   600.03,   227.24
357.18,   599.56,   352.21
355.31,   725.46,   102.67
357.84,   724.99,   227.65
360.36,   724.52,   352.62
473.87,   472.36,   99.32
476.40,   471.89,   224.30
478.92,   471.42,   349.27
477.06,   597.32,   99.73
479.59,   596.85,   224.70
482.11,   596.38,   349.68
480.25,   722.28,   100.14
482.77,   721.81,   225.11
485.30,   721.34,   350.09
598.81,   469.19,   96.79
601.33,   468.72,   221.76
603.86,   468.24,   346.74
601.99,   594.15,   97.20
604.52,   593.67,   222.17
607.04,   593.20,   347.14
605.18,   719.10,   97.60
607.71,   718.63,   222.58
610.23,   718.16,   347.55
350.46,   475.83,   225.21
350.78,   476.80,   350.21
351.11,   477.77,   475.20
347.03,   600.78,   224.25
347.36,   601.75,   349.24
347.69,   602.72,   474.24
343.61,   725.73,   223.29
343.94,   726.70,   348.28
344.26,   727.67,   473.28
475.41,   479.25,   224.86
475.74,   480.22,   349.85
476.06,   481.19,   474.85
471.99,   604.20,   223.90
472.31,   605.17,   348.89
472.64,   606.14,   473.89
468.56,   729.15,   222.93
468.89,   730.12,   347.93
469.22,   731.09,   472.93
600.36,   482.67,   224.50
600.69,   483.64,   349.50
601.02,   484.61,   474.49
596.94,   607.62,   223.54
597.27,   608.59,   348.54
597.59,   609.56,   473.53
593.52,   732.57,   222.58
593.84,   733.54,   347.58
594.17,   734.51,   472.57
348.98,   474.80,   348.32
350.42,   472.80,   473.30
351.85,   470.80,   598.27
351.49,   599.76,   350.29
352.92,   597.76,   475.26
354.35,   595.76,   600.24
353.99,   724.72,   352.26
355.42,   722.72,   477.23
356.86,   720.72,   602.21
473.95,   472.32,   346.85
475.38,   470.32,   471.82
476.82,   468.32,   596.80
476.45,   597.28,   348.82
477.89,   595.28,   473.79
479.32,   593.28,   598.77
478.96,   722.24,   350.78
480.39,   720.24,   475.76
481.82,   718.24,   600.74
598.91,   469.84,   345.37
600.35,   467.84,   470.35
601.78,   465.84,   595.32
601.42,   594.80,   347.34
602.85,   592.80,   472.32
604.29,   590.80,   597.29
603.92,   719.76,   349.31
605.36,   717.76,   474.29
606.79,   715.76,   599.26
348.95,   476.13,   474.50
351.57,   472.99,   599.43
354.18,   469.85,   724.37
345.65,   601.05,   477.71
348.27,   597.91,   602.65
350.88,   594.76,   727.58
342.35,   725.96,   480.93
344.96,   722.82,   605.86
347.58,   719.68,   730.79
473.88,   479.50,   471.97
476.50,   476.36,   596.90
479.11,   473.21,   721.84
470.58,   604.42,   475.18
473.19,   601.27,   600.12
475.81,   598.13,   725.05
467.28,   729.33,   478.39
469.89,   726.19,   603.33
472.51,   723.04,   728.26
598.81,   482.87,   469.44
601.43,   479.72,   594.37
604.04,   476.58,   719.30
595.51,   607.78,   472.65
598.12,   604.64,   597.58
600.74,   601.50,   722.52
592.21,   732.70,   475.86
594.82,   729.55,   600.80
597.44,   726.41,   725.73
351.36,   475.46,   601.57
348.35,   478.82,   726.49
345.35,   482.19,   851.41
350.09,   600.41,   598.18
347.08,   603.77,   723.10
344.07,   607.14,   848.01
348.82,   725.36,   594.78
345.81,   728.72,   719.70
342.80,   732.08,   844.62
476.32,   476.81,   604.54
473.31,   480.18,   729.46
470.30,   483.54,   854.38
475.05,   601.76,   601.15
472.04,   605.12,   726.07
469.03,   608.49,   850.99
473.78,   726.71,   597.75
470.77,   730.07,   722.67
467.76,   733.44,   847.59
601.28,   478.17,   607.52
598.27,   481.53,   732.43
595.26,   484.89,   857.35
600.01,   603.11,   604.12
597.00,   606.48,   729.04
593.99,   609.84,   853.96
598.73,   728.06,   600.73
595.73,   731.43,   725.65
592.72,   734.79,   850.56
350.66,   601.32,   100.58
347.94,   601.42,   225.55
345.21,   601.53,   350.52
349.39,   726.31,   100.45
346.67,   726.41,   225.42
343.94,   726.52,   350.39
348.12,   851.30,   100.32
345.40,   851.41,   225.29
342.67,   851.51,   350.26
475.63,   602.59,   103.31
472.90,   602.69,   228.28
470.17,   602.80,   353.25
474.36,   727.58,   103.18
471.63,   727.69,   228.15
468.90,   727.79,   353.12
473.09,   852.58,   103.04
470.36,   852.68,   228.01
467.63,   852.79,   352.99
600.59,   603.86,   106.04
597.86,   603.97,   231.01
595.14,   604.07,   355.98
599.32,   728.86,   105.90
596.59,   728.96,   230.87
593.87,   729.06,   355.84
598.05,   853.85,   105.77
595.32,   853.95,   230.74
592.60,   854.06,   355.71
350.09,   601.42,   225.44
352.08,   601.80,   350.42
354.08,   602.18,   475.41
349.45,   726.41,   225.07
351.44,   726.79,   350.05
353.43,   727.17,   475.04
348.81,   851.41,   224.70
350.80,   851.79,   349.68
352.79,   852.17,   474.67
475.07,   602.05,   223.44
477.07,   602.43,   348.43
479.06,   602.81,   473.41
474.43,   727.05,   223.08
476.42,   727.43,   348.06
478.42,   727.81,   473.04
473.79,   852.05,   222.71
475.78,   852.43,   347.69
477.78,   852.81,   472.67
600.06,   602.69,   221.45
602.05,   603.07,   346.43
604.04,   603.45,   471.42
599.42,   727.69,   221.08
601.41,   728.07,   346.06
603.40,   728.45,   471.05
598.77,   852.68,   220.71
600.77,   853.06,   345.70
602.76,   853.44,   470.68
350.03,   599.35,   351.22
349.64,   600.38,   476.21
349.24,   601.42,   601.21
352.86,   724.32,   350.19
352.47,   725.35,   475.19
352.08,   726.38,   600.18
355.70,   849.28,   349.17
355.31,   850.31,   474.17
354.92,   851.35,   599.16
475.00,   596.52,   351.63
474.60,   597.55,   476.63
474.21,   598.58,   601.62
477.83,   721.48,   350.61
477.44,   722.51,   475.61
477.05,   723.55,   600.60
480.67,   846.45,   349.59
480.28,   847.48,   474.58
479.88,   848.51,   599.58
599.96,   593.68,   352.05
599.57,   594.72,   477.04
599.18,   595.75,   602.04
602.80,   718.65,   351.03
602.41,   719.68,   476.02
602.02,   720.71,   601.02
605.64,   843.61,   350.00
605.24,   844.65,   475.00
604.85,   845.68,   599.99
350.38,   601.08,   473.80
351.51,   599.32,   598.78
352.64,   597.56,   723.77
351.29,   726.06,   475.55
352.42,   724.30,   600.53
353.55,   722.54,   725.52
352.20,   851.05,   477.30
353.33,   849.29,   602.29
354.46,   847.53,   727.27
475.37,   600.19,   472.66
476.50,   598.43,   597.64
477.64,   596.67,   722.62
476.28,   725.17,   474.41
477.42,   723.41,   599.39
478.55,   721.65,   724.37
477.19,   850.15,   476.16
478.33,   848.39,   601.14
479.46,   846.63,   726.13
600.37,   599.29,   471.51
601.50,   597.53,   596.50
602.63,   595.77,   721.48
601.28,   724.28,   473.27
602.41,   722.52,   598.25
603.54,   720.76,   723.23
602.19,   849.26,   475.02
603.32,   847.50,   600.00
604.45,   845.74,   724.98
351.57,   601.09,   599.15
350.05,   601.75,   724.14
348.53,   602.40,   849.13
354.15,   726.06,   598.53
352.63,   726.72,   723.52
351.11,   727.37,   848.51
356.73,   851.04,   597.91
355.21,   851.69,   722.90
353.69,   852.34,   847.89
476.53,   598.52,   600.68
475.02,   599.17,   725.67
473.50,   599.83,   850.66
479.11,   723.49,   600.06
477.59,   724.15,   725.05
476.08,   724.80,   850.04
481.69,   848.46,   599.44
480.17,   849.12,   724.43
478.66,   849.77,   849.42
601.50,   595.95,   602.22
599.98,   596.60,   727.21
598.46,   597.26,   852.19
604.08,   720.92,   601.59
602.56,   721.57,   726.58
601.04,   722.23,   851.57
606.66,   845.89,   600.97
605.14,   846.55,   725.96
603.62,   847.20,   850.95
474.99,   101.84,   101.69
475.05,   101.11,   226.69
475.11,   100.38,   351.69
474.08,   226.84,   102.43
474.14,   226.10,   227.42
474.20,   225.37,   352.42
473.16,   351.83,   103.16
473.22,   351.10,   228.16
473.28,   350.37,   353.15
599.99,   102.76,   101.64
600.05,   102.03,   226.64
600.11,   101.29,   351.63
599.08,   227.75,   102.37
599.13,   227.02,   227.37
599.19,   226.29,   352.37
598.16,   352.75,   103.10
598.22,   352.01,   228.10
598.28,   351.28,   353.10
724.99,   103.67,   101.58
725.05,   102.94,   226.58
725.11,   102.21,   351.58
724.07,   228.67,   102.32
724.13,   227.94,   227.31
724.19,   227.20,   352.31
723.16,   353.66,   103.05
723.22,   352.93,   228.05
723.28,   352.20,   353.04
474.76,   99.35,   223.96
471.68,   99.84,   348.92
468.59,   100.33,   473.89
478.35,   224.30,   223.57
475.26,   224.79,   348.53
472.18,   225.28,   473.49
481.93,   349.25,   223.17
478.85,   349.74,   348.13
475.76,   350.22,   473.09
599.67,   95.78,   227.06
596.59,   96.26,   352.02
593.50,   96.75,   476.98
603.26,   220.73,   226.66
600.17,   221.21,   351.62
597.09,   221.70,   476.59
606.85,   345.67,   226.27
603.76,   346.16,   351.23
600.67,   346.65,   476.19
724.58,   92.20,   230.16
721.50,   92.69,   355.12
718.41,   93.18,   480.08
728.17,   217.15,   229.76
725.08,   217.64,   354.72
722.00,   218.12,   479.68
731.76,   342.10,   229.36
728.67,   342.58,   354.33
725.58,   343.07,   479.29
474.19,   98.29,   349.85
472.25,   95.16,   474.79
470.31,   92.03,   599.74
472.99,   223.24,   352.96
471.05,   220.11,   477.90
469.12,   216.99,   602.85
471.79,   348.20,   356.07
469.86,   345.07,   481.01
467.92,   341.94,   605.96
599.17,   99.43,   351.81
597.23,   96.31,   476.76
595.29,   93.18,   601.71
597.97,   224.39,   354.92
596.03,   221.26,   479.87
594.10,   218.13,   604.82
596.77,   349.35,   358.03
594.84,   346.22,   482.98
592.90,   343.09,   607.93
724.15,   100.58,   353.78
722.21,   97.46,   478.73
720.27,   94.33,   603.67
722.95,   225.54,   356.89
721.01,   222.41,   481.84
719.08,   219.28,   606.78
721.75,   350.49,   360.00
719.81,   347.37,   484.95
717.88,   344.24,   609.89
474.29,   101.59,   473.77
475.59,   103.74,   598.74
476.89,   105.88,   723.72
474.89,   226.57,   471.61
476.19,   228.72,   596.59
477.49,   230.86,   721.56
475.49,   351.55,   469.46
476.79,   353.70,   594.44
478.09,   355.84,   719.41
599.29,   100.97,   472.48
600.59,   103.12,   597.45
601.89,   105.27,   722.43
599.88,   225.95,   470.33
601.18,   228.10,   595.30
602.48,   230.25,   720.27
600.48,   350.93,   468.17
601.78,   353.08,   593.15
603.08,   355.23,   718.12
724.28,   100.35,   471.19
725.58,   102.50,   596.16
726.88,   104.65,   721.14
724.87,   225.33,   469.04
726.17,   227.48,   594.01
727.47,   229.63,   718.99
725.47,   350.31,   466.88
726.77,   352.46,   591.86
728.07,   354.61,   716.83
476.95,   99.16,   598.51
478.48,   100.17,   723.50
480.02,   101.17,   848.48
475.05,   224.15,   597.53
476.58,   225.15,   722.52
478.12,   226.15,   847.50
473.15,   349.13,   596.55
474.68,   350.13,   721.53
476.22,   351.14,   846.52
601.92,   101.05,   596.96
603.46,   102.06,   721.94
605.00,   103.06,   846.93
600.02,   226.03,   595.98
601.56,   227.04,   720.96
603.09,   228.04,   845.95
598.12,   351.02,   595.00
599.66,   352.02,   719.98
601.19,   353.02,   844.97
726.90,   102.94,   595.41
728.44,   103.95,   720.39
729.97,   104.95,   845.38
725.00,   227.92,   594.43
726.53,   228.93,   719.41
728.07,   229.93,   844.40
723.10,   352.91,   593.45
724.63,   353.91,   718.43
726.17,   354.91,   843.42
475.49,   223.25,   99.57
478.44,   219.87,   224.49
481.39,   216.50,   349.41
471.89,   348.15,   103.03
474.84,   344.77,   227.95
477.79,   341.40,   352.87
468.28,   473.05,   106.48
471.24,   469.67,   231.40
474.19,   466.30,   356.32
600.40,   226.93,   96.72
603.35,   223.55,   221.64
606.31,   220.18,   346.55
596.80,   351.83,   100.17
599.75,   348.46,   225.09
602.70,   345.08,   350.01
593.20,   476.73,   103.63
596.15,   473.36,   228.55
599.10,   469.98,   353.47
725.31,   230.61,   93.86
728.27,   227.24,   218.78
731.22,   223.86,   343.70
721.71,   355.51,   97.32
724.66,   352.14,   222.24
727.62,   348.76,   347.16
718.11,   480.41,   100.78
721.06,   477.04,   225.70
724.02,   473.66,   350.62
475.01,   225.19,   226.47
471.90,   222.75,   351.41
468.79,   220.32,   476.34
475.80,   350.16,   228.92
472.69,   347.72,   353.86
469.58,   345.29,   478.80
476.59,   475.13,   231.38
473.48,   472.70,   356.32
470.37,   470.26,   481.25
599.96,   224.33,   229.56
596.86,   221.90,   354.50
593.75,   219.46,   479.43
600.76,   349.31,   232.01
597.65,   346.87,   356.95
594.54,   344.44,   481.89
601.55,   474.28,   234.47
598.44,   471.85,   359.41
595.33,   469.41,   484.35
724.92,   223.48,   232.65
721.82,   221.05,   357.59
718.71,   218.61,   482.53
725.71,   348.46,   235.11
722.61,   346.02,   360.04
719.50,   343.59,   484.98
726.51,   473.43,   237.56
723.40,   470.99,   362.50
720.29,   468.56,   487.44
474.38,   226.78,   351.39
475.93,   224.62,   476.37
477.47,   222.46,   601.34
475.69,   351.76,   353.54
477.24,   349.60,   478.51
478.78,   347.44,   603.48
477.00,   476.73,   355.68
478.55,   474.57,   480.65
480.09,   472.41,   605.62
599.37,   225.50,   349.83
600.91,   223.34,   474.80
602.45,   221.18,   599.77
600.68,   350.47,   351.97
602.22,   348.31,   476.94
603.76,   346.16,   601.91
601.99,   475.45,   354.11
603.53,   473.29,   479.08
605.07,   471.13,   604.06
724.35,   224.21,   348.26
725.89,   222.06,   473.23
727.44,   219.90,   598.20
725.66,   349.19,   350.40
727.20,   347.03,   475.37
728.75,   344.87,   600.35
726.97,   474.16,   352.54
728.51,   472.01,   477.52
730.06,   469.85,   602.49
474.46,   224.82,   476.89
475.13,   223.62,   601.88
475.79,   222.43,   726.87
473.59,   349.81,   478.09
474.25,   348.61,   603.08
474.92,   347.42,   728.07
472.71,   474.80,   479.29
473.38,   473.60,   604.28
474.04,   472.41,   729.27
599.46,   225.70,   476.23
600.12,   224.50,   601.23
600.79,   223.31,   726.22
598.58,   350.69,   477.43
599.25,   349.50,   602.42
599.91,   348.30,   727.42
597.71,   475.68,   478.63
598.37,   474.49,   603.62
599.03,   473.29,   728.62
724.46,   226.58,   475.58
725.12,   225.39,   600.57
725.78,   224.19,   725.56
723.58,   351.57,   476.78
724.24,   350.38,   601.77
724.91,   349.18,   726.76
722.70,   476.56,   477.98
723.37,   475.37,   602.97
724.03,   474.17,   727.96
474.48,   223.12,   600.40
478.20,   224.84,   725.33
481.92,   226.56,   850.26
472.71,   348.10,   598.73
476.43,   349.82,   723.67
480.15,   351.53,   848.60
470.94,   473.08,   597.07
474.66,   474.79,   722.00
478.38,   476.51,   846.93
599.41,   224.84,   596.65
603.13,   226.56,   721.59
606.85,   228.27,   846.52
597.64,   349.82,   594.99
601.36,   351.53,   719.92
605.08,   353.25,   844.86
595.88,   474.79,   593.33
599.60,   476.51,   718.26
603.31,   478.23,   843.19
724.34,   226.56,   592.91
728.06,   228.27,   717.84
731.78,   229.99,   842.78
722.58,   351.53,   591.25
726.29,   353.25,   716.18
730.01,   354.97,   841.11
720.81,   476.51,   589.58
724.53,   478.23,   714.51
728.25,   479.94,   839.45
473.85,   351.86,   101.18
476.87,   351.52,   226.14
479.89,   351.18,   351.10
475.92,   476.84,   101.47
478.95,   476.50,   226.43
481.97,   476.16,   351.39
478.00,   601.82,   101.75
481.02,   601.48,   226.72
484.04,   601.14,   351.68
598.79,   349.79,   98.15
601.81,   349.45,   223.11
604.83,   349.11,   348.08
600.87,   474.77,   98.44
603.89,   474.43,   223.40
606.91,   474.09,   348.37
602.95,   599.75,   98.73
605.97,   599.41,   223.69
608.99,   599.07,   348.65
723.74,   347.72,   95.13
726.76,   347.38,   220.09
729.78,   347.04,   345.05
725.82,   472.70,   95.41
728.84,   472.36,   220.38
731.86,   472.02,   345.34
727.89,   597.68,   95.70
730.91,   597.34,   220.67
733.93,   597.00,   345.63
473.89,   348.88,   223.12
470.53,   349.62,   348.07
467.16,   350.35,   473.02
474.80,   473.88,   222.41
471.43,   474.61,   347.36
468.07,   475.34,   472.31
475.70,   598.87,   221.70
472.34,   599.61,   346.65
468.98,   600.34,   471.60
598.84,   348.00,   226.49
595.48,   348.73,   351.44
592.11,   349.46,   476.39
599.75,   472.99,   225.78
596.38,   473.72,   350.73
593.02,   474.46,   475.68
600.66,   597.98,   225.07
597.29,   598.72,   350.02
593.93,   599.45,   474.97
723.79,   347.11,   229.86
720.43,   347.84,   354.81
717.07,   348.58,   479.76
724.70,   472.10,   229.15
721.34,   472.84,   354.10
717.97,   473.57,   479.05
725.61,   597.10,   228.44
722.24,   597.83,   353.39
718.88,   598.57,   478.34
476.43,   351.50,   350.50
478.54,   349.73,   475.47
480.65,   347.96,   600.44
475.94,   476.49,   352.28
478.05,   474.72,   477.25
480.16,   472.95,   602.22
475.45,   601.48,   354.06
477.56,   599.70,   479.03
479.67,   597.93,   604.00
601.41,   352.02,   348.39
603.52,   350.25,   473.36
605.63,   348.48,   598.33
600.92,   477.01,   350.18
603.03,   475.24,   475.15
605.14,   473.47,   600.11
600.43,   602.00,   351.96
602.54,   600.22,   476.93
604.65,   598.45,   601.90
726.39,   352.54,   346.29
728.50,   350.77,   471.26
730.61,   349.00,   596.23
725.90,   477.53,   348.07
728.01,   475.76,   473.04
730.12,   473.99,   598.01
725.41,   602.52,   349.85
727.52,   600.74,   474.82
729.63,   598.97,   599.79
474.48,   350.45,   474.11
471.11,   349.86,   599.06
467.74,   349.27,   724.01
473.28,   475.45,   474.66
469.91,   474.86,   599.62
466.54,   474.27,   724.57
472.07,   600.44,   475.22
468.70,   599.85,   600.17
465.33,   599.26,   725.13
599.43,   351.64,   477.48
596.06,   351.05,   602.44
592.69,   350.46,   727.39
598.22,   476.64,   478.04
594.86,   476.05,   602.99
591.49,   475.46,   727.95
597.02,   601.63,   478.60
593.65,   601.04,   603.55
590.28,   600.45,   728.50
724.38,   352.83,   480.86
721.01,   352.24,   605.81
717.64,   351.65,   730.76
723.17,   477.83,   481.41
719.80,   477.24,   606.37
716.43,   476.65,   731.32
721.97,   602.82,   481.97
718.60,   602.23,   606.92
715.23,   601.64,   731.88
475.94,   350.01,   599.82
477.88,   348.77,   724.80
479.83,   347.53,   849.78
475.15,   475.00,   601.08
477.09,   473.76,   726.06
479.03,   472.52,   851.03
474.35,   599.99,   602.33
476.29,   598.75,   727.31
478.23,   597.51,   852.29
600.93,   350.83,   597.89
602.87,   349.59,   722.87
604.81,   348.35,   847.85
600.13,   475.82,   599.14
602.07,   474.58,   724.12
604.01,   473.34,   849.10
599.33,   600.81,   600.39
601.27,   599.57,   725.37
603.21,   598.33,   850.35
725.91,   351.64,   595.96
727.85,   350.40,   720.93
729.79,   349.16,   845.91
725.11,   476.63,   597.21
727.05,   475.39,   722.19
728.99,   474.15,   847.17
724.31,   601.62,   598.46
726.26,   600.38,   723.44
728.20,   599.14,   848.42
474.78,   474.22,   98.88
477.75,   477.23,   223.81
480.73,   480.25,   348.73
475.61,   599.18,   95.84
478.58,   602.19,   220.77
481.56,   605.21,   345.70
476.44,   724.14,   92.81
479.41,   727.15,   217.73
482.39,   730.17,   342.66
599.74,   473.32,   95.92
602.71,   476.33,   220.85
605.69,   479.35,   345.78
600.57,   598.28,   92.89
603.54,   601.29,   217.82
606.52,   604.31,   342.75
601.40,   723.24,   89.85
604.37,   726.25,   214.78
607.35,   729.27,   339.71
724.70,   472.42,   92.97
727.68,   475.43,   217.90
730.65,   478.45,   342.83
725.53,   597.38,   89.94
728.51,   600.39,   214.86
731.48,   603.41,   339.79
726.36,   722.34,   86.90
729.34,   725.35,   211.83
732.31,   728.37,   336.76
473.55,   475.63,   224.37
473.65,   477.73,   349.35
473.75,   479.84,   474.33
470.56,   600.57,   222.27
470.66,   602.68,   347.25
470.77,   604.78,   472.23
467.57,   725.52,   220.16
467.67,   727.63,   345.15
467.78,   729.73,   470.13
598.51,   478.61,   224.22
598.62,   480.72,   349.20
598.72,   482.82,   474.18
595.53,   603.56,   222.11
595.63,   605.67,   347.10
595.73,   607.77,   472.08
592.54,   728.51,   220.01
592.64,   730.61,   344.99
592.74,   732.72,   469.97
723.48,   481.60,   224.06
723.58,   483.70,   349.04
723.68,   485.81,   474.03
720.49,   606.55,   221.96
720.59,   608.65,   346.94
720.69,   610.76,   471.92
717.50,   731.49,   219.86
717.60,   733.60,   344.84
717.71,   735.70,   469.82
473.18,   473.09,   349.00
471.48,   475.85,   473.96
469.79,   478.61,   598.92
474.15,   598.05,   346.26
472.46,   600.81,   471.22
470.77,   603.57,   596.17
475.13,   723.02,   343.51
473.44,   725.78,   468.47
471.74,   728.54,   593.43
598.16,   472.15,   350.72
596.47,   474.91,   475.68
594.78,   477.67,   600.64
599.14,   597.11,   347.97
597.44,   599.88,   472.93
595.75,   602.64,   597.89
600.11,   722.08,   345.22
598.42,   724.84,   470.18
596.73,   727.60,   595.14
723.15,   471.21,   352.43
721.45,   473.97,   477.39
719.76,   476.73,   602.35
724.12,   596.18,   349.69
722.43,   598.94,   474.64
720.74,   601.70,   599.60
725.10,   721.14,   346.94
723.41,   723.90,   471.90
721.71,   726.66,   596.86
475.75,   474.30,   476.28
477.61,   476.33,   601.25
479.47,   478.35,   726.22
475.32,   599.28,   474.26
477.18,   601.31,   599.23
479.04,   603.34,   724.20
474.90,   724.27,   472.24
476.75,   726.29,   597.21
478.61,   728.32,   722.18
600.74,   474.70,   474.42
602.60,   476.73,   599.39
604.45,   478.75,   724.35
600.31,   599.68,   472.40
602.17,   601.71,   597.37
604.03,   603.73,   722.33
599.88,   724.67,   470.38
601.74,   726.69,   595.34
603.60,   728.72,   720.31
725.72,   475.10,   472.55
727.58,   477.12,   597.52
729.44,   479.15,   722.49
725.30,   600.08,   470.53
727.15,   602.11,   595.50
729.01,   604.13,   720.47
724.87,   725.06,   468.51
726.72,   727.09,   593.48
728.58,   729.12,   718.45
476.76,   475.67,   599.53
479.55,   473.94,   724.49
482.34,   472.20,   849.45
474.20,   600.63,   601.33
476.99,   598.90,   726.28
479.78,   597.16,   851.24
471.65,   725.59,   603.12
474.44,   723.86,   728.07
477.23,   722.12,   853.03
601.70,   478.26,   596.78
604.49,   476.53,   721.74
607.28,   474.80,   846.69
599.14,   603.23,   598.57
601.93,   601.49,   723.53
604.73,   599.76,   848.49
596.59,   728.19,   600.36
599.38,   726.45,   725.32
602.17,   724.72,   850.28
726.64,   480.86,   594.03
729.43,   479.12,   718.98
732.22,   477.39,   843.94
724.09,   605.82,   595.82
726.88,   604.09,   720.77
729.67,   602.35,   845.73
721.53,   730.78,   597.61
724.32,   729.05,   722.57
727.11,   727.31,   847.52
474.31,   599.53,   99.14
474.06,   599.90,   224.14
473.82,   600.28,   349.14
471.91,   724.51,   98.76
471.67,   724.88,   223.76
471.42,   725.26,   348.76
469.51,   849.48,   98.38
469.27,   849.86,   223.38
469.03,   850.23,   348.38
599.28,   601.93,   99.38
599.04,   602.30,   224.37
598.80,   602.68,   349.37
596.89,   726.90,   99.00
596.64,   727.28,   224.00
596.40,   727.65,   348.99
594.49,   851.88,   98.62
594.25,   852.25,   223.62
594.00,   852.63,   348.61
724.26,   604.32,   99.61
724.02,   604.70,   224.61
723.77,   605.07,   349.61
721.86,   729.30,   99.23
721.62,   729.67,   224.23
721.38,   730.05,   349.23
719.47,   854.28,   98.85
719.22,   854.65,   223.85
718.98,   855.03,   348.85
474.51,   598.02,   223.93
471.36,   597.25,   348.89
468.21,   596.48,   473.85
473.37,   723.01,   224.67
470.22,   722.24,   349.63
467.07,   721.48,   474.59
472.24,   848.00,   225.41
469.08,   847.24,   350.37
465.93,   846.47,   475.33
599.47,   599.14,   227.09
596.32,   598.37,   352.05
593.16,   597.60,   477.01
598.33,   724.13,   227.83
595.18,   723.36,   352.79
592.03,   722.59,   477.75
597.19,   849.12,   228.57
594.04,   848.36,   353.53
590.89,   847.59,   478.48
724.42,   600.26,   230.25
721.27,   599.49,   355.21
718.12,   598.72,   480.16
723.28,   725.25,   230.99
720.13,   724.48,   355.95
716.98,   723.71,   480.90
722.15,   850.24,   231.73
718.99,   849.47,   356.69
715.84,   848.71,   481.64
476.29,   598.73,   351.44
475.37,   602.44,   476.38
474.45,   606.15,   601.32
479.84,   723.63,   347.76
478.92,   727.34,   472.70
478.00,   731.05,   597.64
483.40,   848.52,   344.08
482.48,   852.23,   469.02
481.56,   855.94,   593.96
601.24,   595.21,   352.46
600.32,   598.91,   477.41
599.40,   602.62,   602.35
604.79,   720.10,   348.78
603.87,   723.81,   473.72
602.95,   727.52,   598.67
608.34,   845.00,   345.10
607.42,   848.71,   470.04
606.50,   852.41,   594.98
726.18,   591.68,   353.49
725.26,   595.39,   478.43
724.34,   599.10,   603.37
729.74,   716.57,   349.81
728.82,   720.28,   474.75
727.90,   723.99,   599.69
733.29,   841.47,   346.12
732.37,   845.18,   471.07
731.45,   848.89,   596.01
474.83,   601.53,   475.16
471.81,   599.31,   600.11
468.80,   597.09,   725.05
477.79,   726.47,   477.45
474.78,   724.25,   602.40
471.77,   722.03,   727.34
480.76,   851.42,   479.75
477.75,   849.20,   604.69
474.74,   846.98,   729.63
599.75,   598.51,   478.12
596.74,   596.29,   603.06
593.73,   594.07,   728.01
602.72,   723.45,   480.41
599.71,   721.23,   605.36
596.70,   719.01,   730.30
605.69,   848.40,   482.70
602.68,   846.17,   607.65
599.67,   843.95,   732.59
724.68,   595.48,   481.08
721.67,   593.26,   606.02
718.66,   591.04,   730.97
727.65,   720.43,   483.37
724.64,   718.21,   608.31
721.63,   715.99,   733.26
730.62,   845.37,   485.66
727.61,   843.15,   610.61
724.60,   840.93,   735.55
475.31,   598.99,   600.93
472.28,   598.21,   725.89
469.25,   597.43,   850.85
475.85,   723.99,   601.72
472.82,   723.21,   726.68
469.79,   722.42,   851.65
476.38,   848.98,   602.52
473.35,   848.20,   727.48
470.32,   847.42,   852.44
600.27,   598.44,   603.95
597.25,   597.65,   728.92
594.22,   596.87,   853.88
600.81,   723.43,   604.75
597.78,   722.65,   729.71
594.75,   721.87,   854.67
601.34,   848.43,   605.54
598.31,   847.65,   730.50
595.29,   846.87,   855.47
725.24,   597.88,   606.98
722.21,   597.10,   731.94
719.18,   596.32,   856.90
725.77,   722.88,   607.77
722.74,   722.10,   732.74
719.71,   721.32,   857.70
726.31,   847.88,   608.57
723.28,   847.09,   733.53
720.25,   846.31,   858.49
601.51,   101.46,   100.99
602.29,   99.75,   225.98
603.06,   98.05,   350.96
603.32,   226.44,   102.69
604.09,   224.73,   227.67
604.86,   223.02,   352.66
605.12,   351.41,   104.39
605.89,   349.71,   229.37
606.66,   348.00,   354.36
726.50,   99.67,   100.19
727.27,   97.96,   225.18
728.04,   96.25,   350.17
728.30,   224.65,   101.89
729.07,   222.94,   226.88
729.85,   221.23,   351.86
730.10,   349.62,   103.59
730.88,   347.91,   228.57
731.65,   346.20,   353.56
851.48,   97.88,   99.40
852.25,   96.17,   224.38
853.03,   94.46,   349.37
853.28,   222.85,   101.09
854.06,   221.15,   226.08
854.83,   219.44,   351.07
855.09,   347.83,   102.79
855.86,   346.12,   227.78
856.63,   344.41,   352.76
601.05,   101.84,   224.86
598.90,   103.42,   349.83
596.76,   105.01,   474.80
599.03,   226.82,   223.24
596.88,   228.40,   348.21
594.74,   229.98,   473.18
597.01,   351.79,   221.62
594.86,   353.37,   346.59
592.72,   354.95,   471.57
726.02,   103.89,   226.97
723.87,   105.47,   351.95
721.72,   107.05,   476.92
724.00,   228.86,   225.36
721.85,   230.44,   350.33
719.70,   232.03,   475.30
721.98,   353.84,   223.74
719.83,   355.42,   348.71
717.68,   357.00,   473.69
850.98,   105.94,   229.09
848.84,   107.52,   354.07
846.69,   109.10,   479.04
848.96,   230.91,   227.48
846.82,   232.49,   352.45
844.67,   234.07,   477.42
846.94,   355.88,   225.86
844.80,   357.47,   350.83
842.65,   359.05,   475.80
600.56,   101.69,   351.55
601.30,   97.95,   476.49
602.03,   94.21,   601.43
599.07,   226.62,   355.30
599.80,   222.89,   480.24
600.53,   219.15,   605.18
597.57,   351.56,   359.04
598.31,   347.82,   483.99
599.04,   344.08,   608.93
725.55,   103.21,   350.86
726.29,   99.47,   475.80
727.02,   95.73,   600.75
724.06,   228.14,   354.61
724.79,   224.40,   479.55
725.52,   220.66,   604.49
722.56,   353.08,   358.35
723.29,   349.34,   483.30
724.03,   345.60,   608.24
850.54,   104.72,   350.17
851.27,   100.98,   475.11
852.01,   97.25,   600.06
849.05,   229.66,   353.92
849.78,   225.92,   478.86
850.51,   222.18,   603.80
847.55,   354.59,   357.67
848.28,   350.85,   482.61
849.02,   347.12,   607.55
599.66,   99.66,   475.30
601.38,   100.91,   600.28
603.10,   102.17,   725.27
598.26,   224.65,   474.07
599.99,   225.90,   599.05
601.71,   227.15,   724.03
596.87,   349.64,   472.84
598.59,   350.89,   597.82
600.32,   352.14,   722.80
724.64,   101.04,   473.57
726.36,   102.29,   598.55
728.08,   103.54,   723.53
723.24,   226.03,   472.33
724.97,   227.28,   597.32
726.69,   228.53,   722.30
721.85,   351.01,   471.10
723.57,   352.26,   596.09
725.30,   353.51,   721.07
849.62,   102.42,   471.83
851.34,   103.67,   596.81
853.06,   104.92,   721.79
848.23,   227.40,   470.60
849.95,   228.65,   595.58
851.67,   229.90,   720.56
846.83,   352.39,   469.37
848.55,   353.64,   594.35
850.28,   354.89,   719.33
598.50,   98.79,   598.61
598.16,   95.87,   723.57
597.82,   92.94,   848.54
602.16,   223.70,   601.54
601.82,   220.78,   726.50
601.48,   217.85,   851.47
605.82,   348.61,   604.47
605.48,   345.69,   729.43
605.14,   342.77,   854.40
723.45,   95.12,   598.86
723.10,   92.20,   723.83
722.76,   89.27,   848.79
727.11,   220.03,   601.79
726.77,   217.11,   726.76
726.42,   214.19,   851.72
730.77,   344.94,   604.73
730.43,   342.02,   729.69
730.09,   339.10,   854.66
848.39,   91.45,   599.12
848.05,   88.53,   724.08
847.71,   85.61,   849.05
852.05,   216.36,   602.05
851.71,   213.44,   727.01
851.37,   210.52,   851.98
855.72,   341.28,   604.98
855.37,   338.35,   729.95
855.03,   335.43,   854.91
598.47,   223.96,   101.85
598.97,   226.02,   226.83
599.47,   228.09,   351.81
595.98,   348.92,   99.80
596.48,   350.98,   224.78
596.98,   353.05,   349.76
593.49,   473.88,   97.74
593.99,   475.94,   222.72
594.49,   478.00,   347.71
723.44,   226.44,   101.31
723.94,   228.51,   226.29
724.45,   230.57,   351.27
720.95,   351.40,   99.25
721.46,   353.46,   224.24
721.96,   355.53,   349.22
718.46,   476.36,   97.20
718.97,   478.42,   222.18
719.47,   480.49,   347.16
848.42,   228.92,   100.77
848.92,   230.99,   225.75
849.42,   233.05,   350.73
845.93,   353.88,   98.71
846.43,   355.95,   223.70
846.93,   358.01,   348.68
843.44,   478.84,   96.66
843.94,   480.90,   221.64
844.44,   482.97,   346.62
598.96,   224.46,   223.03
600.84,   221.20,   347.97
602.72,   217.95,   472.92
597.34,   349.40,   226.31
599.22,   346.15,   351.25
601.10,   342.89,   476.20
595.72,   474.35,   229.59
597.60,   471.09,   354.53
599.48,   467.84,   479.48
723.93,   226.12,   221.19
725.81,   222.87,   346.14
727.69,   219.61,   471.08
722.32,   351.07,   224.47
724.19,   347.81,   349.42
726.07,   344.56,   474.36
720.70,   476.02,   227.75
722.58,   472.76,   352.70
724.46,   469.51,   477.64
848.91,   227.79,   219.36
850.79,   224.54,   344.30
852.67,   221.28,   469.24
847.29,   352.74,   222.64
849.17,   349.48,   347.58
851.05,   346.23,   472.52
845.67,   477.68,   225.92
847.55,   474.43,   350.86
849.43,   471.17,   475.80
600.55,   223.09,   351.47
601.31,   222.92,   476.47
602.06,   222.75,   601.47
601.54,   348.08,   351.63
602.30,   347.92,   476.63
603.05,   347.75,   601.63
602.53,   473.08,   351.80
603.29,   472.91,   476.80
604.04,   472.74,   601.79
725.55,   222.10,   350.71
726.30,   221.93,   475.71
727.06,   221.76,   600.71
726.54,   347.10,   350.88
727.29,   346.93,   475.88
728.05,   346.76,   600.87
727.53,   472.09,   351.04
728.28,   471.92,   476.04
729.03,   471.75,   601.04
850.54,   221.11,   349.96
851.30,   220.94,   474.96
852.05,   220.77,   599.95
851.53,   346.11,   350.12
852.29,   345.94,   475.12
853.04,   345.77,   600.12
852.52,   471.11,   350.29
853.27,   470.94,   475.28
854.03,   470.77,   600.28
599.12,   225.41,   476.43
599.93,   223.26,   601.40
600.74,   221.11,   726.38
602.06,   350.36,   478.56
602.86,   348.21,   603.54
603.67,   346.05,   728.52
604.99,   475.31,   480.69
605.80,   473.15,   605.67
606.61,   471.00,   730.65
724.08,   222.49,   475.57
724.89,   220.34,   600.55
725.70,   218.19,   725.52
727.02,   347.44,   477.70
727.83,   345.29,   602.68
728.64,   343.13,   727.66
729.95,   472.39,   479.83
730.76,   470.23,   604.81
731.57,   468.08,   729.79
849.05,   219.57,   474.71
849.86,   217.42,   599.69
850.66,   215.27,   724.67
851.98,   344.52,   476.84
852.79,   342.37,   601.82
853.60,   340.21,   726.80
854.92,   469.46,   478.97
855.73,   467.31,   603.95
856.53,   465.16,   728.93
601.13,   224.16,   600.51
604.70,   226.59,   725.43
608.26,   229.03,   850.36
599.01,   349.12,   598.13
602.58,   351.55,   723.06
606.14,   353.98,   847.98
596.90,   474.08,   595.76
600.46,   476.51,   720.68
604.02,   478.94,   845.61
726.06,   226.21,   596.90
729.63,   228.64,   721.83
733.19,   231.07,   846.75
723.95,   351.17,   594.53
727.51,   353.60,   719.45
731.07,   356.03,   844.38
721.83,   476.13,   592.16
725.39,   478.56,   717.08
728.95,   480.99,   842.01
850.99,   228.26,   593.30
854.56,   230.69,   718.23
858.12,   233.12,   843.15
848.88,   353.22,   590.93
852.44,   355.65,   715.85
856.00,   358.08,   840.78
846.76,   478.17,   588.55
850.32,   480.61,   713.48
853.89,   483.04,   838.40
601.52,   349.79,   101.01
598.75,   352.99,   225.94
595.97,   356.19,   350.86
603.90,   474.72,   97.86
601.13,   477.93,   222.79
598.36,   481.13,   347.72
606.29,   599.66,   94.71
603.52,   602.86,   219.64
600.75,   606.06,   344.57
726.46,   347.47,   103.84
723.69,   350.67,   228.77
720.92,   353.87,   353.70
728.85,   472.41,   100.69
726.08,   475.61,   225.62
723.31,   478.81,   350.55
731.24,   597.35,   97.54
728.46,   600.55,   222.47
725.69,   603.75,   347.40
851.41,   345.16,   106.67
848.64,   348.36,   231.60
845.87,   351.56,   356.53
853.80,   470.09,   103.52
851.03,   473.29,   228.45
848.25,   476.50,   353.38
856.18,   595.03,   100.38
853.41,   598.23,   225.30
850.64,   601.43,   350.23
601.47,   349.09,   225.17
603.86,   350.72,   350.14
606.26,   352.35,   475.11
598.62,   474.05,   223.60
601.01,   475.68,   348.57
603.41,   477.30,   473.53
595.76,   599.01,   222.03
598.16,   600.63,   347.00
600.55,   602.26,   471.96
726.41,   351.92,   222.74
728.81,   353.54,   347.71
731.20,   355.17,   472.67
723.56,   476.87,   221.17
725.96,   478.50,   346.14
728.35,   480.13,   471.10
720.71,   601.83,   219.60
723.10,   603.46,   344.56
725.50,   605.08,   469.53
851.36,   354.74,   220.31
853.75,   356.37,   345.28
856.15,   357.99,   470.24
848.50,   479.70,   218.74
850.90,   481.32,   343.70
853.29,   482.95,   468.67
845.65,   604.65,   217.17
848.05,   606.28,   342.13
850.44,   607.91,   467.10
599.87,   351.63,   350.52
597.60,   348.63,   475.46
595.33,   345.63,   600.40
596.48,   476.55,   353.45
594.21,   473.55,   478.39
591.94,   470.55,   603.34
593.08,   601.47,   356.38
590.81,   598.47,   481.33
588.54,   595.47,   606.27
724.81,   354.97,   352.87
722.53,   351.97,   477.81
720.26,   348.97,   602.75
721.41,   479.89,   355.80
719.14,   476.89,   480.75
716.87,   473.89,   605.69
718.02,   604.81,   358.74
715.75,   601.81,   483.68
713.47,   598.81,   608.62
849.74,   358.31,   355.22
847.47,   355.31,   480.16
845.20,   352.31,   605.11
846.34,   483.23,   358.15
844.07,   480.23,   483.10
841.80,   477.23,   608.04
842.95,   608.14,   361.09
840.68,   605.15,   486.03
838.41,   602.15,   610.97
598.86,   348.91,   475.64
600.21,   349.97,   600.63
601.56,   351.02,   725.62
595.54,   473.86,   474.62
596.89,   474.92,   599.61
598.24,   475.97,   724.60
592.22,   598.81,   473.60
593.57,   599.87,   598.59
594.92,   600.93,   723.58
723.81,   352.22,   474.27
725.16,   353.27,   599.26
726.51,   354.33,   724.24
720.49,   477.17,   473.25
721.84,   478.23,   598.24
723.19,   479.28,   723.22
717.17,   602.12,   472.23
718.52,   603.18,   597.21
719.87,   604.23,   722.20
848.76,   355.53,   472.89
850.11,   356.58,   597.88
851.46,   357.64,   722.87
845.44,   480.48,   471.87
846.79,   481.53,   596.86
848.14,   482.59,   721.85
842.12,   605.43,   470.85
843.47,   606.49,   595.84
844.82,   607.54,   720.83
600.58,   351.24,   598.72
601.33,   348.56,   723.69
602.08,   345.87,   848.66
598.01,   476.18,   601.42
598.76,   473.50,   726.39
599.51,   470.82,   851.36
595.45,   601.13,   604.12
596.20,   598.44,   729.09
596.95,   595.76,   854.06
725.55,   353.82,   598.03
726.30,   351.14,   722.99
727.05,   348.45,   847.96
722.98,   478.76,   600.72
723.74,   476.08,   725.69
724.49,   473.40,   850.66
720.42,   603.71,   603.42
721.17,   601.02,   728.39
721.92,   598.34,   853.36
850.52,   356.40,   597.33
851.27,   353.72,   722.30
852.02,   351.03,   847.27
847.96,   481.34,   600.03
848.71,   478.66,   725.00
849.46,   475.98,   849.97
845.39,   606.29,   602.73
846.14,   603.60,   727.70
846.89,   600.92,   852.67
599.93,   473.71,   99.28
596.24,   472.21,   224.22
592.55,   470.71,   349.16
600.64,   598.70,   100.81
596.95,   597.20,   225.74
593.26,   595.70,   350.68
601.34,   723.69,   102.33
597.65,   722.19,   227.26
593.96,   720.69,   352.20
724.87,   472.96,   102.97
721.18,   471.46,   227.90
717.49,   469.96,   352.84
725.58,   597.95,   104.49
721.89,   596.45,   229.42
718.20,   594.95,   354.36
726.29,   722.94,   106.01
722.60,   721.44,   230.95
718.91,   719.94,   355.88
849.82,   472.21,   106.65
846.13,   470.71,   231.58
842.44,   469.21,   356.52
850.52,   597.20,   108.17
846.83,   595.70,   233.10
843.14,   594.20,   358.04
851.23,   722.19,   109.69
847.54,   720.69,   234.63
843.85,   719.19,   359.56
601.19,   474.27,   223.17
600.28,   474.28,   348.16
599.37,   474.28,   473.16
601.01,   599.27,   223.16
600.10,   599.28,   348.16
599.19,   599.28,   473.15
600.83,   724.27,   223.15
599.92,   724.28,   348.15
599.01,   724.28,   473.15
726.19,   474.45,   224.08
725.28,   474.46,   349.07
724.37,   474.46,   474.07
726.01,   599.45,   224.07
725.10,   599.46,   349.07
724.19,   599.46,   474.07
725.83,   724.45,   224.07
724.92,   724.46,   349.06
724.00,   724.46,   474.06
851.19,   474.64,   224.99
850.28,   474.64,   349.99
849.36,   474.65,   474.98
851.01,   599.64,   224.98
850.09,   599.64,   349.98
849.18,   599.64,   474.98
850.82,   724.64,   224.98
849.91,   724.64,   349.97
849.00,   724.64,   474.97
601.00,   476.26,   350.67
601.41,   473.15,   475.63
601.82,   470.04,   600.59
602.22,   601.21,   353.77
602.63,   598.10,   478.74
603.04,   595.00,   603.70
603.44,   726.17,   356.88
603.85,   723.06,   481.84
604.26,   719.95,   606.80
725.99,   475.05,   350.23
726.40,   471.94,   475.19
726.81,   468.83,   600.15
727.21,   600.00,   353.33
727.62,   596.89,   478.29
728.03,   593.79,   603.25
728.43,   724.96,   356.44
728.84,   721.85,   481.40
729.26,   718.74,   606.36
850.98,   473.84,   349.79
851.40,   470.73,   474.75
851.81,   467.62,   599.71
852.20,   598.79,   352.89
852.62,   595.69,   477.85
853.03,   592.58,   602.81
853.42,   723.75,   355.99
853.84,   720.64,   480.95
854.25,   717.53,   605.91
601.75,   474.35,   476.60
599.37,   476.19,   601.56
597.00,   478.03,   726.52
600.26,   599.33,   474.73
597.88,   601.17,   599.69
595.51,   603.01,   724.66
598.77,   724.31,   472.86
596.39,   726.14,   597.83
594.02,   727.98,   722.79
726.72,   475.88,   478.95
724.34,   477.72,   603.92
721.96,   479.55,   728.88
725.23,   600.85,   477.09
722.85,   602.69,   602.05
720.47,   604.53,   727.01
723.74,   725.83,   475.22
721.36,   727.67,   600.18
718.98,   729.51,   725.15
851.69,   477.40,   481.31
849.31,   479.24,   606.27
846.93,   481.08,   731.24
850.20,   602.38,   479.44
847.82,   604.22,   604.41
845.44,   606.06,   729.37
848.71,   727.36,   477.58
846.33,   729.19,   602.54
843.95,   731.03,   727.50
598.25,   475.60,   598.44
598.70,   476.54,   723.43
599.14,   477.48,   848.43
596.70,   600.59,   597.50
597.15,   601.53,   722.50
597.59,   602.46,   847.50
595.15,   725.57,   596.57
595.59,   726.51,   721.57
596.04,   727.45,   846.56
723.24,   477.15,   597.98
723.69,   478.09,   722.98
724.13,   479.03,   847.97
721.69,   602.14,   597.05
722.13,   603.07,   722.04
722.58,   604.01,   847.04
720.14,   727.12,   596.11
720.58,   728.06,   721.11
721.03,   729.00,   846.11
848.23,   478.70,   597.52
848.68,   479.63,   722.52
849.12,   480.57,   847.51
846.68,   603.68,   596.59
847.12,   604.62,   721.59
847.57,   605.56,   846.58
845.13,   728.67,   595.66
845.57,   729.61,   720.65
846.02,   730.55,   845.65
601.44,   600.77,   101.78
603.03,   597.42,   226.72
604.62,   594.06,   351.67
602.09,   725.73,   105.13
603.67,   722.37,   230.07
605.26,   719.02,   355.02
602.73,   850.68,   108.47
604.32,   847.32,   233.42
605.90,   843.97,   358.36
726.43,   600.17,   100.18
728.02,   596.82,   225.12
729.60,   593.46,   350.07
727.08,   725.13,   103.52
728.66,   721.77,   228.47
730.25,   718.41,   353.41
727.72,   850.08,   106.87
729.30,   846.72,   231.81
730.89,   843.37,   356.76
851.42,   599.57,   98.57
853.01,   596.22,   223.52
854.59,   592.86,   348.46
852.06,   724.52,   101.92
853.65,   721.17,   226.86
855.24,   717.81,   351.81
852.71,   849.48,   105.27
854.29,   846.12,   230.21
855.88,   842.77,   355.16
601.45,   598.41,   225.81
602.14,   601.70,   350.77
602.84,   604.98,   475.72
604.77,   723.32,   222.51
605.46,   726.61,   347.47
606.16,   729.89,   472.42
608.09,   848.24,   219.21
608.78,   851.52,   344.16
609.48,   854.81,   469.12
726.40,   595.08,   225.21
727.10,   598.36,   350.16
727.79,   601.65,   475.11
729.72,   719.99,   221.90
730.42,   723.27,   346.86
731.11,   726.56,   471.81
733.04,   844.90,   218.60
733.74,   848.18,   343.56
734.43,   851.47,   468.51
851.35,   591.74,   224.60
852.05,   595.02,   349.55
852.75,   598.31,   474.51
854.68,   716.65,   221.29
855.37,   719.94,   346.25
856.07,   723.22,   471.20
858.00,   841.56,   217.99
858.69,   844.85,   342.95
859.39,   848.13,   467.90
600.12,   601.82,   351.62
601.19,   604.25,   476.59
602.26,   606.67,   601.56
598.43,   726.79,   349.21
599.50,   729.21,   474.18
600.58,   731.64,   599.15
596.75,   851.75,   346.80
597.82,   854.18,   471.77
598.89,   856.60,   596.74
725.10,   603.48,   350.51
726.17,   605.91,   475.49
727.25,   608.33,   600.46
723.41,   728.45,   348.10
724.49,   730.88,   473.07
725.56,   733.30,   598.05
721.73,   853.42,   345.69
722.80,   855.84,   470.66
723.87,   858.27,   595.64
850.08,   605.15,   349.41
851.16,   607.57,   474.38
852.23,   610.00,   599.35
848.40,   730.11,   347.00
849.47,   732.54,   471.97
850.54,   734.96,   596.94
846.71,   855.08,   344.59
847.79,   857.50,   469.56
848.86,   859.93,   594.53
600.48,   601.12,   473.25
598.56,   600.24,   598.23
596.64,   599.35,   723.22
597.32,   726.07,   474.08
595.41,   725.19,   599.07
593.49,   724.31,   724.05
594.17,   851.03,   474.92
592.25,   850.15,   599.90
590.33,   849.27,   724.88
725.42,   604.26,   475.19
723.51,   603.38,   600.17
721.59,   602.50,   725.15
722.27,   729.21,   476.02
720.35,   728.33,   601.00
718.43,   727.45,   725.99
719.11,   854.17,   476.85
717.20,   853.29,   601.84
715.28,   852.41,   726.82
850.37,   607.40,   477.13
848.45,   606.52,   602.11
846.53,   605.64,   727.09
847.21,   732.36,   477.96
845.30,   731.47,   602.94
843.38,   730.59,   727.92
844.06,   857.31,   478.79
842.14,   856.43,   603.77
840.23,   855.55,   728.76
600.97,   600.43,   599.89
597.87,   599.27,   724.85
594.76,   598.11,   849.81
599.86,   725.42,   601.03
596.75,   724.26,   725.98
593.65,   723.10,   850.94
598.74,   850.41,   602.16
595.64,   849.25,   727.12
592.54,   848.09,   852.07
725.93,   601.51,   603.01
722.82,   600.36,   727.96
719.72,   599.20,   852.92
724.81,   726.50,   604.14
721.71,   725.35,   729.10
718.61,   724.19,   854.05
723.70,   851.49,   605.27
720.60,   850.33,   730.23
717.49,   849.18,   855.18
850.88,   602.60,   606.12
847.78,   601.44,   731.07
844.68,   600.28,   856.03
849.77,   727.59,   607.25
846.67,   726.43,   732.21
843.56,   725.27,   857.16
848.66,   852.58,   608.38
845.55,   851.42,   733.34
842.45,   850.26,   858.30
