27, 125, pa2-unknown-i-output-1.txt
207.07,   204.84,   195.20
407.99,   386.12,   202.31
98.88,   101.23,   101.12
97.04,   102.57,   226.10
95.20,   103.91,   351.08
95.18,   226.16,   99.73
93.34,   227.50,   224.71
91.50,   228.84,   349.69
91.48,   351.10,   98.33
89.64,   352.44,   223.31
87.80,   353.78,   348.29
223.81,   104.95,   102.92
221.97,   106.29,   227.90
220.14,   107.63,   352.88
220.11,   229.88,   101.52
218.27,   231.22,   226.50
216.44,   232.57,   351.48
216.41,   354.82,   100.13
214.57,   356.16,   225.11
212.74,   357.50,   350.09
348.74,   108.67,   104.72
346.90,   110.01,   229.69
345.07,   111.35,   354.67
345.04,   233.60,   103.32
343.20,   234.94,   228.30
341.37,   236.29,   353.28
341.34,   358.54,   101.92
339.50,   359.88,   226.90
337.67,   361.22,   351.88
101.17,   98.95,   224.40
104.00,   99.13,   349.36
106.84,   99.30,   474.33
104.86,   223.90,   224.14
107.70,   224.07,   349.11
110.53,   224.25,   474.07
108.56,   348.84,   223.88
111.39,   349.02,   348.85
114.23,   349.19,   473.81
226.08,   95.25,   221.57
228.92,   95.43,   346.54
231.75,   95.60,   471.50
229.78,   220.20,   221.31
232.61,   220.37,   346.28
235.45,   220.55,   471.24
233.47,   345.14,   221.05
236.31,   345.32,   346.02
239.14,   345.49,   470.99
350.99,   91.55,   218.74
353.83,   91.73,   343.71
356.66,   91.90,   468.68
354.69,   216.50,   218.48
357.52,   216.67,   343.45
360.36,   216.85,   468.42
358.39,   341.44,   218.22
361.22,   341.62,   343.19
364.06,   341.79,   468.16
99.91,   99.86,   350.86
101.00,   97.85,   475.84
102.09,   95.84,   600.82
102.13,   224.82,   352.85
103.22,   222.81,   477.83
104.31,   220.80,   602.81
104.35,   349.79,   354.84
105.44,   347.78,   479.82
106.53,   345.77,   604.80
224.89,   97.65,   349.74
225.98,   95.64,   474.72
227.06,   93.63,   599.70
227.11,   222.62,   351.73
228.20,   220.61,   476.71
229.29,   218.60,   601.69
229.33,   347.58,   353.72
230.42,   345.57,   478.70
231.51,   343.56,   603.68
349.86,   95.45,   348.61
350.95,   93.44,   473.59
352.04,   91.43,   598.57
352.08,   220.41,   350.60
353.17,   218.40,   475.58
354.26,   216.39,   600.56
354.31,   345.38,   352.60
355.39,   343.37,   477.57
356.48,   341.36,   602.55
99.66,   99.87,   475.49
96.85,   102.82,   600.43
94.05,   105.76,   725.36
98.39,   224.83,   472.52
95.58,   227.78,   597.46
92.78,   230.72,   722.39
97.12,   349.79,   469.55
94.31,   352.73,   594.48
91.51,   355.68,   719.42
224.62,   101.21,   478.27
221.82,   104.15,   603.20
219.01,   107.10,   728.14
223.35,   226.17,   475.30
220.55,   229.11,   600.23
217.74,   232.05,   725.17
222.08,   351.13,   472.33
219.28,   354.07,   597.26
216.47,   357.01,   722.19
349.58,   102.55,   481.05
346.78,   105.49,   605.98
343.97,   108.43,   730.91
348.31,   227.50,   478.07
345.51,   230.45,   603.01
342.70,   233.39,   727.94
347.04,   352.46,   475.10
344.24,   355.41,   600.04
341.43,   358.35,   724.97
100.06,   99.60,   600.06
102.14,   102.69,   725.01
104.23,   105.79,   849.95
98.19,   224.55,   597.00
100.28,   227.64,   721.94
102.36,   230.74,   846.89
96.33,   349.49,   593.94
98.41,   352.59,   718.88
100.50,   355.68,   843.82
225.03,   101.41,   597.93
227.11,   104.51,   722.88
229.20,   107.60,   847.82
223.16,   226.36,   594.87
225.25,   229.45,   719.81
227.33,   232.55,   844.76
221.30,   351.31,   591.81
223.38,   354.40,   716.75
225.47,   357.50,   841.69
350.00,   103.22,   595.80
352.08,   106.32,   720.75
354.17,   109.41,   845.69
348.13,   228.17,   592.74
350.22,   231.27,   717.68
352.30,   234.36,   842.63
346.27,   353.12,   589.68
348.35,   356.22,   714.62
350.43,   359.31,   839.56
99.90,   225.69,   99.60
102.94,   229.01,   224.52
105.97,   232.32,   349.43
98.47,   350.64,   96.32
101.51,   353.96,   221.23
104.54,   357.27,   346.15
97.04,   475.59,   93.03
100.07,   478.91,   217.95
103.11,   482.22,   342.87
224.86,   227.04,   96.52
227.89,   230.36,   221.44
230.93,   233.67,   346.36
223.42,   351.99,   93.24
226.46,   355.31,   218.16
229.50,   358.62,   343.08
221.99,   476.94,   89.96
225.03,   480.26,   214.88
228.07,   483.57,   339.80
349.81,   228.39,   93.45
352.85,   231.71,   218.37
355.88,   235.02,   343.29
348.38,   353.34,   90.17
351.42,   356.66,   215.09
354.45,   359.97,   340.01
346.95,   478.29,   86.89
349.98,   481.61,   211.81
353.02,   484.92,   336.73
99.46,   224.45,   223.21
96.07,   223.10,   348.16
92.69,   221.75,   473.11
100.59,   349.44,   224.59
97.20,   348.09,   349.54
93.82,   346.74,   474.49
101.72,   474.43,   225.97
98.33,   473.08,   350.92
94.95,   471.73,   475.86
224.41,   223.29,   226.58
221.02,   221.94,   351.53
217.64,   220.59,   476.48
225.54,   348.27,   227.96
222.15,   346.92,   352.91
218.77,   345.57,   477.86
226.67,   473.26,   229.34
223.28,   471.91,   354.29
219.90,   470.56,   479.24
349.36,   222.12,   229.96
345.97,   220.77,   354.90
342.59,   219.42,   479.85
350.49,   347.11,   231.34
347.10,   345.76,   356.28
343.72,   344.41,   481.23
351.62,   472.09,   232.72
348.23,   470.74,   357.66
344.85,   469.40,   482.61
98.89,   225.44,   351.23
100.67,   226.90,   476.21
102.44,   228.37,   601.18
101.30,   350.41,   349.73
103.07,   351.87,   474.71
104.85,   353.34,   599.69
103.70,   475.37,   348.23
105.48,   476.84,   473.21
107.26,   478.30,   598.19
223.86,   223.01,   349.48
225.63,   224.48,   474.46
227.41,   225.94,   599.44
226.26,   347.98,   347.98
228.04,   349.45,   472.96
229.81,   350.91,   597.94
228.67,   472.95,   346.48
230.44,   474.41,   471.46
232.22,   475.88,   596.44
348.82,   220.59,   347.73
350.60,   222.05,   472.71
352.37,   223.52,   597.69
351.23,   345.55,   346.23
353.00,   347.02,   471.21
354.78,   348.48,   596.19
353.63,   470.52,   344.73
355.41,   471.99,   469.71
357.18,   473.45,   594.69
98.38,   223.38,   476.77
100.33,   224.09,   601.75
102.27,   224.81,   726.73
95.50,   348.34,   476.10
97.44,   349.06,   601.08
99.39,   349.77,   726.06
92.61,   473.31,   475.43
94.56,   474.02,   600.41
96.50,   474.74,   725.40
223.33,   226.25,   474.80
225.28,   226.97,   599.79
227.22,   227.68,   724.77
220.45,   351.22,   474.14
222.39,   351.93,   599.12
224.34,   352.64,   724.10
217.56,   476.18,   473.47
219.51,   476.90,   598.45
221.45,   477.61,   723.43
348.28,   229.13,   472.84
350.23,   229.84,   597.83
352.18,   230.55,   722.81
345.40,   354.09,   472.17
347.34,   354.81,   597.16
349.29,   355.52,   722.14
342.51,   479.06,   471.51
344.46,   479.77,   596.49
346.41,   480.48,   721.47
101.21,   226.62,   598.66
98.47,   224.73,   723.61
95.74,   222.84,   848.57
103.85,   351.58,   600.61
101.11,   349.69,   725.56
98.37,   347.80,   850.52
106.48,   476.54,   602.55
103.74,   474.64,   727.51
101.01,   472.75,   852.46
226.15,   223.94,   601.35
223.42,   222.05,   726.31
220.68,   220.16,   851.27
228.79,   348.90,   603.30
226.05,   347.01,   728.26
223.31,   345.12,   853.21
231.42,   473.86,   605.25
228.69,   471.97,   730.21
225.95,   470.08,   855.16
351.10,   221.27,   604.05
348.36,   219.38,   729.01
345.62,   217.49,   853.96
353.73,   346.23,   606.00
350.99,   344.33,   730.95
348.25,   342.44,   855.91
356.37,   471.18,   607.95
353.63,   469.29,   732.90
350.89,   467.40,   857.86
101.93,   350.31,   100.52
99.69,   349.96,   225.50
97.45,   349.62,   350.47
98.24,   475.26,   100.80
96.00,   474.91,   225.78
93.76,   474.56,   350.76
94.55,   600.20,   101.08
92.31,   599.85,   226.06
90.07,   599.51,   351.04
226.86,   354.00,   102.77
224.62,   353.65,   227.74
222.38,   353.30,   352.72
223.16,   478.94,   103.05
220.92,   478.60,   228.03
218.68,   478.25,   353.01
219.47,   603.89,   103.33
217.23,   603.54,   228.31
214.99,   603.19,   353.29
351.78,   357.69,   105.01
349.54,   357.34,   229.99
347.30,   356.99,   354.97
348.09,   482.63,   105.30
345.85,   482.28,   230.28
343.61,   481.93,   355.26
344.40,   607.58,   105.58
342.16,   607.23,   230.56
339.92,   606.88,   355.54
100.70,   350.18,   225.70
102.16,   349.17,   350.69
103.63,   348.16,   475.68
100.17,   475.18,   226.72
101.63,   474.17,   351.71
103.10,   473.16,   476.69
99.64,   600.17,   227.73
101.11,   599.16,   352.72
102.57,   598.15,   477.71
225.69,   350.72,   224.24
227.15,   349.71,   349.23
228.62,   348.70,   474.22
225.16,   475.72,   225.26
226.62,   474.71,   350.24
228.09,   473.70,   475.23
224.63,   600.71,   226.27
226.10,   599.70,   351.26
227.56,   598.69,   476.25
350.68,   351.26,   222.78
352.14,   350.25,   347.77
353.61,   349.24,   472.75
350.15,   476.25,   223.79
351.61,   475.25,   348.78
353.08,   474.24,   473.77
349.62,   601.25,   224.81
351.09,   600.24,   349.80
352.55,   599.23,   474.78
98.60,   350.62,   349.77
98.59,   347.92,   474.74
98.58,   345.21,   599.71
98.27,   475.59,   352.47
98.26,   472.89,   477.44
98.25,   470.18,   602.41
97.93,   600.56,   355.18
97.93,   597.86,   480.15
97.92,   595.15,   605.12
223.60,   350.95,   349.78
223.59,   348.25,   474.75
223.58,   345.54,   599.72
223.27,   475.92,   352.49
223.26,   473.22,   477.46
223.25,   470.51,   602.43
222.93,   600.89,   355.19
222.93,   598.19,   480.16
222.92,   595.48,   605.13
348.60,   351.29,   349.80
348.59,   348.58,   474.77
348.58,   345.88,   599.74
348.27,   476.26,   352.50
348.26,   473.55,   477.47
348.25,   470.85,   602.44
347.93,   601.23,   355.21
347.92,   598.52,   480.18
347.92,   595.82,   605.15
98.72,   348.17,   474.69
101.58,   347.14,   599.65
104.45,   346.11,   724.61
97.21,   473.16,   475.75
100.08,   472.12,   600.71
102.94,   471.09,   725.68
95.71,   598.14,   476.82
98.58,   597.11,   601.78
101.44,   596.08,   726.74
223.68,   349.70,   471.83
226.54,   348.67,   596.80
229.41,   347.63,   721.76
222.17,   474.68,   472.90
225.04,   473.65,   597.86
227.90,   472.62,   722.82
220.67,   599.67,   473.96
223.53,   598.64,   598.93
226.40,   597.61,   723.89
348.63,   351.22,   468.98
351.50,   350.19,   593.94
354.36,   349.16,   718.91
347.13,   476.21,   470.05
350.00,   475.18,   595.01
352.86,   474.15,   719.97
345.63,   601.20,   471.11
348.49,   600.17,   596.07
351.36,   599.14,   721.04
101.27,   349.39,   598.56
98.64,   346.19,   723.49
96.02,   342.99,   848.43
99.99,   474.34,   601.74
97.36,   471.14,   726.67
94.74,   467.94,   851.60
98.71,   599.30,   604.92
96.08,   596.10,   729.85
93.46,   592.89,   854.78
226.23,   350.60,   601.22
223.61,   347.40,   726.15
220.98,   344.20,   851.08
224.95,   475.56,   604.40
222.33,   472.36,   729.33
219.70,   469.15,   854.26
223.67,   600.51,   607.57
221.05,   597.31,   732.50
218.42,   594.11,   857.44
351.20,   351.82,   603.88
348.57,   348.62,   728.81
345.95,   345.41,   853.74
349.92,   476.77,   607.05
347.29,   473.57,   731.98
344.67,   470.37,   856.92
348.64,   601.72,   610.23
346.01,   598.52,   735.16
343.39,   595.32,   860.09
101.97,   474.08,   100.35
99.71,   476.80,   225.30
97.45,   479.52,   350.25
101.42,   599.05,   97.62
99.16,   601.77,   222.57
96.90,   604.48,   347.52
100.87,   724.02,   94.89
98.62,   726.74,   219.84
96.36,   729.45,   344.79
226.94,   474.67,   102.59
224.68,   477.39,   227.54
222.43,   480.11,   352.49
226.40,   599.64,   99.86
224.14,   602.36,   224.81
221.88,   605.08,   349.76
225.85,   724.61,   97.14
223.59,   727.33,   222.09
221.34,   730.05,   347.04
351.92,   475.27,   104.84
349.66,   477.99,   229.79
347.40,   480.70,   354.74
351.38,   600.24,   102.11
349.12,   602.95,   227.06
346.86,   605.67,   352.01
350.83,   725.21,   99.38
348.57,   727.92,   224.33
346.31,   730.64,   349.28
100.85,   476.02,   223.50
98.57,   474.64,   348.47
96.30,   473.25,   473.44
98.66,   601.00,   224.85
96.39,   599.61,   349.82
94.11,   598.22,   474.79
96.48,   725.97,   226.19
94.20,   724.58,   351.16
91.93,   723.20,   476.14
225.81,   478.18,   225.80
223.53,   476.79,   350.77
221.26,   475.41,   475.74
223.62,   603.16,   227.14
221.35,   601.77,   352.12
219.07,   600.38,   477.09
221.44,   728.13,   228.49
219.16,   726.74,   353.46
216.89,   725.36,   478.43
350.77,   480.34,   228.10
348.49,   478.95,   353.07
346.22,   477.57,   478.04
348.58,   605.31,   229.44
346.31,   603.93,   354.41
344.03,   602.54,   479.39
346.40,   730.29,   230.79
344.13,   728.90,   355.76
341.85,   727.51,   480.73
101.99,   474.30,   350.08
103.60,   475.80,   475.06
105.20,   477.29,   600.04
103.38,   599.28,   348.56
104.98,   600.78,   473.54
106.59,   602.28,   598.52
104.76,   724.26,   347.05
106.36,   725.76,   472.03
107.97,   727.26,   597.01
226.98,   472.90,   348.49
228.58,   474.39,   473.47
230.19,   475.89,   598.45
228.36,   597.88,   346.97
229.96,   599.38,   471.95
231.57,   600.88,   596.94
229.74,   722.86,   345.46
231.34,   724.36,   470.44
232.95,   725.86,   595.42
351.96,   471.50,   346.90
353.56,   472.99,   471.88
355.17,   474.49,   596.86
353.34,   596.48,   345.39
354.94,   597.98,   470.37
356.55,   599.48,   595.35
354.72,   721.46,   343.87
356.33,   722.96,   468.85
357.93,   724.46,   593.83
99.05,   473.84,   476.85
100.16,   471.46,   601.83
101.27,   469.09,   726.80
95.69,   598.77,   479.26
96.81,   596.40,   604.23
97.92,   594.02,   729.21
92.34,   723.70,   481.67
93.45,   721.33,   606.64
94.57,   718.95,   731.61
224.00,   477.22,   475.81
225.11,   474.84,   600.78
226.22,   472.46,   725.75
220.64,   602.15,   478.21
221.76,   599.77,   603.18
222.87,   597.39,   728.16
217.29,   727.08,   480.62
218.40,   724.70,   605.59
219.52,   722.33,   730.56
348.95,   480.59,   474.76
350.06,   478.21,   599.73
351.17,   475.84,   724.70
345.59,   605.52,   477.16
346.71,   603.14,   602.14
347.82,   600.77,   727.11
342.24,   730.45,   479.57
343.35,   728.08,   604.54
344.47,   725.70,   729.51
100.00,   475.37,   601.72
99.05,   476.34,   726.71
98.09,   477.31,   851.70
98.14,   600.35,   600.73
97.18,   601.32,   725.73
96.23,   602.29,   850.72
96.28,   725.33,   599.75
95.32,   726.30,   724.74
94.37,   727.27,   849.74
224.98,   477.24,   602.66
224.03,   478.21,   727.65
223.07,   479.18,   852.64
223.12,   602.22,   601.67
222.17,   603.19,   726.67
221.21,   604.16,   851.66
221.26,   727.20,   600.69
220.31,   728.17,   725.68
219.35,   729.14,   850.68
349.97,   479.11,   603.60
349.01,   480.08,   728.59
348.06,   481.05,   853.58
348.10,   604.09,   602.61
347.15,   605.06,   727.61
346.19,   606.03,   852.60
346.24,   729.07,   601.63
345.29,   730.04,   726.62
344.33,   731.01,   851.62
102.00,   600.71,   98.13
101.16,   597.94,   223.10
100.32,   595.17,   348.07
98.46,   725.63,   100.87
97.62,   722.86,   225.84
96.78,   720.09,   350.81
94.92,   850.55,   103.61
94.08,   847.78,   228.58
93.24,   845.01,   353.55
226.95,   604.23,   99.05
226.11,   601.46,   224.02
225.27,   598.69,   348.98
223.41,   729.15,   101.79
222.57,   726.38,   226.76
221.73,   723.61,   351.72
219.87,   854.07,   104.53
219.03,   851.30,   229.50
218.19,   848.53,   354.47
351.90,   607.75,   99.97
351.06,   604.98,   224.94
350.22,   602.21,   349.90
348.36,   732.67,   102.71
347.52,   729.90,   227.68
346.68,   727.13,   352.64
344.82,   857.59,   105.45
343.98,   854.82,   230.42
343.14,   852.05,   355.38
99.33,   599.13,   223.34
98.75,   598.82,   348.34
98.17,   598.51,   473.33
97.88,   724.13,   223.65
97.30,   723.81,   348.64
96.72,   723.50,   473.64
96.43,   849.12,   223.95
95.85,   848.80,   348.95
95.27,   848.49,   473.95
224.32,   600.59,   223.92
223.74,   600.27,   348.92
223.16,   599.96,   473.92
222.87,   725.58,   224.23
222.29,   725.26,   349.23
221.71,   724.95,   474.23
221.42,   850.57,   224.54
220.84,   850.25,   349.54
220.26,   849.94,   474.53
349.31,   602.04,   224.51
348.73,   601.72,   349.50
348.15,   601.41,   474.50
347.86,   727.03,   224.81
347.28,   726.71,   349.81
346.70,   726.40,   474.81
346.41,   852.02,   225.12
345.83,   851.70,   350.12
345.25,   851.39,   475.12
99.06,   598.73,   350.83
100.13,   597.64,   475.83
101.20,   596.56,   600.82
100.91,   723.71,   351.90
101.98,   722.63,   476.90
103.05,   721.54,   601.89
102.77,   848.69,   352.97
103.83,   847.61,   477.97
104.90,   846.52,   602.96
224.05,   596.89,   349.75
225.11,   595.80,   474.74
226.18,   594.72,   599.73
225.90,   721.87,   350.82
226.96,   720.78,   475.81
228.03,   719.70,   600.80
227.75,   846.85,   351.89
228.82,   845.77,   476.88
229.88,   844.68,   601.87
349.03,   595.05,   348.67
350.09,   593.96,   473.66
351.16,   592.87,   598.65
350.88,   720.03,   349.74
351.95,   718.94,   474.73
353.01,   717.86,   599.72
352.73,   845.01,   350.81
353.80,   843.92,   475.80
354.86,   842.84,   600.79
100.30,   599.21,   473.54
103.31,   599.65,   598.50
106.32,   600.09,   723.46
103.03,   724.18,   473.03
106.04,   724.62,   597.99
109.05,   725.06,   722.95
105.76,   849.15,   472.52
108.77,   849.59,   597.48
111.78,   850.03,   722.45
225.23,   596.47,   470.54
228.24,   596.91,   595.50
231.25,   597.35,   720.46
227.96,   721.44,   470.03
230.97,   721.88,   594.99
233.98,   722.32,   719.96
230.69,   846.41,   469.52
233.70,   846.85,   594.49
236.71,   847.29,   719.45
350.17,   593.73,   467.54
353.18,   594.17,   592.50
356.19,   594.61,   717.46
352.90,   718.70,   467.03
355.91,   719.14,   591.99
358.92,   719.58,   716.96
355.63,   843.67,   466.52
358.64,   844.11,   591.49
361.65,   844.55,   716.45
98.83,   598.74,   601.60
96.55,   600.00,   726.58
94.27,   601.26,   851.55
96.82,   723.72,   600.30
94.54,   724.98,   725.28
92.26,   726.24,   850.25
94.80,   848.69,   599.01
92.52,   849.96,   723.98
90.24,   851.22,   848.95
223.80,   600.78,   603.86
221.52,   602.04,   728.84
219.23,   603.30,   853.81
221.78,   725.76,   602.56
219.50,   727.02,   727.54
217.22,   728.28,   852.51
219.76,   850.73,   601.27
217.48,   851.99,   726.24
215.20,   853.26,   851.21
348.76,   602.82,   606.12
346.48,   604.08,   731.10
344.20,   605.34,   856.07
346.74,   727.79,   604.82
344.46,   729.06,   729.80
342.18,   730.32,   854.77
344.73,   852.77,   603.53
342.45,   854.03,   728.50
340.17,   855.30,   853.47
224.54,   100.46,   100.44
223.47,   103.91,   225.39
222.40,   107.37,   350.34
225.69,   225.40,   97.00
224.62,   228.86,   221.94
223.55,   232.31,   346.89
226.84,   350.35,   93.55
225.77,   353.81,   218.50
224.70,   357.26,   343.45
349.53,   99.34,   101.54
348.46,   102.79,   226.49
347.39,   106.25,   351.44
350.68,   224.28,   98.10
349.61,   227.74,   223.05
348.54,   231.20,   347.99
351.83,   349.23,   94.65
350.76,   352.69,   219.60
349.69,   356.14,   344.55
474.52,   98.22,   102.64
473.45,   101.67,   227.59
472.38,   105.13,   352.54
475.67,   223.16,   99.20
474.60,   226.62,   224.15
473.53,   230.08,   349.09
476.82,   348.11,   95.75
475.75,   351.57,   220.70
474.68,   355.02,   345.65
224.20,   101.67,   224.17
224.98,   101.55,   349.17
225.76,   101.43,   474.17
226.68,   226.65,   224.28
227.46,   226.53,   349.28
228.23,   226.40,   474.27
229.16,   351.62,   224.38
229.93,   351.50,   349.38
230.71,   351.38,   474.38
349.18,   99.20,   223.39
349.95,   99.08,   348.39
350.73,   98.95,   473.39
351.65,   224.17,   223.50
352.43,   224.05,   348.50
353.21,   223.93,   473.49
354.13,   349.15,   223.61
354.91,   349.03,   348.60
355.68,   348.90,   473.60
474.15,   96.72,   222.61
474.93,   96.60,   347.61
475.70,   96.48,   472.61
476.63,   221.70,   222.72
477.40,   221.57,   347.72
478.18,   221.45,   472.72
479.10,   346.67,   222.83
479.88,   346.55,   347.83
480.66,   346.43,   472.82
226.32,   99.13,   349.14
228.37,   98.03,   474.12
230.41,   96.94,   599.10
225.12,   224.12,   350.26
227.16,   223.02,   475.23
229.20,   221.93,   600.21
223.91,   349.11,   351.37
225.95,   348.01,   476.35
228.00,   346.92,   601.33
351.30,   100.35,   347.11
353.34,   99.26,   472.09
355.39,   98.16,   597.07
350.09,   225.34,   348.22
352.14,   224.25,   473.20
354.18,   223.15,   598.18
348.89,   350.33,   349.34
350.93,   349.24,   474.31
352.98,   348.14,   599.29
476.28,   101.57,   345.08
478.32,   100.48,   470.05
480.37,   99.39,   595.03
475.07,   226.56,   346.19
477.12,   225.47,   471.17
479.16,   224.38,   596.15
473.87,   351.55,   347.30
475.91,   350.46,   472.28
477.95,   349.37,   597.26
223.94,   101.89,   473.33
221.19,   102.82,   598.29
218.43,   103.75,   723.26
226.40,   226.86,   472.45
223.64,   227.79,   597.42
220.89,   228.72,   722.38
228.86,   351.83,   471.57
226.10,   352.76,   596.54
223.35,   353.69,   721.51
348.89,   99.45,   476.10
346.13,   100.38,   601.07
343.38,   101.31,   726.03
351.34,   224.42,   475.22
348.59,   225.35,   600.19
345.84,   226.28,   725.15
353.80,   349.39,   474.35
351.05,   350.33,   599.31
348.29,   351.26,   724.28
473.83,   97.01,   478.87
471.08,   97.94,   603.84
468.32,   98.87,   728.80
476.29,   221.99,   477.99
473.54,   222.92,   602.96
470.78,   223.85,   727.93
478.75,   346.96,   477.12
475.99,   347.89,   602.08
473.24,   348.82,   727.05
224.35,   101.61,   600.21
224.20,   105.36,   725.16
224.06,   109.11,   850.10
224.38,   226.56,   596.47
224.23,   230.31,   721.41
224.09,   234.05,   846.35
224.41,   351.50,   592.72
224.26,   355.25,   717.66
224.12,   359.00,   842.61
349.35,   101.59,   600.36
349.20,   105.34,   725.31
349.06,   109.08,   850.25
349.38,   226.53,   596.62
349.23,   230.28,   721.56
349.09,   234.03,   846.50
349.41,   351.48,   592.87
349.26,   355.22,   717.81
349.12,   358.97,   842.76
474.35,   101.56,   600.51
474.20,   105.31,   725.45
474.06,   109.06,   850.40
474.38,   226.51,   596.76
474.23,   230.25,   721.71
474.09,   234.00,   846.65
474.41,   351.45,   593.02
474.26,   355.20,   717.96
474.12,   358.94,   842.90
223.70,   223.88,   100.20
224.35,   223.99,   225.20
225.00,   224.09,   350.20
220.45,   348.83,   100.11
221.10,   348.94,   225.11
221.75,   349.05,   350.10
217.20,   473.79,   100.02
217.85,   473.90,   225.01
218.50,   474.01,   350.01
348.65,   227.13,   99.54
349.30,   227.23,   224.54
349.96,   227.34,   349.54
345.40,   352.08,   99.45
346.05,   352.19,   224.45
346.71,   352.30,   349.45
342.15,   477.04,   99.36
342.80,   477.15,   224.36
343.46,   477.26,   349.36
473.61,   230.38,   98.89
474.26,   230.48,   223.89
474.91,   230.59,   348.88
470.36,   355.33,   98.80
471.01,   355.44,   223.79
471.66,   355.55,   348.79
467.11,   480.29,   98.70
467.76,   480.40,   223.70
468.41,   480.51,   348.70
224.53,   225.20,   224.06
221.57,   227.07,   349.01
218.62,   228.93,   473.96
223.25,   350.18,   222.17
220.29,   352.04,   347.12
217.33,   353.91,   472.07
221.96,   475.16,   220.28
219.01,   477.02,   345.23
216.05,   478.88,   470.18
349.49,   226.53,   227.00
346.53,   228.39,   351.95
343.57,   230.25,   476.90
348.20,   351.51,   225.10
345.25,   353.37,   350.06
342.29,   355.23,   475.01
346.92,   476.49,   223.21
343.97,   478.35,   348.16
341.01,   480.21,   473.11
474.44,   227.86,   229.93
471.49,   229.72,   354.88
468.53,   231.58,   479.83
473.16,   352.84,   228.04
470.21,   354.70,   352.99
467.25,   356.56,   477.94
471.88,   477.82,   226.15
468.92,   479.68,   351.10
465.97,   481.54,   476.05
225.80,   225.50,   349.34
224.29,   227.36,   474.32
222.77,   229.22,   599.29
228.38,   350.46,   347.51
226.87,   352.32,   472.48
225.35,   354.18,   597.46
230.96,   475.42,   345.67
229.45,   477.28,   470.65
227.93,   479.14,   595.63
350.77,   222.94,   350.89
349.25,   224.80,   475.87
347.74,   226.67,   600.85
353.35,   347.90,   349.06
351.83,   349.76,   474.04
350.32,   351.63,   599.01
355.93,   472.86,   347.23
354.41,   474.72,   472.20
352.90,   476.59,   597.18
475.73,   220.38,   352.45
474.22,   222.24,   477.42
472.70,   224.11,   602.40
478.31,   345.34,   350.61
476.80,   347.20,   475.59
475.28,   349.07,   600.57
480.89,   470.30,   348.78
479.38,   472.16,   473.76
477.86,   474.03,   598.73
223.43,   225.12,   476.02
221.80,   222.01,   600.97
220.17,   218.91,   725.92
224.47,   350.08,   479.14
222.84,   346.97,   604.09
221.21,   343.86,   729.05
225.51,   475.03,   482.26
223.88,   471.93,   607.22
222.25,   468.82,   732.17
348.41,   224.04,   477.63
346.78,   220.93,   602.58
345.15,   217.82,   727.53
349.46,   348.99,   480.75
347.82,   345.89,   605.70
346.19,   342.78,   730.65
350.50,   473.95,   483.87
348.87,   470.84,   608.82
347.24,   467.74,   733.77
473.40,   222.95,   479.23
471.77,   219.85,   604.18
470.14,   216.74,   729.13
474.44,   347.91,   482.35
472.81,   344.80,   607.30
471.18,   341.70,   732.25
475.48,   472.87,   485.47
473.85,   469.76,   610.42
472.22,   466.65,   735.37
226.86,   226.38,   598.62
225.62,   226.66,   723.62
224.37,   226.94,   848.61
223.81,   351.34,   598.31
222.57,   351.62,   723.31
221.32,   351.90,   848.30
220.76,   476.30,   598.00
219.52,   476.58,   722.99
218.27,   476.87,   847.99
351.82,   229.43,   599.86
350.57,   229.71,   724.86
349.33,   229.99,   849.85
348.77,   354.39,   599.55
347.52,   354.67,   724.55
346.28,   354.96,   849.54
345.72,   479.36,   599.24
344.47,   479.64,   724.23
343.23,   479.92,   849.23
476.78,   232.48,   601.10
475.53,   232.77,   726.10
474.28,   233.05,   851.09
473.73,   357.45,   600.79
472.48,   357.73,   725.78
471.23,   358.01,   850.78
470.68,   482.41,   600.48
469.43,   482.69,   725.47
468.18,   482.97,   850.47
226.45,   349.90,   99.05
226.85,   346.82,   224.02
227.26,   343.74,   348.98
228.60,   474.84,   102.13
229.01,   471.76,   227.09
229.41,   468.68,   352.05
230.76,   599.78,   105.20
231.16,   596.70,   230.16
231.57,   593.62,   355.12
351.43,   347.75,   98.60
351.84,   344.67,   223.56
352.24,   341.59,   348.52
353.58,   472.70,   101.67
353.99,   469.62,   226.63
354.39,   466.54,   351.59
355.74,   597.64,   104.74
356.14,   594.56,   229.70
356.55,   591.48,   354.66
476.41,   345.61,   98.14
476.82,   342.53,   223.10
477.22,   339.45,   348.06
478.57,   470.55,   101.21
478.97,   467.47,   226.17
479.37,   464.40,   351.13
480.72,   595.50,   104.28
481.12,   592.42,   229.24
481.53,   589.34,   354.21
223.59,   350.68,   226.23
224.48,   350.92,   351.23
225.36,   351.16,   476.22
227.19,   475.63,   225.96
228.07,   475.87,   350.96
228.95,   476.11,   475.96
230.78,   600.57,   225.70
231.66,   600.82,   350.69
232.54,   601.06,   475.69
348.54,   347.08,   225.36
349.42,   347.33,   350.35
350.30,   347.57,   475.35
352.13,   472.03,   225.09
353.01,   472.27,   350.08
353.90,   472.52,   475.08
355.72,   596.98,   224.82
356.61,   597.22,   349.82
357.49,   597.46,   474.81
473.48,   343.49,   224.48
474.37,   343.73,   349.48
475.25,   343.97,   474.47
477.08,   468.44,   224.21
477.96,   468.68,   349.21
478.84,   468.92,   474.21
480.67,   593.38,   223.95
481.55,   593.63,   348.94
482.43,   593.87,   473.94
225.19,   348.68,   348.59
223.19,   349.49,   473.57
221.20,   350.30,   598.55
228.44,   473.63,   347.83
226.44,   474.45,   472.81
224.45,   475.26,   597.79
231.69,   598.59,   347.06
229.69,   599.40,   472.05
227.70,   600.21,   597.03
350.13,   345.44,   350.60
348.13,   346.25,   475.59
346.14,   347.07,   600.57
353.38,   470.39,   349.84
351.38,   471.21,   474.82
349.39,   472.02,   599.81
356.63,   595.35,   349.08
354.63,   596.16,   474.06
352.64,   596.98,   599.04
475.07,   342.20,   352.62
473.08,   343.02,   477.60
471.08,   343.83,   602.58
478.32,   467.16,   351.86
476.33,   467.97,   476.84
474.33,   468.79,   601.82
481.57,   592.11,   351.10
479.58,   592.93,   476.08
477.58,   593.74,   601.06
226.44,   349.02,   473.93
228.81,   351.77,   598.87
231.18,   354.53,   723.82
225.91,   473.99,   471.18
228.28,   476.74,   596.13
230.65,   479.49,   721.08
225.38,   598.96,   468.44
227.75,   601.71,   593.38
230.12,   604.46,   718.33
351.42,   349.49,   471.54
353.79,   352.25,   596.49
356.16,   355.00,   721.44
350.89,   474.46,   468.80
353.26,   477.22,   593.75
355.63,   479.97,   718.69
350.36,   599.43,   466.06
352.73,   602.19,   591.00
355.10,   604.94,   715.95
476.39,   349.97,   469.16
478.76,   352.73,   594.11
481.13,   355.48,   719.06
475.86,   474.94,   466.42
478.23,   477.69,   591.37
480.60,   480.45,   716.31
475.33,   599.91,   463.67
477.70,   602.66,   588.62
480.08,   605.42,   713.57
224.62,   351.63,   599.92
224.17,   354.92,   724.87
223.73,   358.21,   849.83
221.48,   476.54,   596.62
221.04,   479.83,   721.58
220.59,   483.12,   846.53
218.34,   601.46,   593.32
217.90,   604.75,   718.28
217.45,   608.04,   843.23
349.58,   354.78,   600.28
349.13,   358.07,   725.24
348.69,   361.35,   850.19
346.44,   479.69,   596.98
346.00,   482.98,   721.94
345.55,   486.27,   846.89
343.30,   604.61,   593.68
342.86,   607.90,   718.64
342.41,   611.19,   843.59
474.54,   357.93,   600.64
474.09,   361.21,   725.60
473.65,   364.50,   850.55
471.40,   482.84,   597.34
470.96,   486.13,   722.30
470.51,   489.42,   847.26
468.26,   607.76,   594.04
467.82,   611.05,   719.00
467.37,   614.34,   843.96
224.53,   475.96,   99.52
224.90,   474.56,   224.51
225.26,   473.17,   349.50
225.04,   600.95,   100.91
225.41,   599.56,   225.90
225.78,   598.16,   350.90
225.55,   725.94,   102.31
225.92,   724.55,   227.30
226.29,   723.15,   352.29
349.52,   475.45,   99.14
349.89,   474.06,   224.14
350.26,   472.66,   349.13
350.04,   600.44,   100.54
350.41,   599.05,   225.53
350.78,   597.65,   350.52
350.55,   725.43,   101.93
350.92,   724.04,   226.92
351.29,   722.64,   351.91
474.52,   474.94,   98.77
474.89,   473.55,   223.76
475.26,   472.15,   348.75
475.03,   599.93,   100.16
475.40,   598.54,   225.15
475.77,   597.14,   350.14
475.55,   724.92,   101.55
475.92,   723.53,   226.55
476.29,   722.14,   351.54
224.74,   475.70,   224.09
228.14,   473.62,   349.03
231.54,   471.54,   473.97
223.94,   600.68,   226.19
227.33,   598.60,   351.13
230.73,   596.52,   476.07
223.13,   725.66,   228.30
226.53,   723.58,   353.23
229.93,   721.50,   478.17
349.69,   476.56,   220.71
353.09,   474.48,   345.64
356.49,   472.40,   470.58
348.89,   601.54,   222.81
352.28,   599.46,   347.75
355.68,   597.38,   472.68
348.08,   726.52,   224.91
351.48,   724.44,   349.85
354.88,   722.36,   474.79
474.64,   477.42,   217.32
478.04,   475.34,   342.26
481.44,   473.26,   467.20
473.84,   602.40,   219.43
477.24,   600.32,   344.36
480.63,   598.24,   469.30
473.03,   727.38,   221.53
476.43,   725.30,   346.46
479.83,   723.22,   471.40
224.04,   473.42,   350.28
225.60,   469.68,   475.22
227.15,   465.93,   600.15
224.15,   598.36,   354.03
225.71,   594.62,   478.96
227.27,   590.88,   603.90
224.26,   723.31,   357.77
225.82,   719.56,   482.70
227.38,   715.82,   607.64
349.03,   473.36,   348.73
350.59,   469.61,   473.66
352.15,   465.87,   598.59
349.14,   598.30,   352.47
350.70,   594.56,   477.40
352.26,   590.81,   602.34
349.25,   723.24,   356.21
350.81,   719.50,   481.15
352.37,   715.76,   606.08
474.02,   473.29,   347.17
475.58,   469.55,   472.10
477.14,   465.80,   597.04
474.13,   598.24,   350.91
475.69,   594.49,   475.84
477.25,   590.75,   600.78
474.24,   723.18,   354.65
475.80,   719.44,   479.59
477.36,   715.69,   604.52
226.08,   475.64,   473.40
225.08,   474.97,   598.39
224.09,   474.30,   723.38
229.39,   600.59,   474.09
228.40,   599.93,   599.08
227.41,   599.26,   724.08
232.71,   725.55,   474.78
231.72,   724.88,   599.78
230.73,   724.21,   724.77
351.03,   472.32,   474.37
350.04,   471.65,   599.36
349.04,   470.98,   724.36
354.35,   597.27,   475.06
353.35,   596.60,   600.06
352.36,   595.94,   725.05
357.66,   722.22,   475.76
356.67,   721.56,   600.75
355.68,   720.89,   725.75
475.98,   468.99,   475.34
474.99,   468.33,   600.34
474.00,   467.66,   725.33
479.30,   593.95,   476.04
478.31,   593.28,   601.03
477.31,   592.61,   726.03
482.62,   718.90,   476.73
481.62,   718.23,   601.73
480.63,   717.57,   726.72
225.19,   474.58,   598.48
227.73,   477.22,   723.43
230.27,   479.87,   848.37
225.16,   599.55,   595.84
227.70,   602.19,   720.78
230.24,   604.84,   845.73
225.13,   724.52,   593.20
227.67,   727.17,   718.14
230.21,   729.81,   843.09
350.16,   474.55,   595.94
352.70,   477.20,   720.89
355.24,   479.84,   845.83
350.13,   599.53,   593.30
352.67,   602.17,   718.24
355.21,   604.81,   843.19
350.10,   724.50,   590.65
352.64,   727.14,   715.60
355.18,   729.78,   840.55
475.13,   474.53,   593.40
477.67,   477.17,   718.35
480.21,   479.81,   843.29
475.11,   599.50,   590.76
477.65,   602.14,   715.70
480.19,   604.79,   840.65
475.08,   724.47,   588.11
477.62,   727.12,   713.06
480.16,   729.76,   838.01
223.86,   599.07,   99.13
222.99,   599.91,   224.13
222.12,   600.75,   349.12
221.38,   724.04,   98.27
220.50,   724.88,   223.27
219.63,   725.72,   348.26
218.89,   849.01,   97.41
218.01,   849.85,   222.41
217.14,   850.69,   347.40
348.84,   601.56,   99.99
347.96,   602.40,   224.98
347.09,   603.24,   349.98
346.35,   726.53,   99.13
345.47,   727.37,   224.12
344.60,   728.22,   349.12
343.86,   851.51,   98.27
342.98,   852.35,   223.27
342.11,   853.19,   348.26
473.81,   604.06,   100.85
472.93,   604.90,   225.84
472.06,   605.74,   350.83
471.32,   729.03,   99.99
470.45,   729.87,   224.98
469.57,   730.71,   349.98
468.83,   854.00,   99.13
467.96,   854.84,   224.12
467.08,   855.68,   349.12
226.09,   599.54,   223.58
224.54,   600.44,   348.57
222.99,   601.34,   473.56
222.96,   724.50,   222.64
221.42,   725.40,   347.63
219.87,   726.30,   472.62
219.84,   849.45,   221.70
218.29,   850.35,   346.69
216.74,   851.26,   471.68
351.04,   602.67,   225.11
349.49,   603.58,   350.09
347.94,   604.48,   475.08
347.91,   727.63,   224.17
346.37,   728.53,   349.15
344.82,   729.43,   474.14
344.79,   852.59,   223.23
343.24,   853.49,   348.22
341.70,   854.39,   473.20
475.99,   605.81,   226.63
474.44,   606.71,   351.62
472.89,   607.61,   476.61
472.87,   730.77,   225.69
471.32,   731.67,   350.68
469.77,   732.57,   475.67
469.74,   855.72,   224.75
468.19,   856.63,   349.74
466.65,   857.53,   474.73
226.74,   599.93,   349.23
227.25,   598.77,   474.23
227.76,   597.60,   599.22
225.58,   724.92,   350.40
226.08,   723.76,   475.40
226.59,   722.59,   600.39
224.41,   849.91,   351.58
224.92,   848.74,   476.57
225.42,   847.58,   601.56
351.74,   601.10,   348.74
352.24,   599.94,   473.73
352.75,   598.77,   598.72
350.57,   726.09,   349.91
351.08,   724.93,   474.90
351.58,   723.76,   599.90
349.41,   851.08,   351.08
349.91,   849.91,   476.07
350.42,   848.75,   601.07
476.73,   602.27,   348.24
477.24,   601.11,   473.24
477.74,   599.94,   598.23
475.57,   727.26,   349.41
476.07,   726.10,   474.41
476.58,   724.93,   599.40
474.40,   852.25,   350.59
474.91,   851.09,   475.58
475.41,   849.92,   600.57
226.87,   599.82,   476.20
226.61,   603.04,   601.16
226.35,   606.26,   726.12
225.50,   724.77,   472.98
225.24,   727.99,   597.94
224.98,   731.22,   722.89
224.13,   849.72,   469.75
223.87,   852.94,   594.71
223.61,   856.17,   719.67
351.86,   601.19,   476.43
351.60,   604.42,   601.38
351.34,   607.64,   726.34
350.49,   726.14,   473.20
350.23,   729.37,   598.16
349.97,   732.59,   723.12
349.12,   851.10,   469.97
348.86,   854.32,   594.93
348.60,   857.54,   719.89
476.85,   602.57,   476.65
476.59,   605.80,   601.61
476.34,   609.02,   726.56
475.48,   727.52,   473.42
475.22,   730.75,   598.38
474.97,   733.97,   723.34
474.11,   852.47,   470.20
473.85,   855.70,   595.15
473.59,   858.92,   720.11
223.00,   600.95,   598.55
223.45,   599.06,   723.53
223.90,   597.18,   848.52
225.76,   725.91,   600.42
226.21,   724.02,   725.41
226.66,   722.13,   850.39
228.53,   850.86,   602.30
228.98,   848.97,   727.28
229.43,   847.09,   852.27
347.97,   598.19,   598.05
348.42,   596.31,   723.04
348.87,   594.42,   848.02
350.73,   723.15,   599.93
351.18,   721.26,   724.92
351.63,   719.38,   849.90
353.50,   848.10,   601.81
353.95,   846.22,   726.79
354.40,   844.33,   851.78
472.94,   595.44,   597.56
473.39,   593.55,   722.55
473.84,   591.66,   847.53
475.70,   720.39,   599.44
476.15,   718.50,   724.42
476.60,   716.62,   849.41
478.46,   845.35,   601.31
478.92,   843.46,   726.30
479.37,   841.57,   851.28
349.23,   101.43,   101.12
351.79,   102.65,   226.09
354.35,   103.87,   351.06
351.89,   226.39,   99.85
354.45,   227.61,   224.82
357.01,   228.83,   349.79
354.55,   351.36,   98.58
357.10,   352.58,   223.55
359.66,   353.80,   348.51
474.18,   98.75,   98.59
476.74,   99.97,   223.56
479.30,   101.18,   348.53
476.84,   223.71,   97.32
479.39,   224.93,   222.29
481.95,   226.15,   347.25
479.49,   348.68,   96.05
482.05,   349.90,   221.01
484.61,   351.11,   345.98
599.13,   96.07,   96.06
601.68,   97.29,   221.03
604.24,   98.50,   345.99
601.78,   221.03,   94.79
604.34,   222.25,   219.75
606.90,   223.47,   344.72
604.44,   346.00,   93.51
607.00,   347.22,   218.48
609.55,   348.43,   343.45
349.94,   99.31,   225.31
352.18,   96.83,   350.27
354.42,   94.34,   475.22
349.39,   224.28,   227.81
351.63,   221.80,   352.76
353.88,   219.31,   477.72
348.84,   349.26,   230.30
351.09,   346.77,   355.26
353.33,   344.29,   480.21
474.92,   99.90,   223.08
477.16,   97.42,   348.04
479.40,   94.93,   472.99
474.37,   224.87,   225.58
476.61,   222.39,   350.53
478.85,   219.91,   475.49
473.82,   349.85,   228.07
476.07,   347.36,   353.03
478.31,   344.88,   477.98
599.89,   100.49,   220.85
602.14,   98.01,   345.81
604.38,   95.52,   470.76
599.35,   225.46,   223.34
601.59,   222.98,   348.30
603.83,   220.50,   473.26
598.80,   350.44,   225.84
601.04,   347.95,   350.79
603.29,   345.47,   475.75
348.43,   100.91,   351.83
348.77,   98.17,   476.80
349.11,   95.42,   601.77
348.05,   225.88,   354.58
348.39,   223.13,   479.55
348.73,   220.39,   604.52
347.67,   350.85,   357.32
348.01,   348.10,   482.29
348.35,   345.36,   607.26
473.43,   101.30,   351.50
473.77,   98.55,   476.47
474.11,   95.81,   601.44
473.05,   226.27,   354.24
473.39,   223.52,   479.21
473.73,   220.78,   604.18
472.66,   351.24,   356.99
473.01,   348.49,   481.96
473.35,   345.75,   606.93
598.43,   101.69,   351.17
598.77,   98.94,   476.14
599.11,   96.20,   601.10
598.05,   226.66,   353.91
598.39,   223.91,   478.88
598.73,   221.17,   603.85
597.66,   351.63,   356.66
598.00,   348.88,   481.63
598.35,   346.14,   606.60
350.93,   99.17,   475.17
350.58,   95.68,   600.12
350.23,   92.19,   725.07
347.48,   224.07,   478.65
347.13,   220.58,   603.60
346.79,   217.09,   728.55
344.04,   348.98,   482.13
343.69,   345.49,   607.08
343.34,   341.99,   732.03
475.88,   102.60,   475.61
475.53,   99.11,   600.56
475.18,   95.62,   725.51
472.43,   227.51,   479.09
472.09,   224.02,   604.04
471.74,   220.52,   728.99
468.99,   352.41,   482.57
468.64,   348.92,   607.52
468.29,   345.43,   732.47
600.83,   106.04,   476.05
600.48,   102.54,   601.01
600.13,   99.05,   725.96
597.39,   230.94,   479.54
597.04,   227.45,   604.49
596.69,   223.96,   729.44
593.94,   355.84,   483.02
593.59,   352.35,   607.97
593.25,   348.86,   732.92
348.26,   98.45,   599.42
346.28,   98.78,   724.41
344.31,   99.12,   849.39
351.03,   223.42,   599.13
349.06,   223.75,   724.11
347.09,   224.09,   849.10
353.81,   348.39,   598.84
351.83,   348.72,   723.82
349.86,   349.05,   848.81
473.21,   95.68,   601.40
471.24,   96.01,   726.39
469.27,   96.35,   851.37
475.99,   220.65,   601.11
474.01,   220.98,   726.09
472.04,   221.32,   851.08
478.76,   345.62,   600.82
476.79,   345.95,   725.80
474.81,   346.29,   850.79
598.17,   92.91,   603.38
596.19,   93.24,   728.37
594.22,   93.58,   853.35
600.94,   217.88,   603.09
598.97,   218.21,   728.07
596.99,   218.55,   853.06
603.71,   342.85,   602.80
601.74,   343.18,   727.78
599.77,   343.52,   852.77
351.30,   226.06,   101.34
353.33,   227.24,   226.32
355.36,   228.41,   351.30
348.36,   351.02,   100.21
350.39,   352.20,   225.19
352.42,   353.37,   350.17
345.43,   475.98,   99.08
347.45,   477.16,   224.06
349.48,   478.33,   349.04
476.25,   228.98,   99.29
478.28,   230.15,   224.27
480.31,   231.33,   349.24
473.31,   353.94,   98.16
475.34,   355.12,   223.14
477.37,   356.29,   348.11
470.37,   478.90,   97.03
472.40,   480.08,   222.01
474.43,   481.25,   346.98
601.20,   231.90,   97.23
603.23,   233.07,   222.21
605.26,   234.25,   347.19
598.26,   356.86,   96.10
600.29,   358.03,   221.08
602.32,   359.21,   346.06
595.32,   481.82,   94.97
597.35,   482.99,   219.95
599.38,   484.17,   344.93
351.15,   224.99,   225.75
352.84,   227.68,   350.71
354.53,   230.38,   475.67
351.01,   349.96,   223.06
352.70,   352.65,   348.02
354.39,   355.35,   472.98
350.87,   474.93,   220.37
352.57,   477.62,   345.33
354.26,   480.32,   470.29
476.13,   225.09,   224.06
477.82,   227.78,   349.02
479.52,   230.48,   473.98
476.00,   350.06,   221.37
477.69,   352.75,   346.33
479.38,   355.45,   471.29
475.86,   475.03,   218.67
477.55,   477.72,   343.63
479.24,   480.42,   468.59
601.12,   225.18,   222.37
602.81,   227.88,   347.33
604.50,   230.58,   472.29
600.99,   350.16,   219.67
602.68,   352.85,   344.63
604.37,   355.55,   469.59
600.85,   475.13,   216.98
602.54,   477.82,   341.94
604.23,   480.52,   466.90
349.47,   223.25,   351.33
348.20,   224.29,   476.32
346.93,   225.33,   601.31
347.27,   348.22,   350.27
346.00,   349.26,   475.26
344.73,   350.30,   600.25
345.06,   473.20,   349.21
343.79,   474.24,   474.20
342.53,   475.28,   599.19
474.44,   225.46,   352.58
473.17,   226.50,   477.57
471.90,   227.54,   602.56
472.24,   350.43,   351.52
470.97,   351.47,   476.51
469.70,   352.51,   601.50
470.04,   475.41,   350.46
468.77,   476.45,   475.45
467.50,   477.49,   600.44
599.41,   227.67,   353.83
598.15,   228.71,   478.82
596.88,   229.75,   603.81
597.21,   352.65,   352.77
595.94,   353.69,   477.76
594.68,   354.73,   602.75
595.01,   477.62,   351.71
593.74,   478.66,   476.70
592.47,   479.70,   601.69
348.99,   225.94,   474.99
346.54,   223.40,   599.94
344.09,   220.86,   724.89
350.52,   350.90,   477.55
348.07,   348.37,   602.50
345.62,   345.83,   727.45
352.05,   475.87,   480.12
349.60,   473.33,   605.07
347.15,   470.79,   730.02
473.96,   224.36,   477.40
471.51,   221.82,   602.35
469.06,   219.29,   727.31
475.49,   349.33,   479.97
473.04,   346.79,   604.92
470.59,   344.25,   729.87
477.01,   474.29,   482.54
474.56,   471.75,   607.49
472.11,   469.22,   732.44
598.93,   222.78,   479.82
596.48,   220.25,   604.77
594.03,   217.71,   729.72
600.45,   347.75,   482.39
598.00,   345.21,   607.34
595.55,   342.68,   732.29
601.98,   472.71,   484.96
599.53,   470.18,   609.91
597.08,   467.64,   734.86
349.02,   224.25,   601.84
350.41,   223.91,   726.83
351.81,   223.57,   851.82
348.87,   349.25,   602.18
350.27,   348.91,   727.17
351.66,   348.57,   852.16
348.72,   474.25,   602.52
350.12,   473.91,   727.51
351.51,   473.57,   852.50
474.01,   224.40,   600.45
475.41,   224.06,   725.44
476.80,   223.73,   850.43
473.87,   349.40,   600.79
475.26,   349.06,   725.78
476.65,   348.72,   850.77
473.72,   474.40,   601.13
475.11,   474.06,   726.12
476.50,   473.72,   851.11
599.01,   224.55,   599.05
600.40,   224.22,   724.05
601.79,   223.88,   849.04
598.86,   349.55,   599.39
600.25,   349.22,   724.39
601.64,   348.88,   849.38
598.71,   474.55,   599.73
600.10,   474.22,   724.73
601.49,   473.88,   849.72
350.51,   350.80,   99.25
352.15,   349.74,   224.23
353.78,   348.68,   349.22
349.97,   475.80,   100.32
351.60,   474.74,   225.30
353.24,   473.67,   350.29
349.43,   600.79,   101.39
351.06,   599.73,   226.37
352.70,   598.67,   351.36
475.50,   351.36,   97.62
477.13,   350.30,   222.60
478.77,   349.23,   347.59
474.96,   476.35,   98.69
476.59,   475.29,   223.67
478.23,   474.23,   348.66
474.42,   601.35,   99.76
476.05,   600.29,   224.74
477.68,   599.22,   349.73
600.49,   351.92,   95.99
602.12,   350.85,   220.97
603.76,   349.79,   345.96
599.95,   476.91,   97.06
601.58,   475.85,   222.04
603.21,   474.78,   347.03
599.41,   601.90,   98.13
601.04,   600.84,   223.11
602.67,   599.78,   348.10
348.71,   351.48,   225.37
347.82,   355.07,   350.31
346.93,   358.65,   475.26
347.10,   476.42,   221.78
346.21,   480.00,   346.72
345.32,   483.59,   471.67
345.50,   601.36,   218.18
344.60,   604.94,   343.13
343.71,   608.52,   468.07
473.70,   353.12,   226.22
472.81,   356.70,   351.16
471.91,   360.28,   476.11
472.09,   478.06,   222.62
471.20,   481.64,   347.57
470.31,   485.22,   472.51
470.48,   602.99,   219.03
469.59,   606.58,   343.97
468.70,   610.16,   468.92
598.69,   354.75,   227.06
597.79,   358.33,   352.01
596.90,   361.91,   476.95
597.08,   479.69,   223.47
596.19,   483.27,   348.41
595.29,   486.85,   473.36
595.47,   604.63,   219.87
594.58,   608.21,   344.82
593.68,   611.79,   469.77
348.22,   351.83,   349.49
346.59,   351.95,   474.48
344.96,   352.08,   599.47
348.98,   476.83,   349.37
347.35,   476.95,   474.36
345.71,   477.07,   599.35
349.74,   601.82,   349.26
348.10,   601.95,   474.25
346.47,   602.07,   599.24
473.21,   351.07,   351.12
471.58,   351.20,   476.11
469.94,   351.32,   601.10
473.97,   476.07,   351.01
472.33,   476.20,   476.00
470.70,   476.32,   600.99
474.72,   601.07,   350.89
473.09,   601.19,   475.88
471.46,   601.32,   600.87
598.20,   350.32,   352.76
596.56,   350.44,   477.75
594.93,   350.57,   602.73
598.95,   475.32,   352.64
597.32,   475.44,   477.63
595.69,   475.56,   602.62
599.71,   600.31,   352.53
598.08,   600.44,   477.52
596.44,   600.56,   602.51
351.01,   349.75,   474.70
354.10,   349.19,   599.66
357.19,   348.64,   724.62
351.67,   474.74,   475.24
354.76,   474.19,   600.20
357.85,   473.63,   725.16
352.33,   599.74,   475.78
355.42,   599.19,   600.74
358.51,   598.63,   725.70
475.97,   349.10,   471.60
479.06,   348.55,   596.56
482.15,   347.99,   721.52
476.63,   474.10,   472.14
479.72,   473.54,   597.10
482.81,   472.99,   722.06
477.29,   599.10,   472.68
480.38,   598.54,   597.64
483.47,   597.98,   722.60
600.93,   348.46,   468.51
604.02,   347.90,   593.47
607.11,   347.34,   718.43
601.59,   473.45,   469.05
604.68,   472.90,   594.01
607.77,   472.34,   718.97
602.25,   598.45,   469.59
605.34,   597.89,   594.55
608.43,   597.34,   719.51
350.17,   350.21,   598.31
349.71,   351.07,   723.30
349.26,   351.92,   848.30
350.98,   475.21,   597.45
350.52,   476.06,   722.45
350.07,   476.92,   847.45
351.79,   600.20,   596.60
351.33,   601.06,   721.60
350.88,   601.91,   846.59
475.17,   349.41,   598.77
474.71,   350.26,   723.76
474.26,   351.12,   848.76
475.97,   474.40,   597.92
475.52,   475.26,   722.91
475.06,   476.11,   847.91
476.78,   599.40,   597.06
476.33,   600.25,   722.06
475.87,   601.11,   847.06
600.16,   348.60,   599.23
599.71,   349.46,   724.23
599.25,   350.31,   849.22
600.97,   473.60,   598.38
600.52,   474.45,   723.37
600.06,   475.31,   848.37
601.78,   598.59,   597.52
601.32,   599.45,   722.52
600.87,   600.30,   847.52
349.40,   473.38,   98.44
351.31,   469.95,   223.37
353.22,   466.51,   348.31
351.65,   598.32,   101.84
353.56,   594.88,   226.77
355.47,   591.45,   351.71
353.90,   723.25,   105.24
355.81,   719.82,   230.17
357.72,   716.38,   355.11
474.36,   471.18,   96.47
476.27,   467.75,   221.40
478.18,   464.32,   346.34
476.61,   596.12,   99.87
478.52,   592.68,   224.80
480.43,   589.25,   349.74
478.87,   721.05,   103.27
480.78,   717.62,   228.20
482.69,   714.18,   353.14
599.33,   468.99,   94.50
601.24,   465.55,   219.43
603.15,   462.12,   344.37
601.58,   593.92,   97.90
603.49,   590.48,   222.83
605.40,   587.05,   347.77
603.83,   718.85,   101.30
605.74,   715.42,   226.23
607.65,   711.98,   351.17
351.92,   473.51,   225.61
348.84,   475.09,   350.57
345.76,   476.67,   475.52
354.21,   598.48,   224.09
351.13,   600.06,   349.04
348.05,   601.64,   474.00
356.50,   723.45,   222.57
353.42,   725.03,   347.52
350.34,   726.61,   472.47
476.86,   471.26,   228.72
473.78,   472.84,   353.68
470.70,   474.42,   478.63
479.15,   596.23,   227.20
476.07,   597.81,   352.15
472.99,   599.39,   477.10
481.44,   721.20,   225.68
478.36,   722.78,   350.63
475.28,   724.36,   475.58
601.80,   469.01,   231.83
598.72,   470.59,   356.79
595.64,   472.17,   481.74
604.09,   593.98,   230.31
601.01,   595.56,   355.26
597.93,   597.14,   480.21
606.39,   718.95,   228.79
603.30,   720.53,   353.74
600.22,   722.11,   478.69
350.89,   473.30,   348.26
350.61,   473.31,   473.26
350.33,   473.33,   598.26
353.34,   598.27,   348.25
353.06,   598.29,   473.25
352.78,   598.30,   598.25
355.78,   723.25,   348.24
355.50,   723.26,   473.24
355.22,   723.28,   598.24
475.87,   470.85,   348.54
475.59,   470.87,   473.54
475.31,   470.88,   598.54
478.31,   595.83,   348.53
478.03,   595.84,   473.53
477.75,   595.86,   598.53
480.76,   720.80,   348.52
480.48,   720.82,   473.52
480.20,   720.83,   598.52
600.84,   468.40,   348.82
600.56,   468.42,   473.82
600.28,   468.43,   598.82
603.29,   593.38,   348.81
603.01,   593.40,   473.81
602.73,   593.41,   598.81
605.73,   718.36,   348.80
605.45,   718.37,   473.80
605.17,   718.39,   598.80
350.09,   473.81,   475.51
351.76,   475.73,   600.49
353.42,   477.65,   725.46
351.12,   598.79,   473.58
352.79,   600.71,   598.56
354.45,   602.63,   723.53
352.15,   723.77,   471.65
353.81,   725.69,   596.62
355.48,   727.61,   721.60
475.08,   472.75,   473.87
476.74,   474.67,   598.84
478.41,   476.59,   723.81
476.11,   597.73,   471.93
477.77,   599.65,   596.91
479.44,   601.57,   721.88
477.13,   722.72,   470.00
478.80,   724.63,   594.97
480.46,   726.55,   719.95
600.06,   471.70,   472.22
601.73,   473.62,   597.19
603.39,   475.54,   722.17
601.09,   596.68,   470.28
602.76,   598.60,   595.26
604.42,   600.52,   720.23
602.12,   721.66,   468.35
603.78,   723.58,   593.33
605.45,   725.50,   718.30
349.13,   474.49,   598.22
347.53,   477.66,   723.17
345.93,   480.83,   848.12
346.60,   599.42,   595.02
345.00,   602.60,   719.97
343.40,   605.77,   844.91
344.07,   724.36,   591.81
342.47,   727.53,   716.76
340.87,   730.70,   841.71
474.09,   477.06,   599.75
472.49,   480.23,   724.70
470.89,   483.40,   849.65
471.56,   601.99,   596.55
469.96,   605.17,   721.50
468.36,   608.34,   846.45
469.03,   726.93,   593.35
467.43,   730.10,   718.30
465.83,   733.27,   843.25
599.06,   479.63,   601.29
597.46,   482.80,   726.24
595.86,   485.97,   851.19
596.53,   604.56,   598.08
594.93,   607.74,   723.03
593.33,   610.91,   847.98
594.00,   729.50,   594.88
592.40,   732.67,   719.83
590.80,   735.84,   844.78
350.29,   598.97,   98.79
349.70,   601.09,   223.77
349.11,   603.20,   348.75
347.23,   723.92,   96.66
346.64,   726.03,   221.64
346.05,   728.14,   346.62
344.18,   848.86,   94.54
343.59,   850.98,   219.52
343.00,   853.09,   344.50
475.25,   602.04,   99.33
474.66,   604.15,   224.31
474.07,   606.26,   349.29
472.19,   726.99,   97.20
471.60,   729.10,   222.18
471.01,   731.21,   347.16
469.14,   851.93,   95.07
468.55,   854.04,   220.06
467.96,   856.15,   345.04
600.21,   605.11,   99.86
599.62,   607.22,   224.84
599.03,   609.33,   349.83
597.16,   730.05,   97.74
596.57,   732.16,   222.72
595.97,   734.28,   347.70
594.10,   855.00,   95.61
593.51,   857.11,   220.59
592.92,   859.22,   345.57
350.24,   600.17,   226.27
351.08,   597.81,   351.24
351.92,   595.44,   476.22
348.74,   725.14,   228.65
349.58,   722.77,   353.62
350.42,   720.41,   478.60
347.24,   850.11,   231.02
348.08,   847.74,   356.00
348.92,   845.38,   480.97
475.23,   601.69,   225.46
476.07,   599.32,   350.43
476.91,   596.95,   475.41
473.73,   726.66,   227.84
474.57,   724.29,   352.81
475.41,   721.92,   477.78
472.23,   851.62,   230.21
473.07,   849.26,   355.19
473.91,   846.89,   480.16
600.22,   603.20,   224.65
601.06,   600.84,   349.62
601.90,   598.47,   474.60
598.72,   728.17,   227.02
599.56,   725.81,   352.00
600.40,   723.44,   476.97
597.22,   853.14,   229.40
598.06,   850.77,   354.37
598.90,   848.41,   479.35
350.25,   599.95,   349.44
347.88,   599.40,   474.42
345.51,   598.85,   599.39
353.51,   724.91,   350.05
351.14,   724.36,   475.03
348.77,   723.80,   600.01
356.78,   849.87,   350.67
354.41,   849.31,   475.65
352.04,   848.76,   600.62
475.18,   596.68,   351.80
472.81,   596.12,   476.77
470.44,   595.57,   601.75
478.45,   721.63,   352.41
476.08,   721.08,   477.39
473.71,   720.53,   602.36
481.71,   846.59,   353.02
479.34,   846.04,   478.00
476.97,   845.48,   602.98
600.12,   593.40,   354.15
597.75,   592.85,   479.13
595.38,   592.30,   604.10
603.38,   718.36,   354.77
601.01,   717.80,   479.74
598.64,   717.25,   604.72
606.65,   843.31,   355.38
604.28,   842.76,   480.36
601.91,   842.21,   605.33
348.08,   598.36,   474.81
351.58,   598.34,   599.76
355.08,   598.33,   724.71
350.68,   723.33,   474.75
354.18,   723.32,   599.70
357.68,   723.30,   724.65
353.28,   848.30,   474.69
356.78,   848.29,   599.65
360.27,   848.27,   724.60
473.01,   595.76,   471.31
476.50,   595.74,   596.26
480.00,   595.73,   721.21
475.60,   720.73,   471.25
479.10,   720.72,   596.21
482.60,   720.70,   721.16
478.20,   845.71,   471.20
481.70,   845.69,   596.15
485.20,   845.67,   721.10
597.93,   593.16,   467.81
601.43,   593.14,   592.77
604.92,   593.13,   717.72
600.53,   718.13,   467.76
604.03,   718.12,   592.71
607.52,   718.10,   717.66
603.13,   843.11,   467.70
606.63,   843.09,   592.65
610.12,   843.07,   717.60
348.54,   601.29,   600.70
348.67,   599.41,   725.69
348.80,   597.54,   850.67
348.94,   726.27,   602.58
349.07,   724.40,   727.56
349.20,   722.53,   852.55
349.34,   851.26,   604.45
349.46,   849.38,   729.43
349.59,   847.51,   854.42
473.54,   600.89,   600.57
473.67,   599.02,   725.55
473.80,   597.15,   850.54
473.94,   725.88,   602.44
474.07,   724.00,   727.43
474.19,   722.13,   852.41
474.34,   850.86,   604.31
474.46,   848.99,   729.30
474.59,   847.12,   854.29
598.54,   600.50,   600.44
598.67,   598.63,   725.42
598.80,   596.75,   850.41
598.94,   725.48,   602.31
599.07,   723.61,   727.29
599.19,   721.74,   852.28
599.33,   850.47,   604.18
599.46,   848.60,   729.17
599.59,   846.72,   854.15
476.04,   98.11,   99.16
477.27,   98.63,   224.16
478.49,   99.14,   349.15
476.13,   223.11,   98.65
477.35,   223.63,   223.64
478.58,   224.14,   348.64
476.22,   348.11,   98.13
477.44,   348.63,   223.13
478.66,   349.14,   348.12
601.04,   98.02,   97.94
602.26,   98.54,   222.93
603.48,   99.05,   347.93
601.12,   223.02,   97.43
602.35,   223.53,   222.42
603.57,   224.05,   347.41
601.21,   348.02,   96.91
602.43,   348.53,   221.90
603.66,   349.05,   346.90
726.03,   97.93,   96.72
727.26,   98.44,   221.71
728.48,   98.96,   346.70
726.12,   222.93,   96.20
727.34,   223.44,   221.20
728.56,   223.96,   346.19
726.20,   347.93,   95.69
727.43,   348.44,   220.68
728.65,   348.96,   345.67
473.74,   98.56,   226.00
473.04,   95.35,   350.96
472.33,   92.14,   475.91
471.70,   223.51,   229.20
471.00,   220.29,   354.16
470.30,   217.08,   479.11
469.66,   348.45,   232.40
468.96,   345.24,   357.36
468.26,   342.02,   482.31
598.72,   100.58,   226.75
598.02,   97.37,   351.71
597.32,   94.16,   476.67
596.68,   225.53,   229.95
595.98,   222.31,   354.91
595.28,   219.10,   479.87
594.64,   350.47,   233.15
593.94,   347.26,   358.11
593.24,   344.04,   483.07
723.70,   102.60,   227.51
723.00,   99.39,   352.47
722.30,   96.18,   477.42
721.66,   227.55,   230.71
720.96,   224.33,   355.67
720.26,   221.12,   480.62
719.63,   352.49,   233.91
718.92,   349.28,   358.87
718.22,   346.06,   483.82
473.94,   98.65,   348.36
474.66,   102.28,   473.31
475.39,   105.91,   598.25
470.44,   223.55,   344.75
471.16,   227.18,   469.70
471.89,   230.81,   594.64
466.94,   348.44,   341.14
467.66,   352.07,   466.09
468.39,   355.70,   591.03
598.89,   102.12,   347.53
599.61,   105.75,   472.48
600.34,   109.38,   597.42
595.39,   227.02,   343.93
596.11,   230.65,   468.87
596.84,   234.28,   593.82
591.89,   351.92,   340.32
592.61,   355.55,   465.26
593.34,   359.18,   590.21
723.84,   105.60,   346.71
724.56,   109.23,   471.65
725.29,   112.86,   596.60
720.34,   230.50,   343.10
721.06,   234.13,   468.04
721.79,   237.76,   592.99
716.84,   355.40,   339.49
717.56,   359.03,   464.44
718.29,   362.66,   589.38
475.16,   100.47,   473.93
478.75,   98.55,   598.87
482.34,   96.63,   723.80
477.54,   225.43,   475.78
481.13,   223.51,   600.72
484.72,   221.59,   725.65
479.92,   350.39,   477.63
483.51,   348.47,   602.57
487.10,   346.56,   727.50
600.09,   98.14,   470.31
603.68,   96.22,   595.24
607.27,   94.30,   720.18
602.47,   223.10,   472.16
606.06,   221.19,   597.09
609.65,   219.27,   722.03
604.84,   348.07,   474.01
608.44,   346.15,   598.94
612.03,   344.23,   723.88
725.01,   95.82,   466.68
728.60,   93.90,   591.62
732.19,   91.98,   716.55
727.39,   220.78,   468.53
730.98,   218.86,   593.47
734.57,   216.94,   718.40
729.77,   345.74,   470.38
733.36,   343.83,   595.32
736.95,   341.91,   720.25
475.73,   100.25,   599.06
478.32,   98.91,   724.03
480.91,   97.58,   848.99
476.40,   225.24,   600.38
478.99,   223.90,   725.35
481.58,   222.57,   850.31
477.07,   350.23,   601.70
479.66,   348.89,   726.67
482.25,   347.56,   851.63
600.70,   99.60,   596.46
603.29,   98.27,   721.43
605.88,   96.93,   846.39
601.37,   224.60,   597.78
603.96,   223.26,   722.75
606.55,   221.93,   847.72
602.04,   349.59,   599.10
604.63,   348.25,   724.07
607.22,   346.92,   849.04
725.67,   98.96,   593.86
728.26,   97.63,   718.83
730.85,   96.29,   843.80
726.34,   223.95,   595.19
728.93,   222.62,   720.15
731.52,   221.28,   845.12
727.01,   348.94,   596.51
729.60,   347.61,   721.47
732.19,   346.27,   846.44
476.36,   225.00,   100.21
475.77,   224.07,   225.21
475.18,   223.14,   350.20
474.06,   349.98,   101.13
473.47,   349.05,   226.13
472.89,   348.12,   351.12
471.77,   474.95,   102.05
471.18,   474.02,   227.05
470.59,   473.09,   352.04
601.33,   227.29,   100.81
600.75,   226.36,   225.81
600.16,   225.43,   350.80
599.04,   352.27,   101.73
598.45,   351.34,   226.73
597.87,   350.41,   351.72
596.74,   477.24,   102.65
596.16,   476.31,   227.65
595.57,   475.38,   352.64
726.31,   229.58,   101.42
725.72,   228.65,   226.41
725.14,   227.72,   351.41
724.02,   354.56,   102.34
723.43,   353.63,   227.33
722.84,   352.70,   352.33
721.72,   479.53,   103.26
721.13,   478.60,   228.25
720.55,   477.67,   353.25
474.22,   224.94,   225.92
477.66,   225.62,   350.88
481.10,   226.29,   475.83
470.82,   349.90,   225.34
474.26,   350.57,   350.29
477.70,   351.24,   475.24
467.42,   474.85,   224.76
470.86,   475.52,   349.71
474.30,   476.20,   474.66
599.12,   228.32,   222.47
602.56,   229.00,   347.42
606.00,   229.67,   472.37
595.72,   353.28,   221.89
599.16,   353.95,   346.84
602.60,   354.63,   471.79
592.32,   478.23,   221.30
595.77,   478.90,   346.26
599.21,   479.58,   471.21
724.03,   231.71,   219.01
727.47,   232.38,   343.96
730.91,   233.06,   468.91
720.63,   356.66,   218.43
724.07,   357.33,   343.38
727.51,   358.01,   468.33
717.23,   481.61,   217.85
720.67,   482.29,   342.80
724.11,   482.96,   467.75
473.97,   225.08,   351.37
471.26,   223.10,   476.33
468.55,   221.12,   601.28
471.86,   350.05,   353.31
469.15,   348.07,   478.26
466.44,   346.09,   603.22
469.75,   475.01,   355.24
467.04,   473.03,   480.20
464.33,   471.05,   605.15
598.92,   227.15,   354.11
596.22,   225.17,   479.07
593.51,   223.19,   604.02
596.81,   352.12,   356.05
594.10,   350.14,   481.00
591.40,   348.16,   605.96
594.70,   477.08,   357.98
591.99,   475.10,   482.94
589.28,   473.12,   607.89
723.88,   229.22,   356.85
721.17,   227.24,   481.81
718.46,   225.26,   606.76
721.76,   354.19,   358.79
719.06,   352.21,   483.74
716.35,   350.22,   608.70
719.65,   479.15,   360.72
716.94,   477.17,   485.68
714.24,   475.19,   610.63
473.14,   225.04,   476.44
469.57,   224.89,   601.39
466.00,   224.74,   726.34
476.18,   350.00,   476.68
472.61,   349.85,   601.63
469.04,   349.70,   726.58
479.22,   474.96,   476.92
475.64,   474.81,   601.86
472.07,   474.66,   726.81
598.05,   221.99,   480.01
594.48,   221.84,   604.96
590.91,   221.69,   729.91
601.09,   346.96,   480.25
597.52,   346.81,   605.19
593.95,   346.66,   730.14
604.13,   471.92,   480.48
600.56,   471.77,   605.43
596.98,   471.62,   730.38
722.97,   218.95,   483.58
719.39,   218.80,   608.52
715.82,   218.65,   733.47
726.00,   343.91,   483.81
722.43,   343.76,   608.76
718.86,   343.61,   733.71
729.04,   468.88,   484.05
725.47,   468.73,   609.00
721.90,   468.58,   733.95
473.50,   225.48,   599.48
471.70,   224.04,   724.46
469.90,   222.61,   849.43
474.92,   350.46,   600.93
473.12,   349.03,   725.91
471.32,   347.59,   850.89
476.33,   475.44,   602.38
474.54,   474.01,   727.36
472.74,   472.58,   852.34
598.48,   224.04,   601.26
596.68,   222.60,   726.24
594.88,   221.17,   851.21
599.89,   349.02,   602.71
598.10,   347.59,   727.69
596.30,   346.15,   852.67
601.31,   474.00,   604.17
599.52,   472.57,   729.14
597.72,   471.14,   854.12
723.45,   222.60,   603.04
721.66,   221.16,   728.02
719.86,   219.73,   852.99
724.87,   347.58,   604.49
723.08,   346.15,   729.47
721.28,   344.71,   854.45
726.29,   472.56,   605.95
724.50,   471.13,   730.92
722.70,   469.70,   855.90
474.35,   348.30,   99.25
472.77,   349.36,   224.23
471.20,   350.42,   349.22
472.32,   473.28,   98.16
470.74,   474.34,   223.14
469.17,   475.40,   348.13
470.29,   598.26,   97.07
468.71,   599.32,   222.06
467.14,   600.38,   347.04
599.32,   350.34,   100.80
597.75,   351.41,   225.78
596.18,   352.47,   350.77
597.29,   475.32,   99.71
595.72,   476.38,   224.70
594.15,   477.45,   349.68
595.26,   600.30,   98.63
593.69,   601.36,   223.61
592.12,   602.42,   348.60
724.29,   352.39,   102.35
722.72,   353.45,   227.34
721.15,   354.51,   352.32
722.26,   477.37,   101.27
720.69,   478.43,   226.25
719.12,   479.49,   351.24
720.23,   602.35,   100.18
718.66,   603.41,   225.16
717.09,   604.47,   350.15
474.55,   351.49,   225.78
477.06,   351.93,   350.76
479.58,   352.38,   475.73
474.73,   476.49,   225.34
477.24,   476.93,   350.31
479.76,   477.38,   475.28
474.90,   601.49,   224.89
477.42,   601.93,   349.86
479.94,   602.38,   474.83
599.52,   351.30,   223.27
602.04,   351.74,   348.24
604.55,   352.19,   473.22
599.70,   476.30,   222.82
602.22,   476.74,   347.79
604.73,   477.19,   472.77
599.88,   601.30,   222.37
602.39,   601.74,   347.35
604.91,   602.19,   472.32
724.50,   351.11,   220.75
727.01,   351.56,   345.73
729.53,   352.00,   470.70
724.67,   476.11,   220.31
727.19,   476.56,   345.28
729.71,   477.00,   470.25
724.85,   601.11,   219.86
727.37,   601.55,   344.83
729.88,   602.00,   469.81
476.46,   350.25,   349.52
479.97,   351.05,   474.47
483.48,   351.86,   599.42
477.38,   475.24,   348.69
480.89,   476.05,   473.64
484.40,   476.85,   598.59
478.30,   600.23,   347.86
481.81,   601.04,   472.81
485.32,   601.84,   597.75
601.41,   349.30,   346.02
604.92,   350.11,   470.97
608.43,   350.91,   595.91
602.33,   474.30,   345.19
605.84,   475.10,   470.13
609.35,   475.91,   595.08
603.25,   599.29,   344.36
606.76,   600.10,   469.30
610.27,   600.90,   594.25
726.36,   348.36,   342.51
729.87,   349.17,   467.46
733.37,   349.97,   592.41
727.28,   473.36,   341.68
730.78,   474.16,   466.63
734.29,   474.97,   591.58
728.20,   598.35,   340.85
731.70,   599.15,   465.80
735.21,   599.96,   590.75
474.88,   348.40,   474.61
475.18,   347.45,   599.61
475.49,   346.50,   724.61
473.40,   473.38,   475.56
473.71,   472.44,   600.56
474.02,   471.49,   725.56
471.93,   598.37,   476.51
472.24,   597.43,   601.51
472.54,   596.48,   726.51
599.87,   349.87,   474.32
600.17,   348.93,   599.31
600.48,   347.98,   724.31
598.39,   474.86,   475.27
598.70,   473.91,   600.26
599.01,   472.97,   725.26
596.92,   599.85,   476.22
597.23,   598.90,   601.21
597.53,   597.95,   726.21
724.86,   351.35,   474.02
725.16,   350.40,   599.02
725.47,   349.45,   724.01
723.38,   476.33,   474.97
723.69,   475.39,   599.97
724.00,   474.44,   724.96
721.91,   601.32,   475.92
722.22,   600.38,   600.92
722.52,   599.43,   725.91
474.26,   350.92,   601.12
471.55,   353.58,   726.06
468.85,   356.25,   851.00
477.49,   475.85,   598.52
474.79,   478.51,   723.46
472.08,   481.18,   848.40
480.73,   600.78,   595.93
478.02,   603.44,   720.87
475.32,   606.11,   845.81
599.19,   347.74,   603.89
596.48,   350.41,   728.83
593.78,   353.07,   853.77
602.42,   472.67,   601.29
599.72,   475.34,   726.23
597.01,   478.00,   851.18
605.65,   597.60,   598.70
602.95,   600.27,   723.64
600.25,   602.93,   848.58
724.11,   344.56,   606.66
721.41,   347.23,   731.60
718.71,   349.89,   856.54
727.35,   469.49,   604.06
724.64,   472.16,   729.01
721.94,   474.82,   853.95
730.58,   594.43,   601.47
727.88,   597.09,   726.41
725.18,   599.76,   851.35
473.29,   474.61,   99.88
475.67,   476.32,   224.84
478.04,   478.02,   349.81
474.78,   599.59,   98.14
477.16,   601.30,   223.11
479.53,   603.00,   348.07
476.27,   724.57,   96.41
478.65,   726.28,   221.38
481.03,   727.98,   346.34
598.26,   473.09,   97.52
600.63,   474.79,   222.49
603.01,   476.50,   347.45
599.75,   598.07,   95.79
602.13,   599.77,   220.75
604.50,   601.48,   345.72
601.24,   723.05,   94.06
603.62,   724.75,   219.02
606.00,   726.45,   343.99
723.23,   471.56,   95.16
725.60,   473.27,   220.13
727.98,   474.97,   345.10
724.72,   596.54,   93.43
727.10,   598.25,   218.40
729.47,   599.95,   343.36
726.21,   721.52,   91.70
728.59,   723.23,   216.67
730.96,   724.93,   341.63
476.22,   474.53,   226.59
478.03,   472.89,   351.56
479.84,   471.25,   476.54
479.78,   599.47,   228.18
481.58,   597.83,   353.15
483.39,   596.19,   478.13
483.33,   724.41,   229.77
485.14,   722.77,   354.74
486.95,   721.13,   479.72
601.16,   471.00,   224.73
602.97,   469.36,   349.71
604.77,   467.72,   474.68
604.71,   595.94,   226.32
606.52,   594.30,   351.30
608.33,   592.65,   476.27
608.27,   720.88,   227.91
610.08,   719.24,   352.89
611.88,   717.59,   477.86
726.09,   467.47,   222.88
727.90,   465.82,   347.86
729.71,   464.18,   472.83
729.65,   592.41,   224.47
731.46,   590.76,   349.44
733.26,   589.12,   474.42
733.20,   717.34,   226.06
735.01,   715.70,   351.03
736.82,   714.06,   476.01
473.48,   473.49,   351.36
471.69,   473.81,   476.35
469.91,   474.12,   601.34
471.58,   598.48,   351.02
469.79,   598.79,   476.01
468.01,   599.11,   601.00
469.68,   723.46,   350.68
467.90,   723.78,   475.67
466.11,   724.09,   600.65
598.45,   475.39,   353.14
596.67,   475.71,   478.13
594.88,   476.02,   603.12
596.55,   600.38,   352.80
594.77,   600.69,   477.79
592.98,   601.01,   602.78
594.66,   725.36,   352.46
592.87,   725.68,   477.45
591.08,   725.99,   602.43
723.42,   477.30,   354.92
721.64,   477.61,   479.91
719.85,   477.93,   604.90
721.53,   602.28,   354.58
719.74,   602.60,   479.57
717.96,   602.91,   604.56
719.63,   727.27,   354.24
717.84,   727.58,   479.23
716.06,   727.90,   604.21
473.25,   476.06,   474.80
476.33,   473.02,   599.72
479.40,   469.99,   724.65
475.25,   601.00,   477.78
478.33,   597.97,   602.71
481.40,   594.94,   727.63
477.25,   725.95,   480.76
480.33,   722.92,   605.69
483.40,   719.89,   730.62
598.20,   474.13,   471.67
601.27,   471.10,   596.60
604.35,   468.07,   721.52
600.20,   599.08,   474.66
603.27,   596.05,   599.58
606.35,   593.01,   724.51
602.20,   724.03,   477.64
605.27,   720.99,   602.57
608.35,   717.96,   727.49
723.14,   472.21,   468.55
726.22,   469.17,   593.48
729.29,   466.14,   718.40
725.14,   597.15,   471.54
728.22,   594.12,   596.46
731.29,   591.09,   721.39
727.14,   722.10,   474.52
730.22,   719.07,   599.45
733.29,   716.04,   724.37
476.57,   473.57,   601.20
475.13,   475.11,   726.18
473.70,   476.65,   851.16
478.07,   598.55,   599.68
476.64,   600.09,   724.66
475.20,   601.63,   849.64
479.57,   723.53,   598.15
478.14,   725.07,   723.13
476.71,   726.61,   848.12
601.55,   472.08,   602.65
600.12,   473.62,   727.63
598.68,   475.16,   852.61
603.05,   597.06,   601.13
601.62,   598.60,   726.11
600.19,   600.15,   851.09
604.55,   722.05,   599.60
603.12,   723.59,   724.59
601.69,   725.13,   849.57
726.53,   470.60,   604.10
725.10,   472.14,   729.08
723.67,   473.68,   854.07
728.03,   595.58,   602.58
726.60,   597.12,   727.56
725.17,   598.66,   852.54
729.54,   720.56,   601.05
728.10,   722.10,   726.04
726.67,   723.64,   851.02
473.90,   600.66,   98.11
470.72,   602.15,   223.06
467.55,   603.65,   348.01
471.04,   725.61,   96.54
467.86,   727.11,   221.49
464.69,   728.61,   346.44
468.18,   850.57,   94.97
465.01,   852.07,   219.92
461.83,   853.57,   344.87
598.82,   603.55,   101.25
595.65,   605.05,   226.20
592.48,   606.55,   351.15
595.96,   728.51,   99.68
592.79,   730.01,   224.63
589.62,   731.51,   349.58
593.11,   853.47,   98.11
589.93,   854.97,   223.06
586.76,   856.46,   348.01
723.75,   606.45,   104.39
720.58,   607.95,   229.34
717.40,   609.45,   354.29
720.89,   731.41,   102.82
717.72,   732.91,   227.77
714.54,   734.40,   352.72
718.03,   856.37,   101.25
714.86,   857.86,   226.20
711.69,   859.36,   351.15
476.47,   600.08,   226.76
478.16,   596.53,   351.70
479.85,   592.99,   476.64
478.09,   725.02,   230.28
479.78,   721.47,   355.22
481.47,   717.93,   480.16
479.71,   849.96,   233.81
481.40,   846.41,   358.75
483.09,   842.87,   483.68
601.45,   598.51,   225.03
603.14,   594.96,   349.97
604.83,   591.42,   474.90
603.07,   723.45,   228.55
604.76,   719.90,   353.49
606.45,   716.36,   478.43
604.69,   848.39,   232.07
606.37,   844.84,   357.01
608.06,   841.30,   481.95
726.43,   596.94,   223.29
728.12,   593.40,   348.23
729.81,   589.85,   473.17
728.05,   721.88,   226.82
729.74,   718.34,   351.75
731.43,   714.79,   476.69
729.66,   846.82,   230.34
731.35,   843.28,   355.28
733.04,   839.73,   480.22
475.10,   599.13,   348.88
472.17,   596.54,   473.82
469.25,   593.94,   598.75
478.02,   724.07,   351.54
475.09,   721.48,   476.48
472.16,   718.88,   601.42
480.93,   849.01,   354.20
478.01,   846.41,   479.14
475.08,   843.82,   604.08
600.03,   596.16,   351.74
597.10,   593.56,   476.68
594.18,   590.96,   601.62
602.95,   721.09,   354.40
600.02,   718.50,   479.34
597.10,   715.90,   604.28
605.86,   846.03,   357.07
602.94,   843.44,   482.01
600.01,   840.84,   606.95
724.96,   593.18,   354.61
722.04,   590.58,   479.54
719.11,   587.99,   604.48
727.88,   718.11,   357.27
724.95,   715.52,   482.21
722.03,   712.92,   607.15
730.80,   843.05,   359.93
727.87,   840.46,   484.87
724.94,   837.86,   609.81
474.17,   598.23,   474.32
473.07,   599.11,   599.31
471.97,   599.98,   724.30
471.03,   723.19,   473.41
469.93,   724.06,   598.41
468.83,   724.94,   723.40
467.89,   848.15,   472.51
466.79,   849.02,   597.51
465.69,   849.89,   722.50
599.13,   601.38,   475.39
598.03,   602.26,   600.39
596.93,   603.13,   725.38
595.99,   726.34,   474.49
594.89,   727.21,   599.48
593.79,   728.09,   724.48
592.84,   851.30,   473.59
591.74,   852.17,   598.58
590.64,   853.04,   723.58
724.08,   604.53,   476.47
722.98,   605.41,   601.46
721.88,   606.28,   726.46
720.94,   729.49,   475.57
719.84,   730.36,   600.56
718.74,   731.24,   725.55
717.80,   854.45,   474.67
716.70,   855.32,   599.66
715.60,   856.19,   724.65
476.80,   601.09,   598.90
478.91,   601.89,   723.88
481.02,   602.68,   848.86
479.37,   726.07,   598.06
481.49,   726.86,   723.04
483.60,   727.65,   848.02
481.95,   851.04,   597.23
484.06,   851.83,   722.21
486.18,   852.62,   847.19
601.75,   598.51,   596.80
603.87,   599.30,   721.78
605.98,   600.09,   846.76
604.33,   723.48,   595.97
606.44,   724.27,   720.95
608.56,   725.06,   845.93
606.91,   848.45,   595.13
609.02,   849.24,   720.11
611.13,   850.03,   845.09
726.71,   595.92,   594.70
728.82,   596.71,   719.68
730.94,   597.50,   844.66
729.29,   720.89,   593.87
731.40,   721.68,   718.85
733.51,   722.47,   843.83
731.86,   845.86,   593.04
733.97,   846.65,   718.02
736.09,   847.44,   843.00
600.39,   98.67,   99.83
602.72,   99.00,   224.80
605.05,   99.33,   349.78
600.63,   223.67,   99.49
602.95,   224.00,   224.47
605.28,   224.33,   349.45
600.86,   348.67,   99.15
603.18,   349.00,   224.13
605.51,   349.33,   349.11
725.37,   98.43,   97.50
727.70,   98.77,   222.48
730.03,   99.10,   347.45
725.60,   223.43,   97.16
727.93,   223.76,   222.14
730.26,   224.10,   347.12
725.83,   348.43,   96.83
728.16,   348.76,   221.80
730.49,   349.10,   346.78
850.35,   98.20,   95.17
852.68,   98.53,   220.15
855.01,   98.86,   345.13
850.58,   223.20,   94.84
852.91,   223.53,   219.81
855.24,   223.86,   344.79
850.81,   348.19,   94.50
853.14,   348.53,   219.48
855.47,   348.86,   344.45
599.44,   98.33,   226.53
602.83,   101.18,   351.45
606.23,   104.03,   476.37
601.17,   223.29,   223.64
604.57,   226.14,   348.56
607.96,   228.98,   473.48
602.91,   348.24,   220.74
606.30,   351.09,   345.66
609.70,   353.94,   470.59
724.38,   96.52,   223.18
727.78,   99.37,   348.10
731.17,   102.22,   473.02
726.12,   221.48,   220.28
729.51,   224.32,   345.20
732.91,   227.17,   470.13
727.85,   346.43,   217.39
731.25,   349.28,   342.31
734.64,   352.12,   467.23
849.32,   94.71,   219.82
852.72,   97.56,   344.74
856.11,   100.40,   469.67
851.06,   219.66,   216.93
854.45,   222.51,   341.85
857.85,   225.36,   466.77
852.79,   344.62,   214.03
856.19,   347.46,   338.95
859.58,   350.31,   463.88
598.98,   101.97,   348.59
595.78,   104.03,   473.54
592.58,   106.08,   598.48
601.51,   226.93,   346.61
598.31,   228.98,   471.55
595.12,   231.04,   596.49
604.04,   351.89,   344.62
600.85,   353.94,   469.56
597.65,   355.99,   594.51
723.91,   99.49,   351.83
720.71,   101.54,   476.77
717.52,   103.59,   601.72
726.44,   224.45,   349.84
723.25,   226.50,   474.79
720.05,   228.55,   599.73
728.98,   349.41,   347.86
725.78,   351.46,   472.80
722.59,   353.51,   597.74
848.84,   97.01,   355.07
845.65,   99.06,   480.01
842.45,   101.11,   604.95
851.38,   221.97,   353.08
848.18,   224.02,   478.02
844.98,   226.07,   602.97
853.91,   346.93,   351.10
850.71,   348.98,   476.04
847.52,   351.03,   600.98
601.04,   100.13,   476.48
603.98,   100.30,   601.45
606.92,   100.48,   726.41
604.67,   225.07,   476.22
607.61,   225.25,   601.19
610.55,   225.42,   726.15
608.29,   350.02,   475.96
611.24,   350.20,   600.92
614.18,   350.37,   725.89
725.95,   96.49,   473.54
728.89,   96.67,   598.51
731.84,   96.84,   723.48
729.58,   221.44,   473.28
732.52,   221.62,   598.25
735.46,   221.79,   723.21
733.21,   346.39,   473.02
736.15,   346.56,   597.99
739.09,   346.74,   722.95
850.87,   92.86,   470.61
853.81,   93.04,   595.57
856.75,   93.21,   720.54
854.49,   217.81,   470.35
857.43,   217.98,   595.31
860.38,   218.16,   720.28
858.12,   342.76,   470.09
861.06,   342.93,   595.05
864.00,   343.11,   720.02
601.98,   100.56,   600.93
598.39,   98.18,   725.86
594.79,   95.80,   850.78
601.11,   225.53,   603.29
597.51,   223.15,   728.21
593.91,   220.77,   853.14
600.23,   350.51,   605.64
596.64,   348.13,   730.57
593.04,   345.75,   855.49
726.93,   101.37,   604.54
723.33,   98.99,   729.47
719.74,   96.61,   854.39
726.05,   226.34,   606.90
722.46,   223.96,   731.82
718.86,   221.58,   856.75
725.18,   351.32,   609.25
721.58,   348.94,   734.18
717.98,   346.56,   859.11
851.87,   102.17,   608.16
848.28,   99.79,   733.08
844.68,   97.41,   858.01
851.00,   227.15,   610.51
847.40,   224.77,   735.44
843.80,   222.39,   860.36
850.12,   352.12,   612.87
846.53,   349.74,   737.79
842.93,   347.36,   862.72
601.81,   223.49,   100.50
602.57,   223.44,   225.50
603.33,   223.39,   350.50
598.48,   348.45,   100.57
599.24,   348.40,   225.57
600.00,   348.34,   350.57
595.15,   473.41,   100.65
595.91,   473.35,   225.64
596.67,   473.30,   350.64
726.76,   226.82,   99.74
727.52,   226.77,   224.74
728.28,   226.72,   349.74
723.43,   351.78,   99.82
724.19,   351.73,   224.81
724.95,   351.67,   349.81
720.10,   476.74,   99.89
720.86,   476.68,   224.89
721.62,   476.63,   349.88
851.71,   230.15,   98.98
852.47,   230.10,   223.98
853.23,   230.05,   348.98
848.39,   355.11,   99.06
849.15,   355.06,   224.05
849.91,   355.00,   349.05
845.06,   480.06,   99.13
845.82,   480.01,   224.13
846.58,   479.96,   349.13
599.98,   224.26,   224.78
601.93,   225.82,   349.76
603.88,   227.39,   474.73
596.88,   349.21,   223.27
598.83,   350.78,   348.24
600.77,   352.34,   473.22
593.77,   474.16,   221.75
595.72,   475.73,   346.72
597.67,   477.29,   471.70
724.93,   227.34,   222.80
726.88,   228.91,   347.77
728.83,   230.47,   472.75
721.82,   352.29,   221.28
723.77,   353.86,   346.26
725.72,   355.42,   471.23
718.72,   477.25,   219.76
720.66,   478.81,   344.74
722.61,   480.38,   469.71
849.88,   230.42,   220.81
851.82,   231.99,   345.79
853.77,   233.56,   470.76
846.77,   355.38,   219.29
848.72,   356.94,   344.27
850.67,   358.51,   469.24
843.66,   480.33,   217.78
845.61,   481.89,   342.75
847.56,   483.46,   467.73
599.16,   223.60,   349.28
595.91,   227.05,   474.19
592.65,   230.50,   599.10
597.98,   348.55,   345.80
594.73,   352.00,   470.71
591.47,   355.44,   595.62
596.80,   473.49,   342.32
593.55,   476.94,   467.23
590.29,   480.39,   592.14
724.11,   224.87,   352.50
720.86,   228.32,   477.41
717.60,   231.77,   602.32
722.93,   349.82,   349.02
719.68,   353.27,   473.93
716.42,   356.71,   598.84
721.75,   474.76,   345.54
718.50,   478.21,   470.45
715.24,   481.66,   595.36
849.06,   226.14,   355.72
845.81,   229.59,   480.63
842.56,   233.04,   605.54
847.88,   351.09,   352.24
844.63,   354.54,   477.15
841.38,   357.98,   602.06
846.70,   476.03,   348.76
843.45,   479.48,   473.67
840.20,   482.93,   598.58
598.54,   223.84,   475.07
596.20,   223.68,   600.04
593.87,   223.51,   725.02
597.46,   348.84,   475.21
595.12,   348.67,   600.19
592.78,   348.51,   725.17
596.37,   473.83,   475.36
594.04,   473.67,   600.33
591.70,   473.50,   725.31
723.51,   224.92,   477.40
721.18,   224.76,   602.38
718.84,   224.59,   727.36
722.43,   349.92,   477.55
720.09,   349.75,   602.53
717.76,   349.59,   727.51
721.35,   474.91,   477.69
719.01,   474.75,   602.67
716.67,   474.58,   727.65
848.49,   226.00,   479.74
846.15,   225.84,   604.72
843.81,   225.67,   729.70
847.40,   351.00,   479.89
845.07,   350.83,   604.87
842.73,   350.67,   729.84
846.32,   475.99,   480.03
843.98,   475.83,   605.01
841.65,   475.66,   729.99
599.46,   226.35,   600.76
602.50,   228.23,   725.71
605.54,   230.11,   850.66
596.45,   351.30,   598.95
599.49,   353.18,   723.90
602.53,   355.06,   848.85
593.44,   476.25,   597.15
596.47,   478.13,   722.09
599.51,   480.01,   847.04
724.39,   229.32,   597.68
727.43,   231.20,   722.63
730.47,   233.08,   847.58
721.38,   354.27,   595.87
724.41,   356.15,   720.82
727.45,   358.03,   845.77
718.36,   479.22,   594.06
721.40,   481.10,   719.01
724.44,   482.98,   843.96
849.32,   232.29,   594.60
852.35,   234.17,   719.55
855.39,   236.05,   844.49
846.30,   357.24,   592.79
849.34,   359.12,   717.74
852.38,   361.00,   842.69
843.29,   482.19,   590.98
846.33,   484.07,   715.93
849.37,   485.95,   840.88
599.90,   351.14,   99.12
601.25,   350.33,   224.11
602.61,   349.52,   349.10
601.26,   476.13,   99.91
602.62,   475.32,   224.90
603.97,   474.51,   349.89
602.62,   601.12,   100.71
603.98,   600.31,   225.70
605.34,   599.50,   350.69
724.88,   349.78,   97.76
726.24,   348.97,   222.75
727.60,   348.17,   347.74
726.24,   474.77,   98.55
727.60,   473.96,   223.54
728.96,   473.16,   348.53
727.61,   599.76,   99.34
728.96,   598.95,   224.33
730.32,   598.15,   349.32
849.87,   348.43,   96.39
851.22,   347.62,   221.38
852.58,   346.81,   346.37
851.23,   473.42,   97.18
852.59,   472.61,   222.17
853.94,   471.80,   347.16
852.59,   598.41,   97.97
853.95,   597.60,   222.96
855.31,   596.79,   347.95
600.91,   348.41,   224.23
603.72,   348.66,   349.20
606.53,   348.90,   474.17
600.30,   473.41,   224.00
603.11,   473.66,   348.97
605.92,   473.90,   473.94
599.69,   598.41,   223.77
602.50,   598.65,   348.73
605.31,   598.90,   473.70
725.88,   349.01,   221.42
728.69,   349.26,   346.39
731.50,   349.51,   471.36
725.27,   474.01,   221.19
728.08,   474.26,   346.16
730.89,   474.51,   471.12
724.66,   599.01,   220.95
727.47,   599.26,   345.92
730.28,   599.50,   470.89
850.84,   349.62,   218.61
853.65,   349.86,   343.58
856.46,   350.11,   468.55
850.24,   474.62,   218.38
853.05,   474.86,   343.34
855.86,   475.11,   468.31
849.63,   599.61,   218.14
852.44,   599.86,   343.11
855.25,   600.11,   468.08
601.07,   349.03,   351.27
600.49,   348.65,   476.27
599.91,   348.28,   601.27
602.41,   474.02,   351.65
601.83,   473.65,   476.65
601.25,   473.27,   601.65
603.75,   599.01,   352.03
603.17,   598.64,   477.03
602.59,   598.27,   602.02
726.06,   347.69,   351.85
725.48,   347.31,   476.85
724.90,   346.94,   601.84
727.40,   472.68,   352.23
726.82,   472.31,   477.22
726.24,   471.93,   602.22
728.74,   597.67,   352.61
728.16,   597.30,   477.60
727.58,   596.93,   602.60
851.06,   346.35,   352.42
850.48,   345.98,   477.42
849.89,   345.60,   602.42
852.39,   471.34,   352.80
851.81,   470.97,   477.80
851.23,   470.60,   602.80
853.73,   596.33,   353.18
853.15,   595.96,   478.18
852.57,   595.59,   603.18
601.52,   350.27,   476.20
600.22,   347.44,   601.16
598.92,   344.62,   726.12
600.85,   475.23,   479.01
599.55,   472.41,   603.98
598.25,   469.59,   728.94
600.18,   600.20,   481.83
598.88,   597.38,   606.79
597.58,   594.55,   731.75
726.51,   350.91,   477.51
725.21,   348.09,   602.47
723.91,   345.26,   727.43
725.84,   475.87,   480.33
724.54,   473.05,   605.29
723.24,   470.23,   730.25
725.17,   600.84,   483.14
723.87,   598.02,   608.10
722.57,   595.20,   733.06
851.50,   351.55,   478.82
850.20,   348.73,   603.78
848.90,   345.90,   728.74
850.83,   476.52,   481.64
849.53,   473.69,   606.60
848.23,   470.87,   731.56
850.16,   601.48,   484.45
848.86,   598.66,   609.42
847.56,   595.84,   734.38
599.73,   349.94,   600.37
598.07,   348.49,   725.35
596.40,   347.05,   850.33
600.83,   474.92,   601.83
599.17,   473.48,   726.81
597.51,   472.03,   851.79
601.94,   599.91,   603.29
600.27,   598.46,   728.27
598.61,   597.02,   853.25
724.71,   348.81,   602.02
723.05,   347.37,   727.01
721.39,   345.92,   851.99
725.82,   473.80,   603.48
724.15,   472.35,   728.46
722.49,   470.91,   853.44
726.92,   598.79,   604.94
725.26,   597.34,   729.92
723.59,   595.90,   854.90
849.70,   347.69,   603.68
848.03,   346.24,   728.66
846.37,   344.80,   853.64
850.80,   472.68,   605.13
849.14,   471.23,   730.12
847.47,   469.79,   855.10
851.91,   597.66,   606.59
850.24,   596.22,   731.57
848.58,   594.77,   856.55
601.80,   474.64,   101.19
598.77,   471.29,   226.11
595.73,   467.94,   351.03
602.45,   599.59,   104.56
599.42,   596.24,   229.48
596.39,   592.89,   354.40
603.11,   724.54,   107.92
600.07,   721.20,   232.84
597.04,   717.85,   357.76
726.76,   473.90,   104.21
723.73,   470.55,   229.13
720.69,   467.21,   354.05
727.42,   598.86,   107.58
724.38,   595.51,   232.49
721.35,   592.16,   357.41
728.07,   723.81,   110.94
725.04,   720.46,   235.86
722.00,   717.11,   360.78
851.72,   473.17,   107.23
848.69,   469.82,   232.14
845.65,   466.47,   357.06
852.38,   598.12,   110.59
849.34,   594.77,   235.51
846.31,   591.42,   360.43
853.03,   723.07,   113.96
850.00,   719.72,   238.88
846.96,   716.38,   363.79
599.13,   475.11,   226.75
600.11,   476.96,   351.73
601.08,   478.81,   476.71
595.74,   600.05,   224.92
596.72,   601.90,   349.90
597.69,   603.75,   474.89
592.35,   724.99,   223.10
593.33,   726.84,   348.08
594.30,   728.69,   473.06
724.08,   478.48,   225.72
725.06,   480.33,   350.70
726.03,   482.18,   475.69
720.69,   603.42,   223.90
721.67,   605.27,   348.88
722.64,   607.12,   473.86
717.30,   728.36,   222.07
718.28,   730.22,   347.06
719.25,   732.07,   472.04
849.03,   481.86,   224.70
850.01,   483.71,   349.68
850.98,   485.56,   474.66
845.64,   606.80,   222.87
846.62,   608.65,   347.86
847.59,   610.50,   472.84
842.25,   731.74,   221.05
843.23,   733.59,   346.03
844.20,   735.44,   471.01
601.36,   476.51,   350.67
598.21,   480.02,   475.58
595.05,   483.53,   600.49
600.31,   601.45,   347.13
597.15,   604.96,   472.04
594.00,   608.47,   596.95
599.25,   726.40,   343.59
596.10,   729.91,   468.50
592.94,   733.42,   593.41
726.32,   477.65,   353.79
723.16,   481.16,   478.70
720.01,   484.67,   603.61
725.26,   602.59,   350.25
722.11,   606.10,   475.16
718.95,   609.62,   600.07
724.21,   727.54,   346.71
721.05,   731.05,   471.62
717.90,   734.56,   596.54
851.27,   478.79,   356.91
848.12,   482.30,   481.82
844.96,   485.81,   606.73
850.22,   603.74,   353.38
847.06,   607.25,   478.29
843.91,   610.76,   603.20
849.17,   728.68,   349.84
846.01,   732.19,   474.75
842.86,   735.70,   599.66
600.17,   473.80,   475.51
603.83,   475.84,   600.44
607.48,   477.89,   725.37
596.58,   598.73,   473.57
600.23,   600.78,   598.50
603.88,   602.82,   723.43
592.98,   723.66,   471.63
596.63,   725.71,   596.56
600.29,   727.75,   721.49
725.07,   477.33,   471.80
728.72,   479.38,   596.73
732.37,   481.42,   721.66
721.47,   602.27,   469.86
725.13,   604.31,   594.79
728.78,   606.36,   719.72
717.88,   727.20,   467.92
721.53,   729.25,   592.85
725.18,   731.29,   717.78
849.96,   480.87,   468.09
853.62,   482.92,   593.02
857.27,   484.96,   717.95
846.37,   605.80,   466.15
850.02,   607.85,   591.08
853.67,   609.89,   716.01
842.77,   730.74,   464.21
846.42,   732.78,   589.14
850.08,   734.83,   714.07
600.22,   476.09,   601.16
600.15,   475.42,   726.16
600.08,   474.76,   851.16
602.45,   601.07,   601.83
602.38,   600.40,   726.83
602.31,   599.74,   851.82
604.68,   726.05,   602.49
604.61,   725.38,   727.49
604.54,   724.71,   852.49
725.20,   473.86,   601.22
725.13,   473.19,   726.21
725.06,   472.53,   851.21
727.43,   598.84,   601.88
727.36,   598.17,   726.88
727.29,   597.51,   851.88
729.66,   723.82,   602.55
729.59,   723.15,   727.55
729.52,   722.48,   852.55
850.18,   471.63,   601.27
850.11,   470.96,   726.27
850.04,   470.30,   851.27
852.41,   596.61,   601.94
852.34,   595.94,   726.94
852.27,   595.28,   851.94
854.64,   721.59,   602.61
854.57,   720.92,   727.60
854.50,   720.25,   852.60
601.61,   601.79,   98.29
603.97,   603.89,   223.25
606.33,   605.99,   348.21
605.10,   726.73,   96.13
607.46,   728.82,   221.09
609.82,   730.92,   346.05
608.58,   851.66,   93.97
610.95,   853.76,   218.93
613.31,   855.85,   343.89
726.54,   598.27,   95.99
728.90,   600.36,   220.95
731.26,   602.46,   345.91
730.03,   723.20,   93.83
732.39,   725.30,   218.79
734.75,   727.39,   343.75
733.51,   848.13,   91.67
735.88,   850.23,   216.63
738.24,   852.32,   341.59
851.47,   594.74,   93.69
853.83,   596.83,   218.65
856.19,   598.93,   343.61
854.95,   719.67,   91.53
857.32,   721.77,   216.49
859.68,   723.86,   341.45
858.44,   844.60,   89.37
860.80,   846.70,   214.33
863.17,   848.80,   339.29
600.14,   599.52,   223.82
597.37,   601.69,   348.77
594.61,   603.86,   473.72
597.21,   724.47,   221.59
594.45,   726.64,   346.54
591.68,   728.80,   471.49
594.29,   849.41,   219.35
591.53,   851.58,   344.30
588.76,   853.75,   469.25
725.07,   602.49,   226.53
722.31,   604.66,   351.49
719.54,   606.83,   476.44
722.15,   727.44,   224.30
719.38,   729.61,   349.25
716.62,   731.78,   474.20
719.23,   852.38,   222.07
716.46,   854.55,   347.02
713.70,   856.72,   471.97
850.01,   605.46,   229.25
847.24,   607.63,   354.20
844.48,   609.80,   479.15
847.08,   730.41,   227.01
844.32,   732.58,   351.96
841.55,   734.75,   476.92
844.16,   855.35,   224.78
841.40,   857.52,   349.73
838.63,   859.69,   474.68
598.80,   599.27,   350.70
596.01,   599.26,   475.67
593.22,   599.25,   600.64
599.22,   724.26,   350.72
596.43,   724.26,   475.69
593.64,   724.25,   600.66
599.64,   849.26,   350.73
596.85,   849.26,   475.70
594.06,   849.25,   600.67
723.77,   598.85,   353.49
720.98,   598.84,   478.46
718.19,   598.83,   603.43
724.19,   723.85,   353.51
721.40,   723.84,   478.48
718.61,   723.83,   603.45
724.60,   848.85,   353.53
721.81,   848.84,   478.49
719.02,   848.83,   603.46
848.74,   598.43,   356.28
845.95,   598.42,   481.25
843.16,   598.42,   606.22
849.16,   723.43,   356.30
846.36,   723.42,   481.27
843.57,   723.42,   606.24
849.57,   848.43,   356.32
846.78,   848.42,   481.28
843.99,   848.42,   606.25
601.34,   600.18,   474.68
598.84,   601.25,   599.65
596.35,   602.32,   724.62
599.94,   725.17,   473.58
597.44,   726.24,   598.55
594.95,   727.31,   723.52
598.53,   850.15,   472.48
596.04,   851.23,   597.45
593.54,   852.30,   722.42
726.31,   601.60,   477.16
723.81,   602.68,   602.13
721.32,   603.75,   727.10
724.90,   726.59,   476.06
722.41,   727.66,   601.03
719.91,   728.73,   726.00
723.50,   851.58,   474.96
721.01,   852.65,   599.93
718.51,   853.72,   724.90
851.27,   603.03,   479.64
848.78,   604.10,   604.61
846.28,   605.17,   729.58
849.87,   728.02,   478.54
847.38,   729.09,   603.51
844.88,   730.16,   728.48
848.47,   853.00,   477.44
845.97,   854.07,   602.41
843.48,   855.15,   727.38
599.46,   599.56,   599.25
596.45,   600.33,   724.21
593.45,   601.10,   849.17
600.50,   724.55,   598.51
597.50,   725.33,   723.47
594.50,   726.10,   848.43
601.55,   849.55,   597.76
598.55,   850.32,   722.72
595.54,   851.09,   847.68
724.42,   598.53,   602.26
721.41,   599.30,   727.22
718.41,   600.08,   852.18
725.46,   723.53,   601.51
722.46,   724.30,   726.48
719.46,   725.07,   851.44
726.51,   848.52,   600.77
723.51,   849.29,   725.73
720.50,   850.06,   850.69
849.38,   597.50,   605.27
846.37,   598.28,   730.23
843.37,   599.05,   855.19
850.42,   722.50,   604.52
847.42,   723.27,   729.49
844.41,   724.04,   854.45
851.47,   847.49,   603.78
848.47,   848.26,   728.74
845.46,   849.03,   853.70
