27, 125, pa2-debug-f-output-1.txt
192.25,   200.84,   197.48
388.63,   406.29,   208.88
99.89,   101.43,   98.57
96.17,   103.70,   223.49
92.45,   105.97,   348.42
100.20,   226.41,   96.31
96.48,   228.68,   221.23
92.76,   230.95,   346.16
100.51,   351.39,   94.05
96.79,   353.66,   218.97
93.07,   355.93,   343.90
224.83,   101.19,   102.29
221.11,   103.46,   227.22
217.39,   105.73,   352.14
225.14,   226.17,   100.03
221.42,   228.44,   224.96
217.70,   230.71,   349.88
225.45,   351.15,   97.77
221.73,   353.42,   222.70
218.01,   355.69,   347.62
349.78,   100.95,   106.02
346.06,   103.22,   230.94
342.34,   105.48,   355.87
350.09,   225.93,   103.76
346.37,   228.20,   228.68
342.65,   230.46,   353.61
350.40,   350.91,   101.50
346.68,   353.18,   226.42
342.96,   355.44,   351.35
99.24,   101.03,   225.59
99.92,   100.81,   350.59
100.60,   100.58,   475.59
102.26,   226.00,   225.80
102.94,   225.77,   350.80
103.62,   225.55,   475.80
105.27,   350.96,   226.01
105.95,   350.73,   351.01
106.63,   350.51,   476.01
224.20,   98.01,   224.91
224.88,   97.79,   349.91
225.56,   97.56,   474.90
227.22,   222.98,   225.12
227.90,   222.75,   350.12
228.58,   222.53,   475.11
230.24,   347.94,   225.33
230.92,   347.71,   350.32
231.60,   347.49,   475.32
349.16,   94.99,   224.22
349.84,   94.77,   349.22
350.52,   94.54,   474.22
352.18,   219.96,   224.43
352.86,   219.73,   349.43
353.54,   219.51,   474.43
355.20,   344.92,   224.64
355.88,   344.70,   349.64
356.56,   344.47,   474.64
100.42,   99.01,   350.14
100.86,   95.36,   475.09
101.30,   91.72,   600.04
99.77,   223.96,   353.79
100.21,   220.31,   478.74
100.65,   216.66,   603.69
99.12,   348.90,   357.44
99.56,   345.25,   482.39
100.00,   341.61,   607.34
225.42,   99.67,   349.72
225.86,   96.03,   474.67
226.30,   92.38,   599.62
224.77,   224.62,   353.37
225.21,   220.97,   478.32
225.65,   217.32,   603.27
224.12,   349.56,   357.02
224.56,   345.92,   481.97
225.00,   342.27,   606.91
350.42,   100.34,   349.30
350.86,   96.69,   474.25
351.30,   93.04,   599.19
349.77,   225.28,   352.95
350.21,   221.63,   477.90
350.65,   217.99,   602.84
349.12,   350.23,   356.60
349.56,   346.58,   481.55
350.00,   342.93,   606.49
100.16,   98.67,   473.07
99.97,   98.34,   598.07
99.79,   98.02,   723.07
98.65,   223.66,   473.39
98.47,   223.33,   598.39
98.28,   223.01,   723.39
97.15,   348.65,   473.72
96.96,   348.32,   598.72
96.78,   348.00,   723.72
225.15,   100.17,   473.26
224.96,   99.84,   598.26
224.78,   99.52,   723.26
223.64,   225.16,   473.58
223.46,   224.83,   598.58
223.27,   224.51,   723.58
222.14,   350.15,   473.90
221.95,   349.83,   598.90
221.77,   349.50,   723.90
350.14,   101.67,   473.45
349.95,   101.35,   598.45
349.77,   101.02,   723.45
348.63,   226.66,   473.77
348.45,   226.34,   598.77
348.27,   226.01,   723.77
347.13,   351.65,   474.09
346.95,   351.33,   599.09
346.76,   351.00,   724.09
98.74,   99.89,   598.08
99.95,   100.41,   723.08
101.17,   100.92,   848.07
100.51,   224.88,   597.55
101.72,   225.39,   722.54
102.94,   225.91,   847.54
102.28,   349.86,   597.02
103.49,   350.38,   722.01
104.70,   350.90,   847.00
223.72,   98.12,   596.88
224.93,   98.63,   721.87
226.15,   99.15,   846.87
225.49,   223.10,   596.35
226.70,   223.62,   721.34
227.92,   224.13,   846.33
227.26,   348.09,   595.81
228.47,   348.61,   720.81
229.69,   349.12,   845.80
348.70,   96.34,   595.67
349.92,   96.86,   720.67
351.13,   97.37,   845.66
350.47,   221.33,   595.14
351.69,   221.84,   720.13
352.90,   222.36,   845.13
352.24,   346.31,   594.61
353.46,   346.83,   719.60
354.67,   347.35,   844.59
100.50,   226.53,   99.09
98.06,   228.61,   224.05
95.62,   230.69,   349.01
96.88,   351.46,   96.94
94.44,   353.54,   221.90
91.99,   355.62,   346.86
93.26,   476.39,   94.79
90.81,   478.47,   219.75
88.37,   480.55,   344.71
225.43,   230.19,   101.47
222.98,   232.27,   226.43
220.54,   234.35,   351.39
221.80,   355.12,   99.32
219.36,   357.20,   224.28
216.92,   359.28,   349.24
218.18,   480.05,   97.17
215.74,   482.13,   222.13
213.29,   484.21,   347.09
350.35,   233.86,   103.85
347.91,   235.94,   228.81
345.46,   238.02,   353.77
346.73,   358.78,   101.70
344.28,   360.86,   226.66
341.84,   362.95,   351.62
343.10,   483.71,   99.55
340.66,   485.79,   224.51
338.22,   487.87,   349.47
99.19,   226.18,   226.20
99.49,   229.81,   351.15
99.80,   233.45,   476.10
98.24,   351.12,   222.57
98.54,   354.76,   347.52
98.85,   358.39,   472.47
97.29,   476.07,   218.94
97.59,   479.70,   343.89
97.90,   483.33,   468.84
224.18,   227.12,   225.87
224.49,   230.76,   350.82
224.79,   234.39,   475.77
223.23,   352.07,   222.24
223.54,   355.70,   347.19
223.84,   359.33,   472.13
222.28,   477.01,   218.61
222.59,   480.64,   343.56
222.89,   484.28,   468.50
349.18,   228.06,   225.54
349.49,   231.70,   350.49
349.79,   235.33,   475.43
348.23,   353.01,   221.91
348.53,   356.64,   346.86
348.84,   360.27,   471.80
347.28,   477.95,   218.28
347.58,   481.58,   343.22
347.89,   485.22,   468.17
98.44,   226.80,   348.64
96.12,   225.34,   473.61
93.80,   223.88,   598.58
97.76,   351.79,   350.09
95.44,   350.33,   475.06
93.11,   348.87,   600.03
97.08,   476.78,   351.53
94.76,   475.32,   476.50
92.43,   473.86,   601.47
223.42,   227.45,   350.97
221.10,   225.99,   475.94
218.77,   224.53,   600.91
222.74,   352.44,   352.42
220.41,   350.98,   477.39
218.09,   349.52,   602.36
222.06,   477.43,   353.87
219.73,   475.97,   478.84
217.41,   474.51,   603.81
348.40,   228.11,   353.30
346.07,   226.65,   478.27
343.75,   225.19,   603.24
347.71,   353.10,   354.75
345.39,   351.64,   479.72
343.07,   350.18,   604.69
347.03,   478.09,   356.20
344.71,   476.63,   481.17
342.38,   475.17,   606.14
98.22,   224.27,   476.23
99.35,   222.97,   601.22
100.48,   221.66,   726.20
95.85,   349.24,   477.55
96.98,   347.94,   602.54
98.11,   346.63,   727.53
93.48,   474.21,   478.88
94.60,   472.91,   603.86
95.73,   471.61,   728.85
223.20,   226.66,   475.12
224.33,   225.35,   600.11
225.46,   224.05,   725.10
220.82,   351.63,   476.45
221.95,   350.32,   601.44
223.08,   349.02,   726.42
218.45,   476.60,   477.77
219.58,   475.29,   602.76
220.71,   473.99,   727.75
348.17,   229.04,   474.02
349.30,   227.74,   599.01
350.43,   226.44,   724.00
345.79,   354.01,   475.34
346.92,   352.71,   600.33
348.05,   351.41,   725.32
343.42,   478.98,   476.67
344.55,   477.68,   601.66
345.68,   476.38,   726.64
99.73,   226.95,   600.42
97.32,   229.33,   725.38
94.90,   231.71,   850.33
97.75,   351.91,   598.00
95.34,   354.29,   722.96
92.92,   356.68,   847.91
95.78,   476.87,   595.58
93.36,   479.25,   720.53
90.95,   481.64,   845.49
224.69,   228.97,   602.80
222.28,   231.35,   727.75
219.86,   233.74,   852.71
222.72,   353.93,   600.38
220.30,   356.31,   725.33
217.89,   358.70,   850.29
220.74,   478.89,   597.96
218.33,   481.27,   722.91
215.91,   483.66,   847.86
349.65,   230.99,   605.18
347.24,   233.37,   730.13
344.82,   235.76,   855.08
347.68,   355.95,   602.75
345.26,   358.34,   727.71
342.85,   360.72,   852.66
345.70,   480.91,   600.33
343.29,   483.30,   725.29
340.87,   485.68,   850.24
101.77,   351.52,   100.92
104.34,   352.33,   225.90
106.90,   353.14,   350.87
98.18,   476.47,   100.19
100.74,   477.28,   225.16
103.31,   478.08,   350.13
94.59,   601.41,   99.46
97.15,   602.22,   224.43
99.71,   603.03,   349.40
226.70,   355.10,   98.34
229.26,   355.91,   223.31
231.82,   356.71,   348.28
223.10,   480.04,   97.61
225.67,   480.85,   222.58
228.23,   481.66,   347.55
219.51,   604.99,   96.87
222.07,   605.80,   221.84
224.63,   606.61,   346.81
351.62,   358.68,   95.76
354.18,   359.48,   220.73
356.74,   360.29,   345.70
348.02,   483.62,   95.02
350.59,   484.43,   219.99
353.15,   485.24,   344.96
344.43,   608.57,   94.29
346.99,   609.38,   219.26
349.56,   610.19,   344.23
101.32,   349.05,   225.31
102.62,   351.88,   350.27
103.92,   354.71,   475.23
101.60,   474.01,   222.47
102.90,   476.84,   347.43
104.20,   479.67,   472.39
101.88,   598.98,   219.64
103.18,   601.81,   344.60
104.49,   604.64,   469.56
226.31,   348.73,   224.01
227.61,   351.56,   348.97
228.91,   354.39,   473.93
226.59,   473.70,   221.18
227.89,   476.53,   346.14
229.20,   479.36,   471.10
226.87,   598.67,   218.34
228.18,   601.50,   343.30
229.48,   604.33,   468.26
351.30,   348.42,   222.71
352.60,   351.25,   347.67
353.91,   354.08,   472.63
351.58,   473.39,   219.88
352.89,   476.22,   344.84
354.19,   479.05,   469.80
351.87,   598.36,   217.04
353.17,   601.19,   342.01
354.47,   604.02,   466.97
101.05,   350.38,   351.38
98.63,   348.10,   476.33
96.20,   345.82,   601.29
100.46,   475.36,   353.65
98.04,   473.08,   478.60
95.61,   470.80,   603.56
99.87,   600.34,   355.92
97.45,   598.06,   480.87
95.02,   595.78,   605.83
226.02,   350.93,   353.81
223.60,   348.65,   478.76
221.18,   346.37,   603.72
225.43,   475.91,   356.08
223.01,   473.63,   481.03
220.59,   471.35,   605.99
224.84,   600.89,   358.35
222.42,   598.61,   483.30
220.00,   596.32,   608.26
351.00,   351.48,   356.24
348.58,   349.20,   481.20
346.15,   346.91,   606.15
350.41,   476.45,   358.51
347.99,   474.17,   483.47
345.56,   471.89,   608.42
349.82,   601.43,   360.78
347.40,   599.15,   485.74
344.97,   596.87,   610.69
100.94,   351.77,   476.11
99.12,   352.81,   601.10
97.30,   353.85,   726.08
103.62,   476.73,   475.11
101.80,   477.78,   600.09
99.98,   478.82,   725.07
106.30,   601.70,   474.11
104.48,   602.74,   599.09
102.66,   603.79,   724.07
225.90,   349.10,   477.96
224.08,   350.14,   602.94
222.25,   351.19,   727.92
228.58,   474.07,   476.95
226.76,   475.11,   601.94
224.94,   476.15,   726.92
231.26,   599.04,   475.95
229.44,   600.08,   600.93
227.62,   601.12,   725.91
350.86,   346.43,   479.80
349.03,   347.48,   604.78
347.21,   348.52,   729.77
353.54,   471.40,   478.80
351.72,   472.45,   603.78
349.89,   473.49,   728.76
356.22,   596.37,   477.79
354.40,   597.41,   602.78
352.57,   598.46,   727.76
100.45,   348.28,   600.75
101.45,   350.27,   725.73
102.45,   352.26,   850.71
102.42,   473.25,   598.75
103.42,   475.24,   723.73
104.43,   477.23,   848.71
104.39,   598.22,   596.75
105.39,   600.21,   721.73
106.40,   602.20,   846.71
225.43,   346.30,   599.78
226.43,   348.28,   724.76
227.43,   350.27,   849.74
227.40,   471.26,   597.78
228.40,   473.25,   722.76
229.41,   475.24,   847.74
229.37,   596.23,   595.77
230.37,   598.22,   720.75
231.38,   600.21,   845.73
350.41,   344.31,   598.81
351.41,   346.30,   723.79
352.41,   348.29,   848.77
352.38,   469.28,   596.81
353.38,   471.27,   721.79
354.39,   473.25,   846.77
354.35,   594.25,   594.80
355.35,   596.23,   719.78
356.36,   598.22,   844.76
100.21,   475.20,   101.07
103.67,   473.80,   226.01
107.13,   472.40,   350.95
100.86,   600.19,   102.45
104.32,   598.79,   227.39
107.78,   597.39,   352.34
101.50,   725.18,   103.83
104.96,   723.78,   228.77
108.42,   722.38,   353.72
225.16,   474.59,   97.60
228.62,   473.19,   222.54
232.08,   471.79,   347.49
225.81,   599.58,   98.98
229.27,   598.18,   223.92
232.73,   596.78,   348.87
226.45,   724.57,   100.36
229.91,   723.17,   225.31
233.37,   721.77,   350.25
350.11,   473.98,   94.13
353.57,   472.58,   219.08
357.03,   471.19,   344.02
350.76,   598.97,   95.51
354.22,   597.58,   220.46
357.68,   596.18,   345.40
351.40,   723.97,   96.89
354.86,   722.57,   221.84
358.32,   721.17,   346.78
99.84,   476.21,   225.40
99.26,   477.24,   350.40
98.68,   478.26,   475.39
98.73,   601.20,   224.37
98.14,   602.23,   349.37
97.56,   603.25,   474.36
97.61,   726.20,   223.35
97.03,   727.22,   348.34
96.44,   728.24,   473.33
224.84,   477.34,   225.97
224.26,   478.36,   350.97
223.68,   479.38,   475.96
223.72,   602.33,   224.95
223.14,   603.35,   349.94
222.56,   604.37,   474.93
222.60,   727.32,   223.92
222.02,   728.34,   348.91
221.44,   729.36,   473.91
349.83,   478.46,   226.55
349.25,   479.48,   351.54
348.67,   480.51,   476.53
348.71,   603.45,   225.52
348.13,   604.47,   350.51
347.55,   605.50,   475.51
347.60,   728.44,   224.49
347.01,   729.46,   349.48
346.43,   730.49,   474.48
101.74,   474.76,   349.22
101.15,   472.28,   474.19
100.57,   469.80,   599.17
99.23,   599.71,   351.69
98.64,   597.23,   476.66
98.05,   594.75,   601.64
96.71,   724.66,   354.16
96.12,   722.18,   479.13
95.54,   719.70,   604.11
226.72,   477.26,   349.86
226.13,   474.78,   474.83
225.54,   472.30,   599.81
224.20,   602.22,   352.33
223.61,   599.73,   477.30
223.02,   597.25,   602.28
221.68,   727.17,   354.80
221.10,   724.68,   479.77
220.51,   722.20,   604.75
351.69,   479.77,   350.50
351.10,   477.29,   475.47
350.51,   474.80,   600.44
349.17,   604.72,   352.97
348.59,   602.24,   477.94
348.00,   599.75,   602.91
346.66,   729.67,   355.44
346.07,   727.19,   480.41
345.48,   724.70,   605.38
100.07,   474.87,   474.11
99.60,   476.40,   599.10
99.14,   477.92,   724.09
102.58,   599.84,   472.60
102.12,   601.36,   597.59
101.66,   602.89,   722.58
105.09,   724.80,   471.08
104.63,   726.33,   596.07
104.17,   727.85,   721.06
225.04,   472.37,   474.60
224.58,   473.89,   599.59
224.12,   475.41,   724.58
227.55,   597.33,   473.09
227.09,   598.86,   598.08
226.63,   600.38,   723.07
230.07,   722.30,   471.57
229.61,   723.82,   596.56
229.15,   725.35,   721.55
350.01,   469.86,   475.09
349.55,   471.38,   600.08
349.09,   472.91,   725.07
352.53,   594.82,   473.58
352.07,   596.35,   598.57
351.61,   597.87,   723.56
355.04,   719.79,   472.07
354.58,   721.31,   597.06
354.12,   722.84,   722.05
100.06,   474.15,   599.55
100.59,   472.79,   724.55
101.12,   471.43,   849.54
101.26,   599.13,   600.91
101.79,   597.78,   725.90
102.32,   596.42,   850.89
102.46,   724.12,   602.26
102.99,   722.76,   727.25
103.52,   721.41,   852.24
225.05,   472.95,   599.01
225.59,   471.60,   724.00
226.12,   470.24,   848.99
226.25,   597.94,   600.36
226.78,   596.58,   725.35
227.32,   595.23,   850.34
227.45,   722.93,   601.71
227.98,   721.57,   726.70
228.51,   720.21,   851.70
350.05,   471.76,   598.47
350.58,   470.40,   723.46
351.11,   469.05,   848.45
351.25,   596.75,   599.82
351.78,   595.39,   724.81
352.31,   594.03,   849.80
352.45,   721.73,   601.17
352.98,   720.38,   726.16
353.51,   719.02,   851.15
101.23,   599.73,   100.39
100.23,   597.91,   225.37
99.24,   596.10,   350.35
104.56,   724.67,   102.23
103.57,   722.86,   227.21
102.57,   721.04,   352.20
107.90,   849.61,   104.07
106.90,   847.80,   229.06
105.90,   845.98,   354.04
226.18,   596.38,   101.33
225.18,   594.57,   226.32
224.19,   592.75,   351.30
229.51,   721.32,   103.18
228.52,   719.51,   228.16
227.52,   717.69,   353.14
232.85,   846.27,   105.02
231.85,   844.45,   230.00
230.86,   842.63,   354.98
351.13,   593.03,   102.28
350.13,   591.22,   227.26
349.14,   589.40,   352.24
354.46,   717.98,   104.12
353.47,   716.16,   229.10
352.47,   714.34,   354.09
357.80,   842.92,   105.96
356.80,   841.10,   230.95
355.81,   839.28,   355.93
101.91,   598.07,   226.19
105.34,   597.96,   351.15
108.78,   597.86,   476.10
104.80,   723.03,   226.22
108.24,   722.93,   351.17
111.67,   722.83,   476.12
107.69,   848.00,   226.24
111.13,   847.90,   351.19
114.56,   847.79,   476.14
226.83,   595.17,   222.76
230.26,   595.07,   347.71
233.70,   594.97,   472.66
229.72,   720.14,   222.78
233.15,   720.04,   347.73
236.59,   719.94,   472.69
232.61,   845.11,   222.80
236.05,   845.01,   347.76
239.48,   844.90,   472.71
351.75,   592.28,   219.32
355.18,   592.18,   344.27
358.62,   592.08,   469.23
354.64,   717.25,   219.34
358.07,   717.15,   344.30
361.51,   717.05,   469.25
357.53,   842.22,   219.37
360.97,   842.12,   344.32
364.40,   842.01,   469.27
100.36,   601.52,   349.88
102.63,   604.62,   474.82
104.90,   607.72,   599.76
99.78,   726.48,   346.79
102.04,   729.58,   471.73
104.31,   732.68,   596.67
99.19,   851.45,   343.70
101.46,   854.54,   468.64
103.72,   857.64,   593.59
225.34,   602.06,   347.60
227.61,   605.15,   472.54
229.87,   608.25,   597.48
224.76,   727.02,   344.51
227.02,   730.11,   469.45
229.29,   733.21,   594.39
224.17,   851.98,   341.42
226.43,   855.07,   466.37
228.70,   858.17,   591.31
350.32,   602.59,   345.32
352.59,   605.68,   470.26
354.85,   608.78,   595.20
349.73,   727.55,   342.23
352.00,   730.64,   467.17
354.26,   733.74,   592.11
349.15,   852.51,   339.15
351.41,   855.60,   464.09
353.68,   858.70,   589.03
99.97,   598.39,   475.39
101.17,   598.04,   600.39
102.36,   597.70,   725.38
102.18,   723.37,   475.72
103.38,   723.02,   600.71
104.58,   722.68,   725.70
104.40,   848.35,   476.04
105.60,   848.00,   601.03
106.80,   847.66,   726.03
224.94,   596.17,   474.19
226.14,   595.83,   599.18
227.34,   595.48,   724.18
227.16,   721.15,   474.51
228.36,   720.81,   599.51
229.56,   720.46,   724.50
229.38,   846.13,   474.84
230.57,   845.79,   599.83
231.77,   845.44,   724.82
349.92,   593.96,   472.99
351.11,   593.61,   597.98
352.31,   593.27,   722.97
352.13,   718.94,   473.31
353.33,   718.59,   598.30
354.53,   718.25,   723.30
354.35,   843.92,   473.63
355.55,   843.57,   598.63
356.75,   843.23,   723.62
100.67,   598.86,   601.35
98.97,   597.41,   726.33
97.27,   595.95,   851.31
98.28,   723.83,   602.77
96.59,   722.38,   727.75
94.89,   720.92,   852.73
95.90,   848.80,   604.20
94.20,   847.34,   729.18
92.50,   845.89,   854.16
225.63,   601.23,   603.08
223.94,   599.77,   728.06
222.24,   598.31,   853.04
223.25,   726.20,   604.50
221.55,   724.74,   729.48
219.85,   723.28,   854.46
220.86,   851.17,   605.92
219.17,   849.71,   730.90
217.47,   848.25,   855.88
350.60,   603.59,   604.80
348.90,   602.14,   729.78
347.20,   600.68,   854.76
348.22,   728.56,   606.23
346.52,   727.11,   731.21
344.82,   725.65,   856.19
345.83,   853.53,   607.65
344.13,   852.07,   732.63
342.43,   850.62,   857.61
223.14,   98.50,   100.27
226.51,   97.77,   225.22
229.87,   97.04,   350.17
221.58,   223.49,   101.04
224.95,   222.76,   225.99
228.31,   222.03,   350.95
220.02,   348.47,   101.81
223.38,   347.74,   226.77
226.75,   347.01,   351.72
348.09,   100.08,   96.91
351.45,   99.35,   221.86
354.82,   98.62,   346.82
346.52,   225.07,   97.68
349.89,   224.34,   222.64
353.26,   223.61,   347.59
344.96,   350.06,   98.46
348.33,   349.33,   223.41
351.69,   348.60,   348.36
473.03,   101.66,   93.55
476.40,   100.93,   218.51
479.76,   100.20,   343.46
471.47,   226.65,   94.33
474.84,   225.92,   219.28
478.20,   225.19,   344.23
469.91,   351.64,   95.10
473.27,   350.91,   220.05
476.64,   350.18,   345.00
226.40,   99.38,   226.57
225.62,   101.65,   351.54
224.84,   103.93,   476.52
223.12,   224.31,   224.27
222.34,   226.59,   349.25
221.56,   228.86,   474.22
219.84,   349.25,   221.98
219.06,   351.52,   346.95
218.28,   353.80,   471.93
351.35,   102.67,   227.29
350.57,   104.94,   352.26
349.79,   107.22,   477.24
348.07,   227.60,   224.99
347.29,   229.88,   349.97
346.51,   232.16,   474.95
344.80,   352.54,   222.70
344.01,   354.82,   347.67
343.23,   357.09,   472.65
476.31,   105.96,   228.01
475.53,   108.24,   352.99
474.75,   110.51,   477.96
473.03,   230.90,   225.71
472.25,   233.17,   350.69
471.47,   235.45,   475.67
469.75,   355.83,   223.42
468.97,   358.11,   348.39
468.19,   360.39,   473.37
224.02,   100.89,   350.82
221.98,   99.86,   475.80
219.93,   98.83,   600.78
222.92,   225.88,   351.83
220.87,   224.85,   476.81
218.83,   223.82,   601.79
221.81,   350.87,   352.85
219.77,   349.84,   477.82
217.72,   348.81,   602.80
349.00,   101.98,   352.87
346.96,   100.95,   477.85
344.91,   99.92,   602.83
347.90,   226.97,   353.88
345.85,   225.94,   478.86
343.81,   224.91,   603.84
346.79,   351.96,   354.90
344.75,   350.93,   479.88
342.70,   349.90,   604.86
473.98,   103.07,   354.92
471.94,   102.04,   479.90
469.89,   101.00,   604.88
472.87,   228.06,   355.94
470.83,   227.03,   480.92
468.79,   226.00,   605.90
471.77,   353.05,   356.95
469.72,   352.02,   481.93
467.68,   350.99,   606.91
224.86,   98.28,   473.36
222.67,   97.19,   598.33
220.47,   96.09,   723.31
224.67,   223.28,   474.45
222.48,   222.18,   599.43
220.28,   221.09,   724.40
224.48,   348.27,   475.54
222.28,   347.18,   600.52
220.09,   346.08,   725.49
349.84,   98.46,   475.55
347.65,   97.36,   600.53
345.45,   96.27,   725.51
349.65,   223.45,   476.65
347.46,   222.36,   601.62
345.26,   221.26,   726.60
349.46,   348.45,   477.74
347.26,   347.35,   602.71
345.07,   346.26,   727.69
474.82,   98.63,   477.75
472.63,   97.54,   602.73
470.44,   96.44,   727.70
474.63,   223.63,   478.84
472.44,   222.53,   603.82
470.24,   221.44,   728.79
474.44,   348.62,   479.93
472.24,   347.53,   604.91
470.05,   346.43,   729.89
225.92,   100.84,   601.22
225.31,   103.51,   726.19
224.69,   106.19,   851.15
227.44,   225.80,   598.54
226.82,   228.48,   723.51
226.20,   231.16,   848.48
228.96,   350.76,   595.87
228.34,   353.44,   720.84
227.72,   356.12,   845.81
350.91,   99.33,   601.87
350.30,   102.01,   726.84
349.68,   104.69,   851.81
352.43,   224.29,   599.19
351.81,   226.97,   724.16
351.19,   229.65,   849.13
353.95,   349.26,   596.52
353.33,   351.94,   721.49
352.71,   354.61,   846.46
475.90,   97.83,   602.52
475.28,   100.51,   727.49
474.67,   103.19,   852.46
477.42,   222.79,   599.84
476.80,   225.47,   724.81
476.18,   228.15,   849.78
478.94,   347.75,   597.17
478.32,   350.43,   722.14
477.70,   353.11,   847.11
223.68,   223.29,   101.72
221.06,   225.14,   226.68
218.45,   226.99,   351.64
222.60,   348.27,   99.85
219.98,   350.12,   224.81
217.37,   351.97,   349.77
221.52,   473.25,   97.97
218.91,   475.10,   222.93
216.29,   476.96,   347.89
348.65,   224.40,   104.33
346.03,   226.26,   229.29
343.41,   228.11,   354.24
347.57,   349.39,   102.45
344.95,   351.24,   227.41
342.33,   353.09,   352.37
346.49,   474.37,   100.57
343.87,   476.22,   225.53
341.25,   478.07,   350.49
473.62,   225.52,   106.93
471.00,   227.38,   231.89
468.38,   229.23,   356.85
472.54,   350.50,   105.05
469.92,   352.36,   230.01
467.30,   354.21,   354.97
471.46,   475.48,   103.18
468.84,   477.34,   228.13
466.22,   479.19,   353.09
225.56,   223.33,   226.96
226.59,   225.48,   351.94
227.62,   227.63,   476.91
228.50,   348.27,   224.78
229.52,   350.43,   349.76
230.55,   352.58,   474.74
231.43,   473.22,   222.60
232.46,   475.37,   347.58
233.48,   477.53,   472.56
350.53,   220.38,   225.98
351.55,   222.53,   350.96
352.58,   224.68,   475.94
353.46,   345.32,   223.81
354.49,   347.48,   348.78
355.51,   349.63,   473.76
356.39,   470.27,   221.63
357.42,   472.42,   346.61
358.45,   474.58,   471.58
475.49,   217.43,   225.01
476.51,   219.58,   349.99
477.54,   221.73,   474.96
478.42,   342.37,   222.83
479.45,   344.53,   347.81
480.47,   346.68,   472.79
481.36,   467.32,   220.65
482.38,   469.47,   345.63
483.41,   471.62,   470.61
226.99,   224.88,   348.43
227.91,   227.37,   473.40
228.84,   229.86,   598.37
225.43,   349.84,   345.94
226.36,   352.34,   470.92
227.28,   354.83,   595.89
223.88,   474.81,   343.46
224.81,   477.30,   468.43
225.73,   479.79,   593.41
351.97,   226.41,   347.47
352.90,   228.90,   472.44
353.82,   231.40,   597.41
350.42,   351.38,   344.99
351.35,   353.87,   469.96
352.27,   356.36,   594.93
348.87,   476.34,   342.51
349.79,   478.83,   467.48
350.72,   481.33,   592.45
476.96,   227.94,   346.51
477.89,   230.44,   471.49
478.81,   232.93,   596.46
475.41,   352.91,   344.03
476.33,   355.40,   469.00
477.26,   357.89,   593.98
473.86,   477.87,   341.55
474.78,   480.37,   466.52
475.71,   482.86,   591.49
224.49,   224.61,   475.92
221.30,   223.03,   600.87
218.10,   221.46,   725.82
223.03,   349.59,   477.46
219.84,   348.02,   602.41
216.64,   346.44,   727.36
221.57,   474.58,   479.00
218.37,   473.00,   603.95
215.18,   471.42,   728.90
349.44,   226.03,   479.13
346.25,   224.46,   604.08
343.05,   222.88,   729.03
347.98,   351.01,   480.67
344.79,   349.44,   605.62
341.59,   347.86,   730.57
346.52,   476.00,   482.21
343.32,   474.42,   607.16
340.13,   472.84,   732.11
474.40,   227.45,   482.35
471.20,   225.88,   607.30
468.00,   224.30,   732.25
472.93,   352.44,   483.89
469.74,   350.86,   608.84
466.54,   349.28,   733.79
471.47,   477.42,   485.43
468.28,   475.84,   610.38
465.08,   474.26,   735.33
225.49,   224.94,   600.04
225.98,   223.88,   725.03
226.48,   222.82,   850.03
223.83,   349.93,   601.10
224.33,   348.87,   726.10
224.83,   347.81,   851.09
222.17,   474.91,   602.17
222.67,   473.85,   727.16
223.17,   472.79,   852.16
350.48,   226.60,   599.55
350.97,   225.54,   724.55
351.47,   224.48,   849.54
348.82,   351.59,   600.62
349.32,   350.53,   725.61
349.81,   349.47,   850.61
347.16,   476.57,   601.69
347.66,   475.51,   726.68
348.16,   474.45,   851.67
475.46,   228.26,   599.07
475.96,   227.21,   724.06
476.46,   226.15,   849.06
473.81,   353.25,   600.14
474.30,   352.19,   725.13
474.80,   351.13,   850.12
472.15,   478.23,   601.20
472.65,   477.17,   726.20
473.14,   476.11,   851.19
224.75,   350.96,   98.63
222.96,   351.85,   223.61
221.18,   352.74,   348.59
222.28,   475.93,   97.70
220.50,   476.82,   222.69
218.71,   477.71,   347.67
219.82,   600.90,   96.78
218.03,   601.79,   221.76
216.25,   602.68,   346.75
349.71,   353.44,   100.39
347.92,   354.32,   225.38
346.14,   355.21,   350.36
347.24,   478.41,   99.47
345.46,   479.30,   224.45
343.68,   480.19,   349.44
344.78,   603.38,   98.54
343.00,   604.27,   223.53
341.21,   605.16,   348.51
474.67,   355.91,   102.16
472.89,   356.80,   227.14
471.10,   357.69,   352.13
472.21,   480.88,   101.23
470.42,   481.77,   226.22
468.64,   482.66,   351.20
469.74,   605.86,   100.31
467.96,   606.75,   225.29
466.18,   607.64,   350.28
225.40,   351.89,   223.67
222.69,   349.07,   348.61
219.97,   346.25,   473.54
226.20,   476.86,   226.51
223.49,   474.03,   351.45
220.78,   471.21,   476.38
227.01,   601.82,   229.35
224.29,   599.00,   354.29
221.58,   596.18,   479.22
350.37,   351.02,   226.36
347.65,   348.20,   351.30
344.94,   345.38,   476.24
351.17,   475.99,   229.20
348.46,   473.17,   354.14
345.75,   470.35,   479.08
351.98,   600.95,   232.04
349.26,   598.13,   356.98
346.55,   595.31,   481.92
475.34,   350.16,   229.06
472.62,   347.34,   353.99
469.91,   344.52,   478.93
476.14,   475.12,   231.90
473.43,   472.30,   356.83
470.71,   469.48,   481.77
476.94,   600.09,   234.74
474.23,   597.27,   359.67
471.52,   594.45,   484.61
225.31,   349.18,   351.26
224.52,   347.83,   476.25
223.74,   346.47,   601.24
223.74,   474.16,   352.61
222.95,   472.81,   477.60
222.17,   471.45,   602.59
222.17,   599.15,   353.95
221.39,   597.79,   478.94
220.60,   596.44,   603.93
350.30,   350.74,   352.06
349.51,   349.39,   477.05
348.73,   348.03,   602.04
348.73,   475.72,   353.41
347.94,   474.37,   478.40
347.16,   473.01,   603.39
347.16,   600.71,   354.76
346.37,   599.35,   479.75
345.59,   598.00,   604.74
475.28,   352.30,   352.87
474.50,   350.95,   477.86
473.71,   349.59,   602.85
473.72,   477.28,   354.21
472.93,   475.93,   479.20
472.14,   474.57,   604.19
472.15,   602.27,   355.56
471.36,   600.91,   480.55
470.58,   599.56,   605.54
223.72,   351.93,   473.66
222.06,   348.37,   598.60
220.41,   344.80,   723.54
224.64,   476.88,   477.24
222.99,   473.31,   602.18
221.33,   469.74,   727.12
225.57,   601.83,   480.83
223.92,   598.26,   605.76
222.26,   594.69,   730.70
348.70,   350.96,   475.29
347.05,   347.39,   600.23
345.39,   343.82,   725.17
349.63,   475.91,   478.87
347.97,   472.34,   603.81
346.32,   468.77,   728.75
350.56,   600.85,   482.45
348.90,   597.28,   607.39
347.25,   593.72,   732.33
473.69,   349.99,   476.92
472.03,   346.42,   601.86
470.38,   342.85,   726.80
474.61,   474.93,   480.50
472.96,   471.36,   605.44
471.31,   467.80,   730.38
475.54,   599.88,   484.08
473.89,   596.31,   609.02
472.23,   592.74,   733.96
226.96,   349.28,   601.88
228.44,   347.99,   726.87
229.92,   346.70,   851.85
229.77,   474.24,   603.14
231.25,   472.95,   728.12
232.73,   471.66,   853.11
232.58,   599.21,   604.40
234.06,   597.92,   729.38
235.54,   596.63,   854.36
351.92,   346.49,   600.37
353.40,   345.20,   725.36
354.88,   343.90,   850.34
354.73,   471.45,   601.63
356.21,   470.16,   726.61
357.69,   468.87,   851.60
357.54,   596.41,   602.89
359.02,   595.12,   727.87
360.50,   593.83,   852.85
476.88,   343.69,   598.86
478.36,   342.40,   723.85
479.84,   341.11,   848.83
479.69,   468.65,   600.12
481.17,   467.36,   725.10
482.65,   466.07,   850.09
482.50,   593.61,   601.38
483.98,   592.32,   726.36
485.46,   591.03,   851.34
223.43,   473.78,   101.44
222.36,   470.73,   226.39
221.29,   467.67,   351.35
222.69,   598.74,   104.49
221.62,   595.69,   229.45
220.55,   592.63,   354.40
221.95,   723.70,   107.54
220.88,   720.65,   232.50
219.81,   717.59,   357.45
348.43,   474.50,   102.53
347.35,   471.44,   227.49
346.28,   468.38,   352.44
347.69,   599.46,   105.58
346.61,   596.40,   230.54
345.54,   593.34,   355.49
346.95,   724.42,   108.63
345.87,   721.36,   233.59
344.80,   718.30,   358.55
473.42,   475.21,   103.62
472.35,   472.15,   228.58
471.27,   469.09,   353.53
472.68,   600.17,   106.67
471.61,   597.11,   231.63
470.53,   594.05,   356.59
471.94,   725.13,   109.72
470.87,   722.07,   234.68
469.79,   719.01,   359.64
226.63,   473.11,   223.95
226.81,   473.78,   348.95
227.00,   474.46,   473.95
226.87,   598.10,   223.28
227.05,   598.78,   348.27
227.24,   599.46,   473.27
227.11,   723.10,   222.60
227.29,   723.78,   347.60
227.48,   724.46,   472.60
351.63,   472.87,   223.77
351.81,   473.54,   348.76
352.00,   474.22,   473.76
351.87,   597.86,   223.09
352.05,   598.54,   348.09
352.24,   599.22,   473.08
352.11,   722.86,   222.41
352.29,   723.54,   347.41
352.48,   724.22,   472.41
476.63,   472.63,   223.58
476.81,   473.30,   348.58
477.00,   473.98,   473.57
476.86,   597.62,   222.90
477.05,   598.30,   347.90
477.24,   598.98,   472.90
477.10,   722.62,   222.22
477.29,   723.30,   347.22
477.48,   723.97,   472.22
226.27,   473.21,   351.74
229.39,   471.62,   476.69
232.52,   470.03,   601.64
224.56,   598.18,   353.37
227.68,   596.60,   478.32
230.80,   595.01,   603.27
222.85,   723.16,   355.00
225.97,   721.58,   479.95
229.09,   719.99,   604.90
351.22,   474.96,   348.64
354.34,   473.37,   473.59
357.47,   471.79,   598.54
349.51,   599.94,   350.27
352.63,   598.35,   475.22
355.75,   596.76,   600.17
347.80,   724.91,   351.90
350.92,   723.33,   476.85
354.04,   721.74,   601.80
476.17,   476.71,   345.54
479.29,   475.12,   470.49
482.41,   473.54,   595.44
474.46,   601.69,   347.17
477.58,   600.10,   472.12
480.70,   598.51,   597.07
472.75,   726.66,   348.80
475.87,   725.08,   473.75
478.99,   723.49,   598.70
223.41,   475.74,   475.18
223.73,   472.60,   600.14
224.06,   469.46,   725.11
226.92,   600.65,   478.31
227.24,   597.51,   603.27
227.56,   594.38,   728.23
230.43,   725.56,   481.44
230.75,   722.42,   606.40
231.07,   719.29,   731.36
348.36,   472.24,   474.77
348.68,   469.10,   599.73
349.01,   465.97,   724.69
351.87,   597.15,   477.90
352.19,   594.01,   602.86
352.52,   590.88,   727.82
355.38,   722.06,   481.03
355.70,   718.93,   605.99
356.02,   715.79,   730.95
473.31,   468.74,   474.36
473.64,   465.60,   599.32
473.96,   462.47,   724.28
476.82,   593.65,   477.49
477.14,   590.52,   602.45
477.47,   587.38,   727.41
480.33,   718.56,   480.62
480.65,   715.43,   605.58
480.97,   712.29,   730.54
224.49,   475.69,   601.52
226.07,   476.00,   726.51
227.65,   476.32,   851.50
224.97,   600.69,   601.20
226.55,   601.00,   726.19
228.13,   601.31,   851.18
225.45,   725.69,   600.88
227.03,   726.00,   725.87
228.60,   726.31,   850.86
349.48,   475.21,   599.94
351.06,   475.52,   724.93
352.64,   475.83,   849.92
349.96,   600.21,   599.62
351.53,   600.52,   724.61
353.11,   600.83,   849.60
350.43,   725.20,   599.30
352.01,   725.52,   724.29
353.59,   725.83,   849.28
474.47,   474.72,   598.36
476.04,   475.04,   723.35
477.62,   475.35,   848.34
474.94,   599.72,   598.04
476.52,   600.04,   723.03
478.10,   600.35,   848.02
475.42,   724.72,   597.72
477.00,   725.03,   722.71
478.58,   725.35,   847.70
225.56,   600.00,   99.17
223.87,   598.57,   224.15
222.17,   597.14,   349.13
226.43,   724.99,   100.62
224.73,   723.56,   225.60
223.04,   722.13,   350.58
227.30,   849.98,   102.06
225.60,   848.55,   227.04
223.91,   847.12,   352.02
350.55,   599.12,   100.86
348.85,   597.68,   225.84
347.16,   596.25,   350.82
351.42,   724.11,   102.30
349.72,   722.67,   227.28
348.02,   721.24,   352.26
352.28,   849.09,   103.75
350.59,   847.66,   228.73
348.89,   846.23,   353.71
475.53,   598.23,   102.54
473.84,   596.80,   227.53
472.14,   595.37,   352.51
476.40,   723.22,   103.99
474.71,   721.79,   228.97
473.01,   720.35,   353.95
477.27,   848.21,   105.43
475.57,   846.77,   230.41
473.88,   845.34,   355.39
224.26,   598.74,   223.38
222.06,   602.15,   348.32
219.85,   605.57,   473.25
221.41,   723.66,   219.92
219.20,   727.07,   344.85
216.99,   730.49,   469.79
218.55,   848.58,   216.45
216.34,   851.99,   341.39
214.13,   855.41,   466.32
349.21,   601.66,   225.51
347.01,   605.07,   350.44
344.80,   608.48,   475.38
346.35,   726.58,   222.05
344.15,   729.99,   346.98
341.94,   733.40,   471.91
343.50,   851.50,   218.58
341.29,   854.91,   343.52
339.08,   858.32,   468.45
474.16,   604.57,   227.64
471.95,   607.99,   352.57
469.75,   611.40,   477.50
471.30,   729.49,   224.17
469.09,   732.91,   349.11
466.89,   736.32,   474.04
468.44,   854.41,   220.71
466.24,   857.83,   345.64
464.03,   861.24,   470.58
225.97,   598.90,   349.18
224.44,   602.27,   474.13
222.90,   605.64,   599.07
228.96,   723.82,   345.85
227.43,   727.19,   470.80
225.90,   730.56,   595.74
231.96,   848.74,   342.52
230.42,   852.11,   467.46
228.89,   855.48,   592.41
350.92,   595.95,   350.80
349.39,   599.32,   475.74
347.86,   602.69,   600.69
353.92,   720.87,   347.46
352.38,   724.24,   472.41
350.85,   727.61,   597.35
356.91,   845.79,   344.13
355.38,   849.16,   469.08
353.85,   852.53,   594.02
475.88,   593.00,   352.41
474.35,   596.37,   477.35
472.81,   599.74,   602.30
478.87,   717.92,   349.08
477.34,   721.29,   474.02
475.81,   724.66,   598.97
481.87,   842.84,   345.74
480.33,   846.21,   470.69
478.80,   849.58,   595.63
224.19,   600.03,   476.99
224.63,   602.11,   601.97
225.08,   604.20,   726.95
227.35,   724.97,   474.89
227.79,   727.05,   599.87
228.23,   729.14,   724.86
230.50,   849.91,   472.80
230.95,   852.00,   597.78
231.39,   854.08,   722.76
349.15,   596.86,   476.60
349.59,   598.95,   601.58
350.04,   601.03,   726.56
352.31,   721.81,   474.50
352.75,   723.89,   599.48
353.19,   725.98,   724.47
355.46,   846.75,   472.41
355.91,   848.83,   597.39
356.35,   850.92,   722.37
474.11,   593.70,   476.21
474.55,   595.79,   601.19
475.00,   597.87,   726.17
477.27,   718.64,   474.11
477.71,   720.73,   599.09
478.15,   722.81,   724.08
480.42,   843.59,   472.02
480.87,   845.67,   597.00
481.31,   847.76,   721.98
225.63,   601.99,   601.21
222.03,   598.76,   726.12
218.43,   595.52,   851.02
228.37,   726.92,   604.52
224.77,   723.68,   729.43
221.17,   720.45,   854.34
231.11,   851.84,   607.84
227.51,   848.61,   732.75
223.91,   845.37,   857.65
350.55,   599.16,   604.74
346.95,   595.92,   729.65
343.34,   592.69,   854.55
353.29,   724.08,   608.05
349.69,   720.85,   732.96
346.09,   717.61,   857.87
356.03,   849.01,   611.37
352.43,   845.77,   736.28
348.83,   842.54,   861.18
475.47,   596.32,   608.27
471.86,   593.09,   733.18
468.26,   589.85,   858.08
478.21,   721.25,   611.58
474.61,   718.01,   736.49
471.00,   714.78,   861.40
480.95,   846.17,   614.90
477.35,   842.94,   739.80
473.75,   839.70,   864.71
351.06,   101.93,   100.18
353.82,   98.44,   225.10
356.57,   94.95,   350.03
348.33,   226.85,   103.73
351.09,   223.36,   228.65
353.84,   219.87,   353.57
345.60,   351.77,   107.28
348.36,   348.28,   232.20
351.11,   344.79,   357.12
476.00,   104.74,   97.51
478.76,   101.25,   222.43
481.51,   97.76,   347.35
473.27,   229.66,   101.05
476.03,   226.17,   225.97
478.78,   222.68,   350.90
470.54,   354.58,   104.60
473.30,   351.09,   229.52
476.05,   347.60,   354.44
600.94,   107.54,   94.83
603.70,   104.06,   219.75
606.45,   100.57,   344.67
598.21,   232.46,   98.37
600.97,   228.97,   223.30
603.72,   225.49,   348.22
595.48,   357.38,   101.92
598.23,   353.89,   226.84
600.99,   350.41,   351.77
348.29,   99.73,   223.07
351.08,   96.51,   348.00
353.87,   93.29,   472.93
351.45,   224.65,   226.23
354.24,   221.43,   351.15
357.03,   218.21,   476.08
354.61,   349.57,   229.38
357.40,   346.35,   354.31
360.19,   343.13,   479.23
473.22,   96.64,   220.20
476.01,   93.42,   345.13
478.80,   90.20,   470.06
476.38,   221.56,   223.36
479.17,   218.34,   348.28
481.96,   215.12,   473.21
479.54,   346.48,   226.51
482.33,   343.26,   351.44
485.12,   340.04,   476.36
598.15,   93.55,   217.33
600.94,   90.33,   342.26
603.73,   87.11,   467.19
601.31,   218.47,   220.48
604.10,   215.25,   345.41
606.89,   212.03,   470.34
604.47,   343.39,   223.64
607.26,   340.17,   348.57
610.05,   336.95,   473.49
348.86,   101.79,   351.41
350.14,   99.04,   476.37
351.43,   96.29,   601.33
348.55,   226.76,   354.16
349.84,   224.01,   479.12
351.12,   221.26,   604.09
348.25,   351.73,   356.91
349.53,   348.98,   481.88
350.82,   346.23,   606.84
473.85,   102.13,   350.13
475.13,   99.38,   475.09
476.42,   96.63,   600.06
473.54,   227.10,   352.88
474.83,   224.35,   477.85
476.11,   221.60,   602.81
473.24,   352.07,   355.64
474.52,   349.32,   480.60
475.81,   346.57,   605.56
598.84,   102.46,   348.85
600.13,   99.71,   473.81
601.41,   96.96,   598.78
598.54,   227.43,   351.60
599.82,   224.68,   476.57
601.11,   221.93,   601.53
598.23,   352.40,   354.36
599.52,   349.65,   479.32
600.80,   346.90,   604.28
348.02,   98.00,   476.88
347.47,   99.42,   601.87
346.92,   100.85,   726.86
348.24,   222.99,   475.45
347.69,   224.42,   600.44
347.14,   225.84,   725.43
348.45,   347.98,   474.03
347.90,   349.41,   599.02
347.35,   350.83,   724.01
473.02,   97.79,   477.43
472.47,   99.22,   602.42
471.92,   100.64,   727.41
473.23,   222.78,   476.00
472.68,   224.21,   600.99
472.14,   225.63,   725.99
473.45,   347.77,   474.58
472.90,   349.20,   599.57
472.35,   350.62,   724.56
598.02,   97.58,   477.98
597.47,   99.01,   602.97
596.92,   100.43,   727.96
598.23,   222.57,   476.56
597.68,   224.00,   601.55
597.13,   225.42,   726.54
598.45,   347.56,   475.13
597.90,   348.99,   600.12
597.35,   350.41,   725.11
351.05,   101.08,   599.98
348.78,   102.65,   724.95
346.51,   104.23,   849.92
349.18,   226.05,   598.37
346.91,   227.63,   723.34
344.64,   229.20,   848.31
347.32,   351.03,   596.76
345.05,   352.60,   721.73
342.77,   354.18,   846.70
476.02,   102.97,   602.23
473.74,   104.55,   727.20
471.47,   106.12,   852.17
474.15,   227.95,   600.62
471.88,   229.52,   725.59
469.61,   231.10,   850.56
472.28,   352.92,   599.01
470.01,   354.50,   723.98
467.74,   356.07,   848.95
600.98,   104.87,   604.48
598.71,   106.44,   729.45
596.44,   108.02,   854.41
599.11,   229.84,   602.87
596.84,   231.42,   727.84
594.57,   232.99,   852.81
597.25,   354.82,   601.26
594.98,   356.39,   726.23
592.70,   357.97,   851.20
348.09,   225.96,   101.96
345.85,   228.76,   226.91
343.62,   231.56,   351.86
348.32,   350.93,   99.16
346.09,   353.73,   224.11
343.86,   356.53,   349.06
348.56,   475.90,   96.37
346.33,   478.70,   221.32
344.10,   481.50,   346.26
473.07,   225.77,   104.20
470.83,   228.57,   229.15
468.60,   231.37,   354.10
473.30,   350.74,   101.40
471.07,   353.54,   226.35
468.84,   356.34,   351.30
473.54,   475.71,   98.61
471.31,   478.51,   223.55
469.08,   481.31,   348.50
598.05,   225.58,   106.44
595.81,   228.38,   231.39
593.58,   231.18,   356.34
598.28,   350.55,   103.64
596.05,   353.35,   228.59
593.82,   356.15,   353.54
598.52,   475.52,   100.84
596.29,   478.32,   225.79
594.06,   481.12,   350.74
351.90,   226.07,   223.03
348.42,   223.79,   347.96
344.94,   221.52,   472.89
349.23,   351.02,   225.23
345.75,   348.75,   350.16
342.27,   346.48,   475.09
346.56,   475.97,   227.42
343.08,   473.70,   352.35
339.60,   471.43,   477.29
476.82,   228.67,   226.56
473.34,   226.40,   351.49
469.86,   224.13,   476.42
474.15,   353.63,   228.76
470.67,   351.36,   353.69
467.19,   349.09,   478.62
471.48,   478.58,   230.95
468.00,   476.31,   355.88
464.52,   474.04,   480.81
601.75,   231.28,   230.09
598.27,   229.01,   355.02
594.79,   226.74,   479.95
599.08,   356.24,   232.28
595.59,   353.97,   357.21
592.11,   351.69,   482.14
596.40,   481.19,   234.48
592.92,   478.92,   359.41
589.44,   476.65,   484.34
348.82,   223.17,   350.43
348.84,   224.15,   475.43
348.85,   225.12,   600.42
349.03,   348.17,   349.46
349.05,   349.15,   474.45
349.06,   350.12,   599.45
349.24,   473.17,   348.48
349.26,   474.14,   473.48
349.28,   475.12,   598.47
473.82,   222.96,   350.42
473.84,   223.94,   475.41
473.85,   224.91,   600.41
474.03,   347.96,   349.44
474.05,   348.93,   474.44
474.06,   349.91,   599.43
474.24,   472.96,   348.47
474.26,   473.93,   473.46
474.28,   474.91,   598.46
598.82,   222.75,   350.40
598.84,   223.73,   475.40
598.85,   224.70,   600.40
599.03,   347.75,   349.43
599.05,   348.72,   474.42
599.06,   349.70,   599.42
599.24,   472.74,   348.45
599.26,   473.72,   473.45
599.27,   474.70,   598.44
351.85,   223.30,   474.12
349.19,   220.39,   599.06
346.52,   217.49,   723.99
354.40,   348.24,   477.08
351.74,   345.33,   602.01
349.07,   342.43,   726.95
356.95,   473.18,   480.03
354.28,   470.27,   604.97
351.62,   467.37,   729.91
476.80,   220.69,   476.73
474.13,   217.78,   601.66
471.46,   214.88,   726.60
479.35,   345.62,   479.68
476.68,   342.72,   604.62
474.01,   339.82,   729.56
481.90,   470.56,   482.64
479.23,   467.66,   607.58
476.56,   464.76,   732.52
601.74,   218.07,   479.33
599.08,   215.17,   604.27
596.41,   212.27,   729.21
604.29,   343.01,   482.29
601.63,   340.11,   607.23
598.96,   337.21,   732.17
606.84,   467.95,   485.25
604.18,   465.05,   610.19
601.51,   462.14,   735.13
349.06,   226.32,   601.90
347.73,   227.06,   726.89
346.41,   227.81,   851.88
347.28,   351.30,   601.14
345.96,   352.05,   726.13
344.63,   352.79,   851.12
345.50,   476.29,   600.37
344.18,   477.03,   725.37
342.86,   477.78,   850.36
474.04,   228.10,   603.21
472.71,   228.85,   728.21
471.39,   229.59,   853.20
472.26,   353.09,   602.45
470.94,   353.83,   727.44
469.61,   354.58,   852.43
470.49,   478.07,   601.69
469.16,   478.82,   726.68
467.84,   479.56,   851.67
599.02,   229.89,   604.53
597.69,   230.63,   729.52
596.37,   231.38,   854.51
597.24,   354.87,   603.76
595.92,   355.62,   728.75
594.59,   356.36,   853.75
595.47,   479.86,   603.00
594.14,   480.60,   727.99
592.82,   481.35,   852.98
349.33,   348.19,   101.95
350.99,   349.72,   226.93
352.66,   351.26,   351.91
349.69,   473.18,   100.41
351.35,   474.71,   225.39
353.02,   476.25,   350.37
350.05,   598.17,   98.87
351.71,   599.70,   223.85
353.38,   601.24,   348.83
474.32,   347.81,   100.29
475.98,   349.34,   225.27
477.64,   350.88,   350.25
474.68,   472.80,   98.75
476.34,   474.33,   223.73
478.00,   475.87,   348.71
475.04,   597.79,   97.21
476.70,   599.32,   222.19
478.37,   600.86,   347.17
599.30,   347.42,   98.63
600.97,   348.96,   223.61
602.63,   350.50,   348.59
599.66,   472.41,   97.09
601.33,   473.95,   222.07
602.99,   475.49,   347.05
600.03,   597.40,   95.55
601.69,   598.94,   220.53
603.35,   600.48,   345.51
351.06,   349.31,   224.35
349.33,   351.54,   349.31
347.60,   353.77,   474.28
348.95,   474.27,   222.08
347.21,   476.50,   347.05
345.48,   478.73,   472.02
346.83,   599.23,   219.82
345.10,   601.46,   344.79
343.37,   603.70,   469.76
476.03,   351.45,   226.04
474.30,   353.69,   351.01
472.57,   355.92,   475.98
473.92,   476.41,   223.78
472.18,   478.65,   348.75
470.45,   480.88,   473.71
471.80,   601.38,   221.52
470.07,   603.61,   346.48
468.34,   605.84,   471.45
601.00,   353.60,   227.73
599.27,   355.83,   352.70
597.54,   358.06,   477.67
598.89,   478.56,   225.47
597.15,   480.79,   350.44
595.42,   483.03,   475.41
596.77,   603.52,   223.21
595.04,   605.75,   348.18
593.31,   607.99,   473.15
351.53,   349.39,   349.28
350.43,   350.58,   474.27
349.33,   351.76,   599.26
350.72,   474.39,   348.09
349.62,   475.57,   473.08
348.52,   476.75,   598.07
349.90,   599.38,   346.90
348.80,   600.56,   471.89
347.70,   601.74,   596.88
476.53,   350.22,   350.37
475.43,   351.41,   475.36
474.33,   352.59,   600.35
475.71,   475.22,   349.18
474.61,   476.40,   474.17
473.51,   477.58,   599.16
474.89,   600.21,   347.99
473.79,   601.39,   472.98
472.69,   602.57,   597.97
601.52,   351.05,   351.47
600.42,   352.23,   476.46
599.32,   353.42,   601.45
600.70,   476.04,   350.28
599.60,   477.23,   475.27
598.50,   478.41,   600.26
599.88,   601.04,   349.09
598.78,   602.22,   474.08
597.68,   603.40,   599.07
349.31,   351.62,   475.92
350.80,   353.40,   600.90
352.29,   355.18,   725.88
350.16,   476.60,   474.13
351.65,   478.38,   599.11
353.14,   480.17,   724.09
351.00,   601.59,   472.34
352.49,   603.37,   597.32
353.99,   605.15,   722.30
474.30,   350.75,   474.44
475.79,   352.53,   599.42
477.28,   354.31,   724.40
475.14,   475.73,   472.65
476.64,   477.52,   597.63
478.13,   479.30,   722.61
475.99,   600.72,   470.86
477.48,   602.50,   595.84
478.98,   604.28,   720.82
599.28,   349.88,   472.96
600.78,   351.66,   597.94
602.27,   353.44,   722.92
600.13,   474.87,   471.17
601.62,   476.65,   596.15
603.12,   478.43,   721.13
600.98,   599.85,   469.38
602.47,   601.63,   594.36
603.96,   603.41,   719.34
348.30,   350.76,   601.79
346.24,   349.27,   726.76
344.17,   347.78,   851.74
349.68,   475.75,   603.30
347.62,   474.25,   728.27
345.56,   472.76,   853.25
351.07,   600.73,   604.81
349.01,   599.24,   729.79
346.94,   597.75,   854.76
473.27,   349.35,   603.83
471.21,   347.86,   728.81
469.15,   346.37,   853.78
474.66,   474.34,   605.35
472.60,   472.84,   730.32
470.53,   471.35,   855.30
476.05,   599.32,   606.86
473.98,   597.83,   731.84
471.92,   596.34,   856.81
598.25,   347.94,   605.88
596.19,   346.45,   730.85
594.12,   344.96,   855.83
599.64,   472.93,   607.39
597.57,   471.43,   732.37
595.51,   469.94,   857.34
601.02,   597.91,   608.91
598.96,   596.42,   733.88
596.89,   594.93,   858.86
348.75,   476.08,   99.34
347.01,   474.52,   224.32
345.28,   472.96,   349.30
345.97,   601.04,   100.86
344.23,   599.48,   225.84
342.50,   597.92,   350.81
343.19,   726.00,   102.37
341.46,   724.44,   227.35
339.72,   722.88,   352.33
473.71,   478.83,   101.11
471.97,   477.28,   226.09
470.24,   475.72,   351.06
470.93,   603.79,   102.63
469.19,   602.24,   227.60
467.46,   600.68,   352.58
468.15,   728.75,   104.14
466.41,   727.20,   229.12
464.68,   725.64,   354.10
598.66,   481.59,   102.88
596.93,   480.03,   227.86
595.19,   478.48,   352.83
595.88,   606.55,   104.40
594.15,   604.99,   229.37
592.41,   603.44,   354.35
593.11,   731.51,   105.91
591.37,   729.95,   230.89
589.63,   728.40,   355.87
348.25,   475.96,   223.75
348.73,   474.83,   348.74
349.22,   473.69,   473.74
350.59,   600.93,   224.87
351.08,   599.80,   349.87
351.57,   598.67,   474.86
352.94,   725.90,   226.00
353.42,   724.77,   350.99
353.91,   723.64,   475.98
473.23,   473.62,   223.24
473.71,   472.49,   348.24
474.20,   471.35,   473.23
475.57,   598.59,   224.37
476.06,   597.46,   349.36
476.54,   596.33,   474.35
477.92,   723.56,   225.49
478.40,   722.43,   350.48
478.89,   721.30,   475.48
598.20,   471.28,   222.74
598.69,   470.15,   347.73
599.17,   469.01,   472.72
600.55,   596.25,   223.86
601.03,   595.12,   348.85
601.52,   593.99,   473.85
602.89,   721.22,   224.98
603.38,   720.09,   349.98
603.86,   718.96,   474.97
350.58,   474.27,   349.78
353.84,   473.67,   474.74
357.10,   473.07,   599.70
348.85,   599.26,   350.43
352.11,   598.66,   475.39
355.37,   598.06,   600.34
347.12,   724.25,   351.08
350.38,   723.64,   476.03
353.64,   723.04,   600.99
475.52,   476.02,   346.53
478.78,   475.42,   471.49
482.04,   474.82,   596.44
473.79,   601.00,   347.18
477.05,   600.40,   472.13
480.32,   599.80,   597.09
472.07,   725.99,   347.82
475.33,   725.39,   472.78
478.59,   724.79,   597.74
600.47,   477.76,   343.28
603.73,   477.16,   468.24
606.99,   476.56,   593.19
598.74,   602.75,   343.93
602.00,   602.15,   468.88
605.26,   601.55,   593.84
597.01,   727.74,   344.57
600.27,   727.13,   469.53
603.53,   726.53,   594.48
349.06,   473.02,   474.08
352.64,   475.91,   599.00
356.23,   478.79,   723.91
350.43,   597.98,   471.15
354.01,   600.86,   596.07
357.59,   603.75,   720.98
351.79,   722.93,   468.23
355.38,   725.82,   593.14
358.96,   728.71,   718.06
474.00,   471.57,   470.53
477.59,   474.46,   595.45
481.17,   477.34,   720.36
475.37,   596.53,   467.60
478.95,   599.41,   592.52
482.53,   602.30,   717.43
476.74,   721.49,   464.68
480.32,   724.37,   589.59
483.90,   727.26,   714.51
598.94,   470.12,   466.98
602.53,   473.01,   591.90
606.11,   475.89,   716.81
600.31,   595.08,   464.05
603.89,   597.97,   588.97
607.48,   600.85,   713.88
601.68,   720.04,   461.13
605.26,   722.92,   586.04
608.84,   725.81,   710.96
349.62,   476.00,   598.03
353.28,   477.57,   722.97
356.93,   479.14,   847.90
348.67,   600.99,   596.49
352.32,   602.56,   721.42
355.97,   604.13,   846.36
347.71,   725.98,   594.95
351.36,   727.55,   719.88
355.02,   729.11,   844.82
474.57,   476.91,   594.36
478.22,   478.48,   719.30
481.87,   480.05,   844.24
473.61,   601.90,   592.82
477.26,   603.47,   717.76
480.92,   605.04,   842.70
472.65,   726.89,   591.28
476.31,   728.46,   716.22
479.96,   730.03,   841.15
599.51,   477.83,   590.70
603.16,   479.39,   715.63
606.82,   480.96,   840.57
598.55,   602.81,   589.16
602.21,   604.38,   714.09
605.86,   605.95,   839.03
597.60,   727.80,   587.62
601.25,   729.37,   712.55
604.90,   730.94,   837.49
351.03,   601.06,   100.56
348.72,   602.99,   225.52
346.41,   604.92,   350.48
352.40,   726.04,   98.66
350.08,   727.97,   223.62
347.77,   729.89,   348.58
353.76,   851.02,   96.75
351.45,   852.95,   221.72
349.14,   854.87,   346.68
476.00,   599.73,   102.89
473.69,   601.66,   227.85
471.38,   603.59,   352.82
477.37,   724.71,   100.99
475.06,   726.64,   225.95
472.75,   728.57,   350.91
478.73,   849.69,   99.09
476.42,   851.62,   224.05
474.11,   853.54,   349.01
600.97,   598.41,   105.22
598.66,   600.33,   230.18
596.35,   602.26,   355.15
602.34,   723.38,   103.32
600.03,   725.31,   228.28
597.72,   727.24,   353.25
603.70,   848.36,   101.42
601.39,   850.29,   226.38
599.08,   852.21,   351.34
349.14,   598.57,   224.87
351.85,   598.94,   349.84
354.56,   599.31,   474.81
345.87,   723.53,   224.57
348.57,   723.90,   349.54
351.28,   724.27,   474.51
342.59,   848.49,   224.28
345.30,   848.85,   349.25
348.01,   849.22,   474.22
474.07,   601.84,   222.16
476.78,   602.21,   347.13
479.48,   602.58,   472.10
470.79,   726.80,   221.86
473.50,   727.17,   346.83
476.21,   727.53,   471.80
467.52,   851.75,   221.56
470.23,   852.12,   346.53
472.93,   852.49,   471.50
599.00,   605.11,   219.44
601.70,   605.48,   344.41
604.41,   605.84,   469.38
595.72,   730.06,   219.14
598.43,   730.43,   344.11
601.14,   730.80,   469.08
592.45,   855.02,   218.84
595.16,   855.39,   343.81
597.86,   855.76,   468.78
350.23,   599.13,   349.44
347.73,   596.12,   474.38
345.23,   593.11,   599.32
351.12,   724.09,   352.46
348.62,   721.08,   477.40
346.12,   718.07,   602.34
352.00,   849.05,   355.49
349.50,   846.04,   480.43
347.01,   843.03,   605.36
475.20,   598.18,   351.91
472.70,   595.17,   476.85
470.20,   592.17,   601.79
476.09,   723.14,   354.94
473.59,   720.13,   479.88
471.09,   717.13,   604.82
476.98,   848.10,   357.96
474.48,   845.09,   482.90
471.98,   842.09,   607.84
600.17,   597.23,   354.39
597.67,   594.22,   479.33
595.17,   591.22,   604.27
601.06,   722.19,   357.42
598.56,   719.18,   482.36
596.06,   716.18,   607.29
601.95,   847.15,   360.44
599.45,   844.14,   485.38
596.95,   841.14,   610.32
351.90,   598.59,   476.23
353.93,   600.25,   601.20
355.95,   601.90,   726.17
349.76,   723.56,   474.61
351.79,   725.22,   599.58
353.81,   726.88,   724.55
347.62,   848.53,   472.98
349.64,   850.19,   597.95
351.67,   851.85,   722.93
476.87,   600.71,   474.18
478.89,   602.36,   599.15
480.92,   604.02,   724.12
474.73,   725.68,   472.55
476.75,   727.33,   597.53
478.78,   728.99,   722.50
472.58,   850.65,   470.93
474.61,   852.31,   595.90
476.63,   853.96,   720.87
601.83,   602.82,   472.12
603.86,   604.48,   597.10
605.88,   606.14,   722.07
599.69,   727.79,   470.50
601.72,   729.45,   595.47
603.74,   731.11,   720.44
597.55,   852.76,   468.88
599.57,   854.42,   593.85
601.60,   856.08,   718.82
350.29,   601.59,   601.86
349.70,   598.36,   726.81
349.11,   595.13,   851.77
348.41,   726.53,   605.08
347.83,   723.30,   730.04
347.24,   720.07,   854.99
346.54,   851.47,   608.30
345.95,   848.24,   733.26
345.36,   845.01,   858.21
475.27,   603.44,   602.49
474.69,   600.21,   727.45
474.10,   596.99,   852.41
473.40,   728.39,   605.71
472.81,   725.16,   730.67
472.22,   721.93,   855.63
471.52,   853.33,   608.93
470.94,   850.10,   733.89
470.35,   846.87,   858.85
600.26,   605.30,   603.13
599.67,   602.07,   728.09
599.08,   598.84,   853.04
598.38,   730.25,   606.35
597.80,   727.02,   731.31
597.21,   723.79,   856.26
596.51,   855.19,   609.57
595.92,   851.96,   734.53
595.33,   848.73,   859.48
476.54,   98.46,   100.53
479.56,   100.49,   225.48
482.57,   102.52,   350.42
478.92,   223.42,   98.44
481.93,   225.45,   223.39
484.95,   227.48,   348.34
481.30,   348.38,   96.35
484.31,   350.41,   221.30
487.32,   352.44,   346.25
601.48,   96.04,   97.55
604.50,   98.07,   222.50
607.51,   100.10,   347.45
603.86,   221.00,   95.47
606.87,   223.03,   220.42
609.89,   225.06,   345.36
606.24,   345.96,   93.38
609.25,   347.99,   218.33
612.27,   350.02,   343.28
726.42,   93.61,   94.58
729.44,   95.64,   219.53
732.45,   97.67,   344.48
728.80,   218.57,   92.49
731.82,   220.60,   217.44
734.83,   222.63,   342.39
731.18,   343.53,   90.41
734.19,   345.56,   215.35
737.21,   347.59,   340.30
475.45,   99.91,   225.12
477.58,   96.89,   350.07
479.71,   93.87,   475.01
477.01,   224.86,   228.11
479.15,   221.85,   353.06
481.28,   218.83,   478.00
478.58,   349.82,   231.10
480.72,   346.80,   356.05
482.85,   343.78,   481.00
600.42,   98.39,   222.95
602.55,   95.37,   347.90
604.68,   92.36,   472.84
601.99,   223.35,   225.95
604.12,   220.33,   350.89
606.25,   217.31,   475.84
603.56,   348.30,   228.94
605.69,   345.28,   353.88
607.82,   342.26,   478.83
725.39,   96.87,   220.79
727.52,   93.86,   345.73
729.65,   90.84,   470.68
726.96,   221.83,   223.78
729.09,   218.81,   348.72
731.22,   215.79,   473.67
728.53,   346.78,   226.77
730.66,   343.76,   351.71
732.79,   340.75,   476.66
474.60,   99.54,   350.94
475.27,   100.70,   475.93
475.94,   101.86,   600.92
476.93,   224.51,   349.76
477.61,   225.67,   474.76
478.28,   226.83,   599.75
479.27,   349.48,   348.59
479.94,   350.65,   473.58
480.61,   351.81,   598.58
599.58,   97.20,   350.29
600.25,   98.36,   475.28
600.92,   99.52,   600.27
601.91,   222.17,   349.11
602.58,   223.33,   474.11
603.25,   224.49,   599.10
604.24,   347.14,   347.94
604.92,   348.31,   472.93
605.59,   349.47,   597.93
724.55,   94.86,   349.64
725.23,   96.02,   474.63
725.90,   97.18,   599.62
726.89,   219.83,   348.46
727.56,   220.99,   473.46
728.23,   222.15,   598.45
729.22,   344.80,   347.29
729.89,   345.97,   472.28
730.56,   347.13,   597.28
474.97,   100.12,   476.29
471.63,   97.08,   601.21
468.29,   94.03,   726.12
475.75,   225.08,   479.36
472.42,   222.04,   604.27
469.08,   218.99,   729.19
476.54,   350.04,   482.42
473.20,   347.00,   607.34
469.86,   343.95,   732.26
599.92,   99.25,   479.61
596.58,   96.20,   604.53
593.24,   93.16,   729.44
600.71,   224.21,   482.67
597.37,   221.16,   607.59
594.03,   218.12,   732.51
601.50,   349.17,   485.74
598.16,   346.12,   610.66
594.82,   343.08,   735.58
724.87,   98.38,   482.93
721.53,   95.33,   607.84
718.19,   92.29,   732.76
725.66,   223.34,   485.99
722.32,   220.29,   610.91
718.98,   217.25,   735.83
726.45,   348.30,   489.06
723.11,   345.25,   613.98
719.77,   342.21,   738.90
475.07,   99.33,   598.66
473.88,   99.96,   723.65
472.68,   100.59,   848.65
476.25,   224.33,   598.05
475.06,   224.95,   723.04
473.86,   225.58,   848.03
477.43,   349.32,   597.43
476.23,   349.95,   722.42
475.04,   350.57,   847.42
600.06,   98.16,   599.86
598.87,   98.79,   724.85
597.67,   99.41,   849.85
601.24,   223.15,   599.25
600.04,   223.78,   724.24
598.85,   224.41,   849.23
602.42,   348.15,   598.63
601.22,   348.77,   723.62
600.03,   349.40,   848.62
725.05,   96.99,   601.06
723.85,   97.61,   726.05
722.66,   98.24,   851.05
726.23,   221.98,   600.45
725.03,   222.61,   725.44
723.84,   223.23,   850.43
727.41,   346.97,   599.83
726.21,   347.60,   724.82
725.02,   348.23,   849.82
474.18,   224.86,   99.49
471.61,   228.33,   224.41
469.03,   231.81,   349.34
477.40,   349.77,   96.08
474.82,   353.24,   221.00
472.24,   356.72,   345.93
480.61,   474.68,   92.67
478.03,   478.16,   217.59
475.45,   481.63,   342.52
599.12,   221.72,   102.15
596.54,   225.19,   227.08
593.96,   228.67,   352.00
602.33,   346.63,   98.74
599.75,   350.10,   223.67
597.17,   353.58,   348.59
605.54,   471.54,   95.33
602.96,   475.02,   220.26
600.39,   478.49,   345.18
724.05,   218.57,   104.82
721.47,   222.05,   229.74
718.89,   225.53,   354.67
727.26,   343.49,   101.41
724.68,   346.96,   226.33
722.11,   350.44,   351.26
730.47,   468.40,   98.00
727.90,   471.88,   222.92
725.32,   475.35,   347.85
475.90,   224.63,   225.70
474.62,   225.56,   350.69
473.33,   226.49,   475.68
479.33,   349.58,   224.81
478.05,   350.51,   349.80
476.76,   351.44,   474.79
482.76,   474.53,   223.91
481.48,   475.46,   348.90
480.19,   476.39,   473.89
600.85,   221.21,   227.01
599.56,   222.14,   352.00
598.28,   223.07,   476.99
604.28,   346.15,   226.12
602.99,   347.09,   351.11
601.71,   348.02,   476.10
607.71,   471.10,   225.22
606.42,   472.04,   350.21
605.14,   472.97,   475.20
725.80,   217.78,   228.33
724.51,   218.72,   353.32
723.22,   219.65,   478.31
729.23,   342.73,   227.43
727.94,   343.67,   352.42
726.65,   344.60,   477.41
732.66,   467.68,   226.53
731.37,   468.62,   351.52
730.08,   469.55,   476.51
476.54,   226.38,   350.84
476.20,   225.91,   475.84
475.86,   225.44,   600.84
474.78,   351.36,   351.30
474.44,   350.89,   476.30
474.10,   350.42,   601.30
473.02,   476.35,   351.77
472.68,   475.88,   476.77
472.34,   475.41,   601.77
601.53,   228.14,   351.19
601.19,   227.67,   476.18
600.85,   227.20,   601.18
599.77,   353.12,   351.65
599.43,   352.65,   476.65
599.09,   352.18,   601.65
598.01,   478.11,   352.12
597.67,   477.64,   477.11
597.33,   477.17,   602.11
726.51,   229.89,   351.53
726.17,   229.42,   476.53
725.83,   228.95,   601.53
724.75,   354.88,   352.00
724.41,   354.41,   477.00
724.07,   353.94,   601.99
722.99,   479.87,   352.46
722.65,   479.40,   477.46
722.32,   478.93,   602.46
473.21,   224.77,   475.07
476.29,   221.12,   599.98
479.36,   217.47,   724.88
470.84,   349.69,   478.78
473.92,   346.04,   603.68
476.99,   342.39,   728.59
468.47,   474.61,   482.49
471.55,   470.96,   607.39
474.62,   467.31,   732.30
598.15,   227.23,   472.06
601.23,   223.58,   596.97
604.30,   219.93,   721.88
595.78,   352.15,   475.77
598.86,   348.50,   600.68
601.93,   344.85,   725.59
593.41,   477.07,   479.48
596.49,   473.42,   604.39
599.56,   469.77,   729.30
723.09,   229.69,   469.06
726.17,   226.04,   593.97
729.24,   222.39,   718.88
720.72,   354.61,   472.77
723.80,   350.96,   597.68
726.87,   347.31,   722.59
718.35,   479.53,   476.48
721.43,   475.88,   601.39
724.50,   472.23,   726.30
475.45,   224.33,   599.00
472.35,   226.88,   723.94
469.25,   229.43,   848.87
475.79,   349.30,   596.45
472.70,   351.85,   721.39
469.60,   354.41,   846.33
476.14,   474.27,   593.91
473.04,   476.83,   718.84
469.94,   479.38,   843.78
600.41,   224.05,   602.11
597.31,   226.60,   727.04
594.21,   229.15,   851.98
600.76,   349.02,   599.56
597.66,   351.57,   724.50
594.56,   354.13,   849.43
601.10,   473.99,   597.01
598.00,   476.55,   721.95
594.90,   479.10,   846.88
725.37,   223.77,   605.21
722.27,   226.32,   730.15
719.18,   228.87,   855.08
725.72,   348.74,   602.67
722.62,   351.29,   727.60
719.52,   353.85,   852.54
726.06,   473.71,   600.12
722.96,   476.27,   725.05
719.86,   478.82,   849.99
475.80,   350.99,   100.08
473.64,   353.06,   225.04
471.48,   355.14,   350.01
475.94,   475.97,   98.01
473.78,   478.05,   222.97
471.62,   480.12,   347.93
476.08,   600.96,   95.94
473.92,   603.03,   220.90
471.75,   605.10,   345.86
600.78,   350.89,   102.24
598.62,   352.96,   227.20
596.46,   355.03,   352.17
600.92,   475.87,   100.17
598.76,   477.94,   225.13
596.60,   480.02,   350.10
601.06,   600.85,   98.10
598.90,   602.93,   223.06
596.73,   605.00,   348.03
725.76,   350.79,   104.40
723.60,   352.86,   229.37
721.44,   354.93,   354.33
725.90,   475.77,   102.33
723.74,   477.84,   227.30
721.58,   479.91,   352.26
726.04,   600.75,   100.26
723.88,   602.82,   225.23
721.72,   604.90,   350.19
474.62,   348.64,   225.51
477.87,   346.11,   350.44
481.12,   343.58,   475.37
473.57,   473.61,   228.07
476.82,   471.08,   353.00
480.07,   468.55,   477.93
472.52,   598.58,   230.63
475.77,   596.05,   355.56
479.02,   593.52,   480.49
599.57,   349.76,   222.28
602.82,   347.23,   347.22
606.07,   344.70,   472.15
598.53,   474.73,   224.84
601.77,   472.20,   349.77
605.02,   469.67,   474.71
597.48,   599.69,   227.40
600.72,   597.17,   352.33
603.97,   594.64,   477.26
724.53,   350.87,   219.06
727.78,   348.34,   343.99
731.02,   345.81,   468.92
723.48,   475.84,   221.62
726.73,   473.31,   346.55
729.97,   470.78,   471.48
722.43,   600.81,   224.17
725.68,   598.28,   349.11
728.93,   595.75,   474.04
473.76,   349.48,   351.21
474.44,   349.03,   476.21
475.12,   348.57,   601.20
472.49,   474.48,   351.67
473.17,   474.02,   476.67
473.85,   473.56,   601.67
471.22,   599.47,   352.14
471.90,   599.01,   477.13
472.58,   598.55,   602.13
598.75,   350.76,   350.53
599.43,   350.30,   475.53
600.11,   349.84,   600.53
597.48,   475.75,   351.00
598.16,   475.29,   475.99
598.84,   474.84,   600.99
596.21,   600.74,   351.46
596.89,   600.28,   476.46
597.57,   599.83,   601.46
723.74,   352.03,   349.86
724.42,   351.57,   474.86
725.10,   351.12,   599.85
722.47,   477.02,   350.32
723.15,   476.57,   475.32
723.83,   476.11,   600.32
721.20,   602.01,   350.79
721.88,   601.56,   475.78
722.56,   601.10,   600.78
476.54,   351.08,   476.64
479.58,   347.41,   601.54
482.63,   343.75,   726.45
473.29,   475.98,   480.38
476.33,   472.32,   605.29
479.37,   468.65,   730.20
470.03,   600.88,   484.12
473.08,   597.22,   609.03
476.12,   593.55,   733.94
601.46,   354.42,   473.69
604.50,   350.76,   598.60
607.55,   347.09,   723.51
598.21,   479.32,   477.43
601.25,   475.66,   602.34
604.29,   471.99,   727.25
594.95,   604.23,   481.18
598.00,   600.56,   606.09
601.04,   596.89,   731.00
726.38,   357.76,   470.74
729.42,   354.10,   595.65
732.47,   350.43,   720.56
723.13,   482.67,   474.49
726.17,   479.00,   599.40
729.21,   475.33,   724.31
719.87,   607.57,   478.23
722.92,   603.90,   603.14
725.96,   600.24,   728.05
476.77,   348.80,   601.68
479.82,   347.92,   726.64
482.86,   347.04,   851.60
479.06,   473.78,   602.50
482.11,   472.90,   727.46
485.15,   472.02,   852.42
481.35,   598.76,   603.33
484.40,   597.87,   728.29
487.44,   596.99,   853.25
601.71,   346.53,   598.62
604.76,   345.65,   723.58
607.80,   344.77,   848.54
604.00,   471.51,   599.44
607.05,   470.63,   724.40
610.09,   469.75,   849.36
606.29,   596.49,   600.27
609.34,   595.61,   725.23
612.38,   594.72,   850.19
726.65,   344.27,   595.56
729.70,   343.38,   720.51
732.75,   342.50,   845.47
728.94,   469.24,   596.38
731.99,   468.36,   721.34
735.04,   467.48,   846.30
731.23,   594.22,   597.21
734.28,   593.34,   722.17
737.33,   592.46,   847.13
475.20,   476.05,   100.96
473.71,   472.53,   225.90
472.23,   469.01,   350.84
472.23,   600.97,   104.45
470.75,   597.45,   229.39
469.27,   593.92,   354.33
469.27,   725.89,   107.94
467.79,   722.36,   232.88
466.30,   718.84,   357.82
600.15,   478.98,   102.52
598.67,   475.45,   227.46
597.19,   471.93,   352.41
597.19,   603.89,   106.01
595.71,   600.37,   230.95
594.22,   596.84,   355.89
594.23,   728.81,   109.50
592.74,   725.28,   234.44
591.26,   721.76,   359.38
725.11,   481.90,   104.09
723.63,   478.37,   229.03
722.14,   474.85,   353.97
722.14,   606.81,   107.58
720.66,   603.29,   232.52
719.18,   599.76,   357.46
719.18,   731.73,   111.07
717.70,   728.20,   236.01
716.22,   724.68,   360.95
475.61,   473.04,   226.45
475.71,   472.07,   351.45
475.81,   471.10,   476.44
474.32,   598.03,   227.42
474.42,   597.06,   352.42
474.52,   596.09,   477.41
473.04,   723.02,   228.39
473.14,   722.05,   353.39
473.24,   721.08,   478.39
600.60,   474.32,   226.36
600.70,   473.35,   351.36
600.80,   472.38,   476.35
599.32,   599.31,   227.33
599.42,   598.34,   352.33
599.52,   597.37,   477.32
598.03,   724.30,   228.30
598.13,   723.33,   353.30
598.23,   722.36,   478.29
725.60,   475.61,   226.27
725.70,   474.64,   351.27
725.80,   473.67,   476.26
724.31,   600.60,   227.24
724.41,   599.63,   352.24
724.51,   598.66,   477.23
723.02,   725.59,   228.21
723.12,   724.62,   353.21
723.23,   723.65,   478.20
476.57,   473.29,   350.17
474.74,   474.25,   475.15
472.91,   475.21,   600.13
473.70,   598.25,   349.17
471.86,   599.21,   474.15
470.03,   600.17,   599.13
470.82,   723.22,   348.17
468.99,   724.18,   473.15
467.16,   725.13,   598.13
601.53,   476.18,   351.98
599.69,   477.14,   476.96
597.86,   478.10,   601.94
598.65,   601.14,   350.98
596.82,   602.10,   475.96
594.99,   603.06,   600.94
595.77,   726.11,   349.97
593.94,   727.07,   474.96
592.11,   728.02,   599.94
726.48,   479.07,   353.79
724.65,   480.03,   478.77
722.82,   480.99,   603.75
723.60,   604.03,   352.78
721.77,   604.99,   477.77
719.94,   605.95,   602.75
720.73,   729.00,   351.78
718.90,   729.96,   476.77
717.06,   730.92,   601.75
475.77,   475.18,   476.82
478.39,   472.00,   601.76
481.02,   468.82,   726.69
472.81,   600.10,   480.06
475.43,   596.92,   605.00
478.06,   593.75,   729.93
469.85,   725.03,   483.30
472.47,   721.85,   608.24
475.10,   718.67,   733.17
600.71,   478.21,   474.28
603.33,   475.03,   599.21
605.96,   471.85,   724.14
597.75,   603.13,   477.52
600.37,   599.95,   602.45
602.99,   596.78,   727.38
594.78,   728.05,   480.76
597.41,   724.88,   605.69
600.03,   721.70,   730.62
725.65,   481.24,   471.73
728.27,   478.06,   596.66
730.89,   474.88,   721.59
722.68,   606.16,   474.97
725.31,   602.98,   599.90
727.93,   599.80,   724.83
719.72,   731.08,   478.21
722.35,   727.90,   603.14
724.97,   724.73,   728.07
476.67,   473.01,   599.97
480.12,   471.95,   724.92
483.58,   470.88,   849.87
479.49,   597.97,   600.96
482.95,   596.91,   725.90
486.40,   595.85,   850.85
482.31,   722.94,   601.94
485.77,   721.87,   726.89
489.23,   720.81,   851.84
601.59,   470.21,   596.49
605.04,   469.15,   721.44
608.50,   468.09,   846.39
604.41,   595.18,   597.48
607.87,   594.11,   722.43
611.32,   593.05,   847.37
607.23,   720.14,   598.46
610.69,   719.08,   723.41
614.15,   718.02,   848.36
726.51,   467.42,   593.01
729.96,   466.35,   717.96
733.42,   465.29,   842.91
729.33,   592.38,   594.00
732.79,   591.32,   718.95
736.24,   590.26,   843.89
732.15,   717.34,   594.98
735.61,   716.28,   719.93
739.07,   715.22,   844.88
475.75,   598.71,   98.28
474.53,   595.31,   223.22
473.31,   591.92,   348.17
472.34,   723.62,   101.64
471.12,   720.22,   226.58
469.90,   716.83,   351.53
468.94,   848.53,   105.00
467.71,   845.13,   229.95
466.49,   841.73,   354.89
600.70,   602.08,   99.59
599.48,   598.69,   224.54
598.25,   595.29,   349.49
597.29,   726.99,   102.95
596.07,   723.60,   227.90
594.85,   720.20,   352.85
593.88,   851.90,   106.31
592.66,   848.50,   231.26
591.44,   845.11,   356.21
725.65,   605.46,   100.91
724.42,   602.06,   225.85
723.20,   598.66,   350.80
722.24,   730.36,   104.27
721.02,   726.97,   229.21
719.79,   723.57,   354.16
718.83,   855.27,   107.63
717.61,   851.88,   232.58
716.38,   848.48,   357.52
475.71,   600.70,   223.53
473.94,   603.44,   348.48
472.16,   606.17,   473.44
473.88,   725.66,   220.77
472.10,   728.39,   345.73
470.33,   731.12,   470.68
472.04,   850.62,   218.01
470.26,   853.35,   342.97
468.49,   856.08,   467.93
600.69,   602.58,   225.26
598.91,   605.31,   350.22
597.14,   608.04,   475.18
598.85,   727.54,   222.50
597.07,   730.27,   347.46
595.30,   733.00,   472.42
597.01,   852.49,   219.75
595.24,   855.22,   344.70
593.46,   857.95,   469.66
725.66,   604.46,   226.99
723.89,   607.19,   351.95
722.11,   609.92,   476.91
723.82,   729.41,   224.24
722.05,   732.14,   349.19
720.27,   734.87,   474.15
721.99,   854.37,   221.48
720.21,   857.10,   346.44
718.44,   859.83,   471.40
475.97,   600.27,   351.79
478.02,   598.40,   476.75
480.08,   596.52,   601.72
476.40,   725.26,   353.65
478.45,   723.38,   478.62
480.50,   721.51,   603.59
476.83,   850.24,   355.52
478.88,   848.37,   480.49
480.93,   846.49,   605.46
600.96,   599.87,   349.73
603.01,   598.00,   474.70
605.06,   596.12,   599.67
601.39,   724.86,   351.60
603.44,   722.98,   476.57
605.49,   721.11,   601.53
601.82,   849.84,   353.46
603.87,   847.97,   478.43
605.92,   846.09,   603.40
725.94,   599.47,   347.67
727.99,   597.60,   472.64
730.04,   595.72,   597.61
726.37,   724.46,   349.54
728.42,   722.58,   474.51
730.47,   720.71,   599.48
726.80,   849.44,   351.41
728.85,   847.57,   476.38
730.90,   845.69,   601.35
475.19,   598.45,   475.66
477.99,   600.88,   600.60
480.80,   603.31,   725.55
471.92,   723.39,   473.30
474.72,   725.82,   598.25
477.53,   728.24,   723.19
468.65,   848.32,   470.95
471.46,   850.75,   595.89
474.26,   853.18,   720.84
600.11,   601.67,   472.79
602.92,   604.09,   597.73
605.72,   606.52,   722.68
596.84,   726.60,   470.44
599.65,   729.03,   595.38
602.45,   731.46,   720.33
593.58,   851.54,   468.08
596.38,   853.96,   593.03
599.19,   856.39,   717.97
725.04,   604.88,   469.92
727.84,   607.31,   594.87
730.65,   609.73,   719.81
721.77,   729.81,   467.57
724.58,   732.24,   592.51
727.38,   734.67,   717.46
718.50,   854.75,   465.21
721.31,   857.18,   590.16
724.11,   859.60,   715.10
475.87,   598.31,   601.07
476.17,   601.51,   726.03
476.47,   604.71,   850.99
472.74,   723.23,   597.88
473.04,   726.43,   722.84
473.34,   729.63,   847.80
469.61,   848.15,   594.69
469.91,   851.35,   719.65
470.21,   854.55,   844.61
600.83,   601.43,   600.69
601.13,   604.63,   725.65
601.43,   607.83,   850.61
597.70,   726.35,   597.50
598.00,   729.55,   722.46
598.30,   732.75,   847.42
594.57,   851.27,   594.31
594.87,   854.47,   719.27
595.18,   857.67,   844.23
725.79,   604.55,   600.31
726.09,   607.75,   725.27
726.39,   610.95,   850.23
722.66,   729.47,   597.12
722.96,   732.67,   722.08
723.26,   735.87,   847.04
719.53,   854.39,   593.93
719.84,   857.59,   718.89
720.14,   860.79,   843.85
600.21,   99.86,   99.12
602.96,   99.56,   224.09
605.71,   99.27,   349.06
603.90,   224.80,   99.33
606.65,   224.51,   224.30
609.40,   224.22,   349.27
607.59,   349.75,   99.54
610.34,   349.45,   224.51
613.09,   349.16,   349.48
725.13,   96.17,   96.36
727.88,   95.88,   221.33
730.62,   95.59,   346.30
728.82,   221.12,   96.57
731.57,   220.82,   221.54
734.31,   220.53,   346.51
732.51,   346.06,   96.79
735.26,   345.77,   221.75
738.00,   345.48,   346.72
850.05,   92.49,   93.61
852.79,   92.19,   218.58
855.54,   91.90,   343.55
853.74,   217.43,   93.82
856.48,   217.14,   218.79
859.23,   216.85,   343.76
857.43,   342.38,   94.03
860.17,   342.09,   219.00
862.92,   341.79,   343.97
601.55,   100.78,   224.54
598.81,   100.19,   349.51
596.06,   99.61,   474.47
600.98,   225.78,   225.11
598.24,   225.19,   350.08
595.49,   224.61,   475.05
600.41,   350.77,   225.68
597.67,   350.19,   350.65
594.92,   349.60,   475.62
726.52,   101.33,   227.29
723.77,   100.75,   352.25
721.03,   100.17,   477.22
725.95,   226.33,   227.86
723.21,   225.75,   352.83
720.46,   225.16,   477.79
725.38,   351.33,   228.43
722.64,   350.75,   353.40
719.89,   350.16,   478.37
851.49,   101.89,   230.03
848.74,   101.31,   355.00
846.00,   100.72,   479.97
850.92,   226.89,   230.60
848.17,   226.30,   355.57
845.43,   225.72,   480.54
850.35,   351.89,   231.18
847.61,   351.30,   356.14
844.86,   350.72,   481.11
601.12,   98.97,   350.98
604.76,   95.24,   475.87
608.40,   91.52,   600.76
604.60,   223.87,   354.61
608.24,   220.14,   479.50
611.88,   216.41,   604.39
608.08,   348.77,   358.24
611.72,   345.04,   483.13
615.35,   341.31,   608.02
726.02,   95.60,   347.24
729.66,   91.88,   472.13
733.30,   88.15,   597.03
729.50,   220.50,   350.87
733.14,   216.77,   475.76
736.78,   213.05,   600.65
732.98,   345.40,   354.50
736.61,   341.67,   479.39
740.25,   337.95,   604.28
850.92,   92.24,   343.50
854.56,   88.51,   468.40
858.20,   84.78,   593.29
854.40,   217.13,   347.13
858.04,   213.41,   472.02
861.67,   209.68,   596.92
857.88,   342.03,   350.76
861.51,   338.31,   475.65
865.15,   334.58,   600.54
599.19,   98.66,   474.24
600.20,   99.21,   599.23
601.20,   99.75,   724.23
596.06,   223.62,   473.72
597.06,   224.17,   598.71
598.06,   224.71,   723.71
592.92,   348.58,   473.19
593.92,   349.13,   598.19
594.93,   349.67,   723.18
724.15,   101.79,   473.22
725.15,   102.34,   598.22
726.16,   102.89,   723.21
721.01,   226.75,   472.70
722.02,   227.30,   597.69
723.02,   227.85,   722.69
717.88,   351.71,   472.18
718.88,   352.26,   597.17
719.88,   352.81,   722.17
849.11,   104.92,   472.20
850.11,   105.47,   597.20
851.11,   106.02,   722.19
845.97,   229.88,   471.68
846.97,   230.43,   596.68
847.98,   230.98,   721.67
842.83,   354.84,   471.16
843.84,   355.39,   596.15
844.84,   355.94,   721.15
599.03,   101.35,   599.72
601.42,   98.28,   724.66
603.80,   95.20,   849.60
596.02,   226.28,   602.86
598.40,   223.20,   727.79
600.79,   220.13,   852.73
593.01,   351.20,   605.99
595.39,   348.13,   730.93
597.77,   345.05,   855.86
723.97,   104.42,   597.42
726.36,   101.35,   722.36
728.74,   98.27,   847.30
720.96,   229.35,   600.55
723.34,   226.27,   725.49
725.73,   223.20,   850.43
717.95,   354.27,   603.68
720.33,   351.20,   728.62
722.71,   348.12,   853.56
848.92,   107.49,   595.11
851.30,   104.42,   720.05
853.68,   101.35,   844.99
845.90,   232.42,   598.24
848.29,   229.34,   723.18
850.67,   226.27,   848.12
842.89,   357.34,   601.37
845.27,   354.27,   726.31
847.66,   351.19,   851.25
598.89,   225.28,   98.75
600.71,   222.82,   223.71
602.54,   220.36,   348.68
597.60,   350.25,   101.23
599.43,   347.79,   226.19
601.25,   345.33,   351.15
596.32,   475.22,   103.70
598.14,   472.76,   228.67
599.97,   470.30,   353.63
723.87,   226.60,   96.95
725.69,   224.14,   221.92
727.52,   221.68,   346.88
722.58,   351.57,   99.43
724.41,   349.11,   224.39
726.23,   346.65,   349.35
721.30,   476.54,   101.91
723.12,   474.08,   226.87
724.95,   471.62,   351.83
848.85,   227.92,   95.15
850.67,   225.46,   220.12
852.50,   223.01,   345.08
847.57,   352.89,   97.63
849.39,   350.43,   222.59
851.21,   347.97,   347.56
846.28,   477.86,   100.11
848.10,   475.40,   225.07
849.93,   472.94,   350.03
598.04,   223.68,   225.83
595.50,   224.35,   350.80
592.96,   225.02,   475.77
594.86,   348.64,   225.10
592.32,   349.31,   350.07
589.78,   349.98,   475.04
591.69,   473.60,   224.36
589.15,   474.27,   349.33
586.61,   474.94,   474.31
722.97,   226.88,   228.35
720.43,   227.55,   353.32
717.89,   228.22,   478.30
719.80,   351.83,   227.62
717.26,   352.50,   352.59
714.72,   353.17,   477.56
716.62,   476.79,   226.88
714.08,   477.46,   351.86
711.54,   478.13,   476.83
847.91,   230.07,   230.87
845.37,   230.74,   355.85
842.83,   231.41,   480.82
844.73,   355.03,   230.14
842.19,   355.69,   355.11
839.65,   356.36,   480.08
841.55,   479.98,   229.41
839.01,   480.65,   354.38
836.47,   481.32,   479.35
599.45,   225.44,   349.28
601.25,   228.62,   474.23
603.04,   231.81,   599.17
596.49,   350.36,   346.14
598.29,   353.55,   471.08
600.08,   356.73,   596.03
593.53,   475.29,   343.00
595.33,   478.47,   467.94
597.12,   481.66,   592.89
724.41,   228.35,   347.41
726.20,   231.54,   472.36
727.99,   234.72,   597.31
721.45,   353.28,   344.27
723.24,   356.46,   469.22
725.03,   359.64,   594.16
718.49,   478.20,   341.13
720.28,   481.39,   466.08
722.07,   484.57,   591.02
849.36,   231.27,   345.55
851.15,   234.45,   470.49
852.94,   237.63,   595.44
846.40,   356.19,   342.41
848.19,   359.37,   467.35
849.98,   362.56,   592.30
843.44,   481.12,   339.26
845.23,   484.30,   464.21
847.02,   487.48,   589.16
600.24,   224.31,   476.51
601.33,   224.49,   601.51
602.41,   224.67,   726.50
603.49,   349.27,   476.30
604.57,   349.45,   601.30
605.65,   349.63,   726.29
606.73,   474.23,   476.09
607.81,   474.41,   601.09
608.89,   474.59,   726.08
725.20,   221.07,   475.44
726.28,   221.25,   600.43
727.36,   221.43,   725.43
728.44,   346.02,   475.23
729.52,   346.21,   600.22
730.60,   346.39,   725.22
731.68,   470.98,   475.02
732.76,   471.16,   600.01
733.85,   471.35,   725.01
850.15,   217.82,   474.36
851.23,   218.01,   599.35
852.31,   218.19,   724.35
853.39,   342.78,   474.15
854.47,   342.96,   599.14
855.56,   343.14,   724.14
856.63,   467.74,   473.94
857.72,   467.92,   598.93
858.80,   468.10,   723.93
601.21,   224.95,   598.41
598.21,   222.21,   723.35
595.21,   219.48,   848.28
601.52,   349.92,   601.16
598.52,   347.18,   726.09
595.52,   344.45,   851.02
601.83,   474.89,   603.90
598.83,   472.15,   728.83
595.83,   469.42,   853.77
726.18,   224.57,   601.41
723.17,   221.84,   726.34
720.17,   219.10,   851.28
726.49,   349.54,   604.15
723.48,   346.81,   729.08
720.48,   344.07,   854.02
726.80,   474.51,   606.89
723.80,   471.78,   731.83
720.79,   469.04,   856.76
851.14,   224.19,   604.40
848.14,   221.46,   729.34
845.14,   218.72,   854.27
851.45,   349.16,   607.14
848.45,   346.43,   732.08
845.45,   343.69,   857.01
851.76,   474.13,   609.89
848.76,   471.40,   734.82
845.76,   468.66,   859.76
598.36,   349.76,   101.47
597.52,   350.80,   226.46
596.68,   351.85,   351.45
596.94,   474.75,   100.41
596.10,   475.79,   225.40
595.26,   476.84,   350.40
595.52,   599.73,   99.36
594.67,   600.78,   224.35
593.83,   601.82,   349.34
723.35,   351.19,   102.29
722.51,   352.23,   227.29
721.67,   353.28,   352.28
721.93,   476.18,   101.24
721.09,   477.22,   226.23
720.25,   478.27,   351.23
720.50,   601.16,   100.19
719.66,   602.21,   225.18
718.82,   603.25,   350.17
848.34,   352.62,   103.12
847.50,   353.66,   228.12
846.66,   354.71,   353.11
846.92,   477.61,   102.07
846.08,   478.65,   227.06
845.24,   479.70,   352.05
845.49,   602.59,   101.01
844.65,   603.64,   226.01
843.81,   604.68,   351.00
598.44,   350.80,   224.47
598.73,   351.56,   349.47
599.01,   352.32,   474.47
600.69,   475.78,   223.71
600.98,   476.54,   348.71
601.26,   477.30,   473.70
602.94,   600.76,   222.95
603.22,   601.52,   347.94
603.51,   602.27,   472.94
723.42,   348.55,   224.20
723.71,   349.31,   349.20
723.99,   350.07,   474.20
725.67,   473.53,   223.44
725.95,   474.29,   348.44
726.24,   475.05,   473.43
727.92,   598.51,   222.67
728.20,   599.27,   347.67
728.48,   600.03,   472.67
848.40,   346.31,   223.93
848.69,   347.07,   348.93
848.97,   347.83,   473.93
850.65,   471.29,   223.17
850.93,   472.04,   348.16
851.22,   472.80,   473.16
852.89,   596.26,   222.40
853.18,   597.02,   347.40
853.46,   597.78,   472.40
600.68,   350.30,   348.75
603.30,   352.25,   473.70
605.92,   354.21,   598.66
601.67,   475.28,   346.77
604.28,   477.23,   471.73
606.90,   479.19,   596.69
602.65,   600.26,   344.80
605.27,   602.22,   469.76
607.88,   604.17,   594.71
725.65,   349.28,   346.15
728.27,   351.23,   471.10
730.88,   353.18,   596.06
726.64,   474.26,   344.17
729.25,   476.21,   469.13
731.87,   478.16,   594.09
727.62,   599.24,   342.20
730.24,   601.19,   467.16
732.85,   603.14,   592.12
850.62,   348.25,   343.55
853.24,   350.20,   468.50
855.85,   352.16,   593.46
851.61,   473.23,   341.57
854.22,   475.19,   466.53
856.84,   477.14,   591.49
852.59,   598.21,   339.60
855.21,   600.17,   464.56
857.82,   602.12,   589.52
600.24,   348.96,   476.26
599.15,   347.30,   601.25
598.06,   345.65,   726.23
601.67,   473.94,   477.93
600.58,   472.28,   602.91
599.49,   470.63,   727.90
603.09,   598.92,   479.59
602.00,   597.27,   604.58
600.91,   595.61,   729.56
725.23,   347.51,   477.34
724.14,   345.86,   602.32
723.05,   344.21,   727.31
726.66,   472.49,   479.00
725.56,   470.84,   603.98
724.47,   469.19,   728.97
728.08,   597.48,   480.66
726.99,   595.82,   605.65
725.90,   594.17,   730.63
850.22,   346.07,   478.41
849.12,   344.42,   603.39
848.03,   342.77,   728.38
851.64,   471.05,   480.07
850.55,   469.40,   605.06
849.46,   467.75,   730.04
853.07,   596.03,   481.74
851.98,   594.38,   606.72
850.89,   592.73,   731.70
601.84,   348.41,   599.55
601.72,   350.52,   724.53
601.60,   352.63,   849.51
599.72,   473.38,   597.44
599.60,   475.49,   722.42
599.48,   477.59,   847.40
597.60,   598.34,   595.33
597.48,   600.45,   720.31
597.36,   602.56,   845.29
726.82,   350.53,   599.63
726.70,   352.64,   724.61
726.58,   354.75,   849.60
724.70,   475.50,   597.52
724.58,   477.61,   722.50
724.46,   479.72,   847.49
722.58,   600.46,   595.41
722.46,   602.57,   720.39
722.34,   604.68,   845.38
851.80,   352.65,   599.72
851.68,   354.76,   724.70
851.56,   356.87,   849.68
849.68,   477.62,   597.61
849.56,   479.73,   722.59
849.44,   481.84,   847.57
847.56,   602.58,   595.49
847.44,   604.69,   720.48
847.32,   606.80,   845.46
598.60,   476.89,   100.33
599.33,   475.72,   225.32
600.07,   474.54,   350.31
599.40,   601.88,   101.50
600.14,   600.71,   226.49
600.87,   599.54,   351.48
600.21,   726.88,   102.67
600.94,   725.70,   227.66
601.67,   724.53,   352.65
723.59,   476.09,   99.59
724.33,   474.92,   224.58
725.06,   473.75,   349.57
724.40,   601.09,   100.76
725.13,   599.91,   225.75
725.87,   598.74,   350.74
725.20,   726.08,   101.93
725.94,   724.90,   226.92
726.67,   723.73,   351.91
848.59,   475.30,   98.85
849.32,   474.12,   223.84
850.06,   472.95,   348.83
849.39,   600.29,   100.02
850.13,   599.11,   225.01
850.86,   597.94,   350.00
850.20,   725.28,   101.19
850.93,   724.11,   226.18
851.67,   722.93,   351.17
600.45,   473.76,   225.66
596.89,   472.19,   350.60
593.32,   470.62,   475.54
601.17,   598.75,   227.26
597.61,   597.18,   352.20
594.04,   595.60,   477.14
601.89,   723.74,   228.85
598.33,   722.17,   353.79
594.76,   720.59,   478.73
725.40,   473.00,   229.22
721.83,   471.42,   354.16
718.27,   469.85,   479.10
726.12,   597.99,   230.81
722.55,   596.41,   355.75
718.99,   594.84,   480.69
726.84,   722.97,   232.41
723.27,   721.40,   357.35
719.71,   719.83,   482.29
850.34,   472.23,   232.77
846.78,   470.66,   357.71
843.22,   469.08,   482.65
851.06,   597.22,   234.37
847.50,   595.65,   359.31
843.94,   594.07,   484.25
851.78,   722.21,   235.96
848.22,   720.63,   360.90
844.66,   719.06,   485.84
601.50,   476.21,   350.32
601.50,   479.25,   475.28
601.50,   482.29,   600.24
602.22,   601.17,   347.27
602.22,   604.21,   472.24
602.22,   607.25,   597.20
602.94,   726.13,   344.23
602.94,   729.17,   469.20
602.93,   732.21,   594.16
726.50,   475.49,   350.34
726.50,   478.53,   475.30
726.50,   481.58,   600.26
727.22,   600.45,   347.29
727.22,   603.50,   472.26
727.22,   606.54,   597.22
727.93,   725.41,   344.25
727.93,   728.46,   469.21
727.93,   731.50,   594.18
851.50,   474.78,   350.35
851.50,   477.82,   475.32
851.50,   480.86,   600.28
852.22,   599.74,   347.31
852.21,   602.78,   472.27
852.21,   605.82,   597.24
852.93,   724.70,   344.27
852.93,   727.74,   469.23
852.93,   730.78,   594.20
599.61,   476.51,   474.39
600.96,   478.50,   599.37
602.30,   480.50,   724.34
602.54,   601.46,   472.36
603.89,   603.45,   597.34
605.24,   605.45,   722.32
605.48,   726.40,   470.33
606.82,   728.40,   595.31
608.17,   730.40,   720.29
724.57,   473.55,   473.09
725.92,   475.55,   598.07
727.26,   477.55,   723.04
727.50,   598.50,   471.06
728.85,   600.50,   596.04
730.20,   602.49,   721.01
730.43,   723.45,   469.03
731.78,   725.45,   594.01
733.13,   727.44,   718.99
849.53,   470.60,   471.79
850.87,   472.59,   596.77
852.22,   474.59,   721.74
852.46,   595.55,   469.76
853.81,   597.54,   594.74
855.16,   599.54,   719.71
855.39,   720.50,   467.73
856.74,   722.49,   592.71
858.09,   724.49,   717.69
601.01,   476.14,   600.61
600.13,   476.82,   725.60
599.25,   477.51,   850.60
597.30,   601.08,   599.90
596.43,   601.76,   724.89
595.55,   602.45,   849.89
593.60,   726.02,   599.19
592.72,   726.71,   724.18
591.85,   727.39,   849.18
725.95,   479.85,   601.46
725.07,   480.53,   726.46
724.20,   481.22,   851.45
722.24,   604.79,   600.75
721.37,   605.47,   725.75
720.49,   606.16,   850.74
718.54,   729.73,   600.04
717.66,   730.42,   725.04
716.79,   731.10,   850.03
850.89,   483.55,   602.32
850.01,   484.24,   727.31
849.14,   484.92,   852.31
847.19,   608.50,   601.61
846.31,   609.18,   726.60
845.43,   609.87,   851.60
843.48,   733.44,   600.90
842.61,   734.13,   725.89
841.73,   734.81,   850.89
601.64,   600.48,   99.04
600.26,   601.01,   224.03
598.88,   601.53,   349.02
600.06,   725.47,   98.49
598.68,   725.99,   223.49
597.30,   726.52,   348.48
598.48,   850.46,   97.95
597.10,   850.98,   222.94
595.72,   851.51,   347.93
726.62,   602.06,   100.41
725.24,   602.59,   225.40
723.86,   603.11,   350.39
725.04,   727.05,   99.87
723.66,   727.58,   224.86
722.28,   728.10,   349.85
723.47,   852.04,   99.33
722.09,   852.56,   224.32
720.71,   853.09,   349.31
851.60,   603.64,   101.78
850.22,   604.17,   226.77
848.84,   604.69,   351.76
850.02,   728.63,   101.24
848.64,   729.16,   226.23
847.26,   729.68,   351.22
848.45,   853.62,   100.70
847.07,   854.15,   225.69
845.69,   854.67,   350.68
599.10,   599.09,   226.26
602.07,   600.86,   351.22
605.04,   602.63,   476.17
598.61,   724.08,   224.51
601.58,   725.84,   349.46
604.55,   727.61,   474.41
598.13,   849.06,   222.75
601.10,   850.83,   347.70
604.07,   852.60,   472.65
724.06,   599.53,   223.29
727.03,   601.30,   348.24
730.00,   603.07,   473.19
723.58,   724.52,   221.53
726.55,   726.29,   346.48
729.52,   728.06,   471.43
723.09,   849.51,   219.77
726.06,   851.27,   344.72
729.03,   853.04,   469.68
849.03,   599.98,   220.31
852.00,   601.74,   345.26
854.97,   603.51,   470.21
848.54,   724.96,   218.55
851.51,   726.73,   343.51
854.48,   728.50,   468.46
848.06,   849.95,   216.80
851.03,   851.72,   341.75
854.00,   853.49,   466.70
601.99,   601.06,   349.91
599.06,   598.53,   474.85
596.14,   596.00,   599.79
601.44,   726.03,   352.43
598.51,   723.50,   477.37
595.58,   720.97,   602.31
600.89,   851.00,   354.95
597.96,   848.47,   479.89
595.03,   845.94,   604.83
726.95,   601.55,   352.85
724.03,   599.02,   477.79
721.10,   596.49,   602.73
726.40,   726.52,   355.37
723.48,   723.99,   480.31
720.55,   721.46,   605.25
725.85,   851.50,   357.89
722.92,   848.97,   482.83
720.00,   846.44,   607.77
851.92,   602.04,   355.79
848.99,   599.51,   480.73
846.07,   596.98,   605.67
851.37,   727.02,   358.30
848.44,   724.49,   483.24
845.51,   721.96,   608.19
850.81,   851.99,   360.82
847.89,   849.46,   485.76
844.96,   846.93,   610.70
598.20,   600.15,   473.11
600.05,   597.91,   598.07
601.91,   595.67,   723.04
596.24,   725.11,   475.38
598.09,   722.87,   600.35
599.95,   720.63,   725.31
594.28,   850.08,   477.65
596.14,   847.83,   602.62
597.99,   845.59,   727.58
723.17,   602.14,   471.29
725.02,   599.90,   596.26
726.88,   597.66,   721.22
721.21,   727.10,   473.56
723.06,   724.86,   598.53
724.92,   722.62,   723.49
719.25,   852.07,   475.83
721.11,   849.83,   600.80
722.96,   847.58,   725.76
848.14,   604.13,   469.47
849.99,   601.89,   594.44
851.85,   599.65,   719.40
846.18,   729.10,   471.74
848.04,   726.85,   596.71
849.89,   724.61,   721.67
844.22,   854.06,   474.01
846.08,   851.82,   598.98
847.93,   849.58,   723.94
598.17,   600.89,   600.19
597.71,   604.13,   725.15
597.25,   607.37,   850.10
599.78,   725.84,   596.96
599.32,   729.08,   721.91
598.87,   732.32,   846.87
601.39,   850.79,   593.73
600.94,   854.03,   718.68
600.48,   857.26,   843.64
723.16,   599.29,   600.69
722.70,   602.53,   725.64
722.24,   605.77,   850.60
724.77,   724.24,   597.46
724.31,   727.48,   722.41
723.85,   730.71,   847.37
726.38,   849.19,   594.23
725.92,   852.43,   719.18
725.47,   855.66,   844.14
848.15,   597.69,   601.19
847.69,   600.93,   726.14
847.23,   604.17,   851.10
849.76,   722.64,   597.96
849.30,   725.88,   722.91
848.84,   729.11,   847.87
851.37,   847.59,   594.72
850.91,   850.83,   719.68
850.46,   854.06,   844.64
