27, 125, pa2-unknown-h-output-1.txt
208.68,   206.87,   210.49
405.23,   395.64,   203.53
99.58,   101.37,   100.80
100.40,   103.17,   225.78
101.23,   104.98,   350.77
95.90,   226.30,   99.02
96.73,   228.11,   224.00
97.55,   229.91,   348.98
92.23,   351.23,   97.23
93.05,   353.04,   222.22
93.88,   354.85,   347.20
224.52,   105.03,   99.92
225.35,   106.84,   224.91
226.17,   108.64,   349.89
220.85,   229.96,   98.14
221.67,   231.77,   223.12
222.50,   233.58,   348.11
217.17,   354.90,   96.36
217.99,   356.70,   221.34
218.82,   358.51,   346.33
349.47,   108.70,   99.04
350.29,   110.50,   224.03
351.11,   112.31,   349.01
345.79,   233.63,   97.26
346.61,   235.44,   222.25
347.44,   237.24,   347.23
342.11,   358.56,   95.48
342.94,   360.37,   220.47
343.76,   362.18,   345.45
100.89,   98.07,   223.98
97.77,   98.24,   348.94
94.66,   98.42,   473.90
99.33,   223.06,   223.76
96.21,   223.23,   348.72
93.10,   223.41,   473.69
97.77,   348.05,   223.55
94.66,   348.22,   348.51
91.54,   348.40,   473.47
225.84,   99.63,   227.09
222.72,   99.81,   352.05
219.61,   99.98,   477.01
224.28,   224.62,   226.88
221.17,   224.80,   351.84
218.05,   224.97,   476.80
222.72,   349.61,   226.67
219.61,   349.79,   351.63
216.49,   349.96,   476.59
350.79,   101.20,   230.21
347.68,   101.37,   355.17
344.56,   101.54,   480.13
349.23,   226.19,   229.99
346.12,   226.36,   354.95
343.00,   226.53,   479.91
347.68,   351.18,   229.78
344.56,   351.35,   354.74
341.44,   351.52,   479.70
99.77,   98.17,   348.18
103.52,   100.09,   473.11
107.27,   102.00,   598.04
101.15,   223.15,   346.22
104.90,   225.06,   471.15
108.65,   226.98,   596.08
102.53,   348.12,   344.26
106.28,   350.04,   469.19
110.03,   351.96,   594.12
224.71,   96.73,   344.45
228.46,   98.65,   469.38
232.21,   100.57,   594.31
226.09,   221.71,   342.49
229.84,   223.63,   467.42
233.58,   225.54,   592.35
227.46,   346.69,   340.54
231.21,   348.60,   465.46
234.96,   350.52,   590.39
349.64,   95.30,   340.73
353.39,   97.21,   465.66
357.14,   99.13,   590.58
351.02,   220.27,   338.77
354.77,   222.19,   463.70
358.52,   224.11,   588.63
352.40,   345.25,   336.81
356.15,   347.17,   461.74
359.90,   349.08,   586.67
100.75,   99.89,   476.93
97.94,   97.66,   601.87
95.12,   95.43,   726.82
100.34,   224.87,   479.15
97.53,   222.64,   604.10
94.71,   220.40,   729.05
99.93,   349.85,   481.38
97.12,   347.62,   606.32
94.30,   345.38,   731.27
225.72,   100.25,   479.75
222.90,   98.02,   604.70
220.09,   95.78,   729.65
225.31,   225.23,   481.97
222.49,   223.00,   606.92
219.68,   220.76,   731.87
224.90,   350.21,   484.20
222.08,   347.98,   609.15
219.27,   345.74,   734.10
350.69,   100.61,   482.57
347.87,   98.38,   607.52
345.05,   96.14,   732.47
350.28,   225.59,   484.80
347.46,   223.36,   609.75
344.64,   221.12,   734.69
349.87,   350.57,   487.02
347.05,   348.34,   611.97
344.23,   346.10,   736.92
98.00,   98.36,   601.87
98.68,   101.81,   726.82
99.37,   105.26,   851.77
98.10,   223.32,   598.43
98.78,   226.76,   723.38
99.47,   230.21,   848.33
98.20,   348.27,   594.98
98.88,   351.71,   719.93
99.57,   355.16,   844.88
223.00,   98.25,   601.19
223.68,   101.69,   726.14
224.37,   105.14,   851.09
223.10,   223.20,   597.74
223.78,   226.64,   722.69
224.47,   230.09,   847.64
223.20,   348.15,   594.30
223.88,   351.60,   719.25
224.57,   355.04,   844.20
347.99,   98.13,   600.51
348.68,   101.57,   725.46
349.37,   105.02,   850.41
348.09,   223.08,   597.06
348.78,   226.52,   722.01
349.47,   229.97,   846.96
348.19,   348.03,   593.61
348.88,   351.48,   718.57
349.57,   354.92,   843.52
99.71,   224.56,   101.73
102.46,   225.60,   226.69
105.21,   226.64,   351.66
97.86,   349.54,   100.73
100.61,   350.59,   225.69
103.36,   351.63,   350.66
96.02,   474.53,   99.73
98.77,   475.57,   224.69
101.52,   476.61,   349.66
224.66,   226.38,   98.96
227.41,   227.42,   223.93
230.16,   228.46,   348.89
222.82,   351.36,   97.96
225.57,   352.40,   222.93
228.32,   353.44,   347.89
220.98,   476.35,   96.96
223.73,   477.39,   221.93
226.48,   478.43,   346.89
349.62,   228.20,   96.20
352.37,   229.24,   221.16
355.12,   230.28,   346.13
347.78,   353.18,   95.20
350.53,   354.22,   220.16
353.28,   355.26,   345.13
345.94,   478.16,   94.20
348.69,   479.21,   219.16
351.43,   480.25,   344.13
98.94,   226.87,   223.11
95.97,   227.18,   348.08
93.01,   227.49,   473.04
99.70,   351.87,   222.82
96.74,   352.17,   347.79
93.78,   352.48,   472.75
100.47,   476.86,   222.53
97.51,   477.17,   347.50
94.54,   477.48,   472.46
223.90,   226.11,   226.08
220.93,   226.42,   351.04
217.97,   226.72,   476.01
224.67,   351.11,   225.79
221.70,   351.41,   350.76
218.74,   351.72,   475.72
225.44,   476.10,   225.50
222.47,   476.41,   350.47
219.51,   476.72,   475.43
348.86,   225.35,   229.05
345.90,   225.66,   354.01
342.93,   225.96,   478.98
349.63,   350.35,   228.76
346.67,   350.65,   353.72
343.70,   350.96,   478.69
350.40,   475.34,   228.47
347.43,   475.65,   353.43
344.47,   475.96,   478.40
100.34,   225.47,   350.02
99.24,   222.41,   474.98
98.14,   219.34,   599.93
97.00,   350.39,   353.06
95.91,   347.32,   478.01
94.81,   344.26,   602.97
93.67,   475.31,   356.09
92.57,   472.24,   481.05
91.48,   469.18,   606.01
225.29,   228.78,   351.20
224.19,   225.71,   476.15
223.10,   222.64,   601.11
221.96,   353.70,   354.23
220.86,   350.63,   479.19
219.76,   347.56,   604.15
218.62,   478.62,   357.27
217.53,   475.55,   482.23
216.43,   472.48,   607.19
350.24,   232.08,   352.37
349.14,   229.02,   477.33
348.05,   225.95,   602.29
346.91,   357.00,   355.41
345.81,   353.94,   480.37
344.71,   350.87,   605.33
343.57,   481.92,   358.45
342.48,   478.85,   483.41
341.38,   475.79,   608.36
101.76,   226.63,   475.45
100.25,   224.88,   600.42
98.74,   223.13,   725.40
102.53,   351.62,   477.20
101.02,   349.87,   602.18
99.51,   348.12,   727.16
103.29,   476.60,   478.96
101.78,   474.85,   603.94
100.27,   473.11,   728.92
226.75,   225.85,   476.95
225.24,   224.10,   601.92
223.73,   222.35,   726.90
227.52,   350.83,   478.70
226.01,   349.08,   603.68
224.50,   347.33,   728.66
228.28,   475.82,   480.46
226.77,   474.07,   605.44
225.26,   472.32,   730.42
351.74,   225.06,   478.44
350.23,   223.31,   603.42
348.72,   221.56,   728.40
352.50,   350.05,   480.20
350.99,   348.30,   605.18
349.48,   346.55,   730.16
353.27,   475.03,   481.96
351.76,   473.28,   606.94
350.25,   471.53,   731.92
98.51,   225.25,   599.57
97.39,   225.77,   724.57
96.27,   226.30,   849.56
97.48,   350.24,   599.04
96.35,   350.77,   724.03
95.23,   351.29,   849.03
96.44,   475.24,   598.51
95.32,   475.76,   723.50
94.20,   476.29,   848.49
223.50,   226.29,   600.69
222.38,   226.81,   725.69
221.26,   227.33,   850.68
222.47,   351.28,   600.16
221.34,   351.80,   725.15
220.22,   352.33,   850.15
221.43,   476.27,   599.62
220.31,   476.80,   724.62
219.19,   477.32,   849.61
348.49,   227.32,   601.81
347.37,   227.85,   726.80
346.25,   228.37,   851.80
347.46,   352.32,   601.27
346.34,   352.84,   726.27
345.21,   353.37,   851.26
346.42,   477.31,   600.74
345.30,   477.84,   725.73
344.18,   478.36,   850.73
101.24,   351.80,   100.63
101.15,   349.06,   225.60
101.06,   346.32,   350.57
101.87,   476.77,   103.37
101.78,   474.03,   228.34
101.69,   471.29,   353.31
102.50,   601.74,   106.11
102.41,   599.00,   231.08
102.32,   596.26,   356.05
226.24,   351.17,   100.71
226.15,   348.43,   225.68
226.06,   345.69,   350.65
226.87,   476.14,   103.45
226.78,   473.40,   228.42
226.69,   470.66,   353.39
227.50,   601.11,   106.19
227.41,   598.37,   231.16
227.31,   595.63,   356.13
351.24,   350.54,   100.79
351.15,   347.80,   225.76
351.06,   345.06,   350.73
351.87,   475.51,   103.53
351.78,   472.77,   228.50
351.68,   470.03,   353.47
352.50,   600.48,   106.27
352.40,   597.74,   231.24
352.31,   595.00,   356.21
100.56,   351.50,   226.49
100.34,   353.13,   351.48
100.11,   354.76,   476.47
102.27,   476.48,   224.87
102.04,   478.11,   349.86
101.82,   479.74,   474.85
103.97,   601.46,   223.24
103.75,   603.09,   348.23
103.52,   604.72,   473.22
225.55,   349.80,   226.74
225.33,   351.43,   351.73
225.10,   353.06,   476.72
227.26,   474.78,   225.11
227.03,   476.41,   350.10
226.81,   478.04,   475.09
228.96,   599.76,   223.49
228.73,   601.39,   348.48
228.51,   603.02,   473.47
350.54,   348.10,   226.99
350.32,   349.73,   351.98
350.09,   351.36,   476.97
352.24,   473.08,   225.36
352.02,   474.71,   350.35
351.79,   476.34,   475.34
353.95,   598.06,   223.73
353.72,   599.69,   348.72
353.50,   601.32,   473.71
101.30,   348.68,   350.96
102.56,   348.54,   475.96
103.82,   348.40,   600.95
103.88,   473.65,   351.08
105.14,   473.51,   476.07
106.39,   473.37,   601.07
106.45,   598.62,   351.19
107.71,   598.48,   476.19
108.97,   598.34,   601.18
226.27,   346.10,   349.70
227.53,   345.96,   474.70
228.79,   345.82,   599.69
228.84,   471.08,   349.82
230.10,   470.94,   474.81
231.36,   470.80,   599.80
231.42,   596.05,   349.93
232.68,   595.91,   474.93
233.94,   595.77,   599.92
351.24,   343.53,   348.44
352.50,   343.39,   473.43
353.75,   343.25,   598.43
353.81,   468.51,   348.56
355.07,   468.36,   473.55
356.33,   468.22,   598.54
356.39,   593.48,   348.67
357.64,   593.34,   473.66
358.90,   593.20,   598.66
98.37,   348.85,   476.36
95.30,   346.93,   601.31
92.22,   345.02,   726.26
97.58,   473.83,   478.26
94.50,   471.92,   603.20
91.43,   470.00,   728.15
96.79,   598.81,   480.15
93.71,   596.90,   605.10
90.64,   594.99,   730.05
223.33,   349.59,   479.45
220.26,   347.68,   604.39
217.18,   345.76,   729.34
222.54,   474.57,   481.34
219.46,   472.66,   606.29
216.39,   470.75,   731.24
221.74,   599.56,   483.24
218.67,   597.64,   608.18
215.60,   595.73,   733.13
348.29,   350.34,   482.53
345.21,   348.42,   607.48
342.14,   346.51,   732.43
347.50,   475.32,   484.43
344.42,   473.41,   609.37
341.35,   471.49,   734.32
346.70,   600.30,   486.32
343.63,   598.39,   611.27
340.56,   596.47,   736.22
98.28,   349.74,   601.76
98.06,   349.19,   726.76
97.83,   348.64,   851.76
100.46,   474.72,   602.31
100.24,   474.17,   727.31
100.01,   473.62,   852.31
102.64,   599.70,   602.87
102.42,   599.15,   727.87
102.19,   598.60,   852.87
223.26,   347.56,   601.97
223.04,   347.01,   726.97
222.81,   346.46,   851.97
225.44,   472.54,   602.53
225.22,   471.99,   727.53
224.99,   471.44,   852.53
227.62,   597.52,   603.09
227.40,   596.97,   728.09
227.17,   596.42,   853.08
348.24,   345.38,   602.19
348.02,   344.83,   727.19
347.79,   344.28,   852.19
350.42,   470.36,   602.75
350.20,   469.81,   727.74
349.97,   469.26,   852.74
352.60,   595.34,   603.30
352.38,   594.79,   728.30
352.15,   594.24,   853.30
99.16,   473.81,   101.35
100.65,   475.68,   226.32
102.13,   477.54,   351.30
100.82,   598.79,   99.46
102.30,   600.65,   224.44
103.79,   602.52,   349.42
102.48,   723.76,   97.58
103.96,   725.63,   222.56
105.44,   727.49,   347.53
224.14,   472.13,   99.89
225.63,   474.00,   224.87
227.11,   475.86,   349.84
225.80,   597.11,   98.01
227.28,   598.97,   222.98
228.77,   600.84,   347.96
227.46,   722.08,   96.12
228.94,   723.95,   221.10
230.42,   725.81,   346.08
349.12,   470.45,   98.43
350.61,   472.32,   223.41
352.09,   474.18,   348.39
350.78,   595.43,   96.55
352.26,   597.29,   221.53
353.75,   599.16,   346.50
352.44,   720.40,   94.67
353.92,   722.27,   219.64
355.40,   724.13,   344.62
101.68,   475.53,   226.82
103.47,   477.39,   351.79
105.25,   479.24,   476.76
98.60,   600.48,   225.01
100.39,   602.34,   349.98
102.17,   604.19,   474.95
95.52,   725.43,   223.20
97.31,   727.29,   348.17
99.09,   729.14,   473.15
226.63,   478.59,   224.99
228.41,   480.44,   349.96
230.20,   482.29,   474.93
223.55,   603.54,   223.18
225.34,   605.39,   348.15
227.12,   607.24,   473.13
220.47,   728.48,   221.37
222.26,   730.34,   346.34
224.04,   732.19,   471.32
351.58,   481.64,   223.16
353.36,   483.49,   348.13
355.15,   485.35,   473.10
348.50,   606.59,   221.35
350.28,   608.44,   346.32
352.07,   610.29,   471.30
345.42,   731.54,   219.54
347.21,   733.39,   344.51
348.99,   735.24,   469.49
101.15,   473.64,   348.47
98.42,   470.64,   473.41
95.69,   467.63,   598.34
98.15,   598.57,   351.42
95.41,   595.56,   476.35
92.68,   592.56,   601.28
95.14,   723.50,   354.36
92.41,   720.49,   479.29
89.67,   717.48,   604.23
226.09,   476.59,   351.27
223.36,   473.58,   476.21
220.63,   470.57,   601.14
223.08,   601.52,   354.22
220.35,   598.51,   479.15
217.62,   595.50,   604.09
220.07,   726.45,   357.16
217.34,   723.44,   482.09
214.61,   720.43,   607.03
351.02,   479.53,   354.08
348.29,   476.52,   479.01
345.56,   473.51,   603.94
348.01,   604.46,   357.02
345.28,   601.45,   481.95
342.55,   598.44,   606.89
345.00,   729.39,   359.96
342.27,   726.38,   484.90
339.54,   723.37,   609.83
98.34,   476.87,   475.25
96.72,   476.24,   600.24
95.10,   475.61,   725.23
97.77,   601.87,   475.88
96.15,   601.24,   600.86
94.53,   600.61,   725.85
97.20,   726.87,   476.50
95.58,   726.23,   601.49
93.95,   725.60,   726.47
223.33,   477.43,   476.88
221.71,   476.80,   601.86
220.09,   476.17,   726.85
222.76,   602.43,   477.50
221.14,   601.80,   602.49
219.51,   601.17,   727.47
222.18,   727.43,   478.12
220.56,   726.80,   603.11
218.94,   726.17,   728.10
348.32,   478.00,   478.50
346.70,   477.37,   603.49
345.07,   476.74,   728.48
347.74,   603.00,   479.12
346.12,   602.36,   604.11
344.50,   601.73,   729.10
347.17,   727.99,   479.75
345.55,   727.36,   604.73
343.93,   726.73,   729.72
101.62,   475.74,   601.07
104.95,   473.07,   726.00
108.28,   470.41,   850.93
102.25,   600.71,   603.73
105.58,   598.04,   728.65
108.91,   595.38,   853.58
102.88,   725.68,   606.38
106.21,   723.02,   731.31
109.54,   720.35,   856.23
226.58,   475.19,   597.73
229.91,   472.52,   722.66
233.23,   469.85,   847.59
227.20,   600.16,   600.38
230.53,   597.49,   725.31
233.86,   594.82,   850.24
227.83,   725.13,   603.04
231.16,   722.46,   727.96
234.49,   719.79,   852.89
351.53,   474.63,   594.39
354.86,   471.96,   719.32
358.19,   469.29,   844.24
352.16,   599.60,   597.04
355.49,   596.93,   721.97
358.82,   594.26,   846.90
352.79,   724.57,   599.70
356.11,   721.90,   724.62
359.44,   719.23,   849.55
101.60,   598.12,   100.12
104.36,   595.62,   225.06
107.12,   593.12,   350.01
102.07,   723.09,   102.61
104.83,   720.59,   227.55
107.59,   718.09,   352.50
102.54,   848.07,   105.10
105.30,   845.57,   230.04
108.06,   843.07,   354.99
226.57,   597.70,   97.35
229.33,   595.20,   222.30
232.09,   592.70,   347.24
227.04,   722.68,   99.84
229.80,   720.18,   224.79
232.56,   717.68,   349.73
227.51,   847.65,   102.33
230.27,   845.15,   227.28
233.03,   842.65,   352.22
351.54,   597.29,   94.59
354.30,   594.79,   219.53
357.06,   592.29,   344.47
352.01,   722.26,   97.07
354.77,   719.76,   222.02
357.53,   717.26,   346.96
352.48,   847.24,   99.56
355.24,   844.74,   224.51
358.00,   842.24,   349.45
100.39,   599.05,   223.41
100.50,   601.69,   348.38
100.60,   604.33,   473.35
98.61,   724.01,   220.77
98.71,   726.65,   345.74
98.82,   729.29,   470.72
96.83,   848.97,   218.13
96.93,   851.61,   343.11
97.03,   854.25,   468.08
225.38,   600.83,   223.27
225.48,   603.47,   348.24
225.59,   606.11,   473.21
223.60,   725.79,   220.63
223.70,   728.43,   345.60
223.80,   731.07,   470.58
221.81,   850.75,   217.99
221.92,   853.39,   342.96
222.02,   856.03,   467.94
350.37,   602.61,   223.13
350.47,   605.25,   348.10
350.57,   607.89,   473.07
348.58,   727.57,   220.49
348.69,   730.21,   345.46
348.79,   732.85,   470.43
346.80,   852.53,   217.85
346.90,   855.17,   342.82
347.01,   857.81,   467.80
99.20,   601.38,   349.51
97.86,   603.32,   474.49
96.52,   605.26,   599.47
98.56,   726.37,   347.57
97.22,   728.30,   472.55
95.88,   730.24,   597.52
97.91,   851.35,   345.63
96.57,   853.29,   470.60
95.23,   855.22,   595.58
224.19,   602.05,   350.84
222.85,   603.98,   475.82
221.51,   605.92,   600.80
223.55,   727.03,   348.90
222.21,   728.97,   473.88
220.87,   730.90,   598.86
222.91,   852.01,   346.96
221.57,   853.95,   471.93
220.22,   855.89,   596.91
349.18,   602.71,   352.17
347.84,   604.64,   477.15
346.50,   606.58,   602.13
348.54,   727.69,   350.23
347.20,   729.63,   475.21
345.86,   731.56,   600.19
347.90,   852.67,   348.29
346.56,   854.61,   473.26
345.22,   856.55,   598.24
98.03,   601.28,   475.64
99.38,   602.22,   600.63
100.73,   603.16,   725.62
95.67,   726.25,   474.73
97.02,   727.19,   599.71
98.37,   728.13,   724.70
93.32,   851.22,   473.81
94.67,   852.17,   598.80
96.02,   853.11,   723.79
223.00,   603.62,   474.28
224.35,   604.56,   599.26
225.70,   605.50,   724.25
220.65,   728.60,   473.36
221.99,   729.54,   598.35
223.34,   730.48,   723.34
218.29,   853.57,   472.44
219.64,   854.51,   597.43
220.99,   855.45,   722.42
347.97,   605.97,   472.91
349.32,   606.91,   597.90
350.67,   607.85,   722.89
345.62,   730.94,   471.99
346.96,   731.88,   596.98
348.31,   732.82,   721.97
343.26,   855.92,   471.08
344.61,   856.86,   596.07
345.96,   857.80,   721.06
101.72,   601.50,   599.43
101.25,   601.72,   724.43
100.79,   601.93,   849.43
105.24,   726.45,   599.23
104.77,   726.67,   724.23
104.30,   726.88,   849.23
108.75,   851.40,   599.03
108.29,   851.62,   724.03
107.82,   851.83,   849.02
226.67,   597.99,   599.90
226.20,   598.20,   724.90
225.74,   598.42,   849.90
230.19,   722.94,   599.70
229.72,   723.15,   724.70
229.25,   723.37,   849.70
233.70,   847.89,   599.50
233.24,   848.10,   724.50
232.77,   848.32,   849.50
351.62,   594.47,   600.37
351.15,   594.68,   725.37
350.69,   594.90,   850.37
355.13,   719.42,   600.17
354.67,   719.63,   725.17
354.20,   719.85,   850.17
358.65,   844.37,   599.97
358.19,   844.59,   724.97
357.72,   844.80,   849.97
225.42,   98.37,   99.25
224.05,   95.60,   224.21
222.69,   92.84,   349.17
227.24,   223.33,   102.04
225.88,   220.56,   227.00
224.52,   217.79,   351.96
229.07,   348.28,   104.82
227.70,   345.52,   229.79
226.34,   342.75,   354.75
350.40,   96.52,   100.57
349.03,   93.75,   225.53
347.67,   90.98,   350.49
352.22,   221.47,   103.36
350.86,   218.71,   228.32
349.50,   215.94,   353.28
354.05,   346.43,   106.15
352.68,   343.66,   231.11
351.32,   340.89,   356.07
475.38,   94.66,   101.89
474.01,   91.90,   226.85
472.65,   89.13,   351.82
477.20,   219.62,   104.68
475.84,   216.85,   229.64
474.48,   214.08,   354.60
479.02,   344.57,   107.47
477.66,   341.81,   232.43
476.30,   339.04,   357.39
226.92,   101.23,   224.29
225.75,   100.37,   349.28
224.58,   99.50,   474.27
227.05,   226.23,   225.15
225.88,   225.36,   350.15
224.71,   224.50,   475.14
227.19,   351.23,   226.02
226.02,   350.36,   351.01
224.85,   349.50,   476.00
351.91,   101.09,   225.46
350.74,   100.22,   350.45
349.57,   99.36,   475.44
352.05,   226.09,   226.32
350.88,   225.22,   351.32
349.70,   224.36,   476.31
352.18,   351.08,   227.19
351.01,   350.22,   352.18
349.84,   349.35,   477.17
476.91,   100.95,   226.63
475.74,   100.08,   351.62
474.56,   99.22,   476.61
477.04,   225.94,   227.49
475.87,   225.08,   352.49
474.70,   224.21,   477.48
477.18,   350.94,   228.36
476.01,   350.08,   353.35
474.83,   349.21,   478.34
225.89,   100.32,   349.58
228.25,   99.47,   474.55
230.61,   98.63,   599.53
225.13,   225.31,   350.43
227.49,   224.47,   475.41
229.85,   223.63,   600.38
224.36,   350.31,   351.29
226.72,   349.46,   476.27
229.08,   348.62,   601.24
350.87,   101.10,   347.22
353.23,   100.26,   472.20
355.59,   99.41,   597.17
350.10,   226.09,   348.08
352.46,   225.25,   473.05
354.82,   224.41,   598.03
349.33,   351.09,   348.94
351.69,   350.25,   473.91
354.05,   349.40,   598.89
475.84,   101.88,   344.87
478.20,   101.04,   469.84
480.56,   100.20,   594.82
475.08,   226.88,   345.72
477.44,   226.04,   470.70
479.80,   225.19,   595.67
474.31,   351.87,   346.58
476.67,   351.03,   471.56
479.03,   350.19,   596.53
225.75,   98.61,   473.88
229.02,   98.39,   598.84
232.30,   98.17,   723.80
222.45,   223.57,   474.19
225.73,   223.35,   599.14
229.01,   223.13,   724.10
219.16,   348.52,   474.49
222.44,   348.30,   599.45
225.71,   348.08,   724.41
350.66,   101.91,   470.61
353.94,   101.69,   595.57
357.21,   101.47,   720.53
347.37,   226.87,   470.92
350.64,   226.65,   595.87
353.92,   226.43,   720.83
344.07,   351.82,   471.22
347.35,   351.60,   596.18
350.63,   351.38,   721.14
475.57,   105.21,   467.34
478.85,   104.99,   592.30
482.13,   104.77,   717.26
472.28,   230.17,   467.65
475.56,   229.95,   592.60
478.83,   229.73,   717.56
468.99,   355.12,   467.95
472.26,   354.90,   592.91
475.54,   354.69,   717.87
226.39,   101.74,   601.95
229.58,   98.38,   726.86
232.77,   95.02,   851.78
229.98,   226.65,   605.22
233.17,   223.29,   730.13
236.36,   219.92,   855.05
233.56,   351.55,   608.49
236.75,   348.19,   733.40
239.94,   344.83,   858.32
351.30,   98.24,   598.66
354.49,   94.88,   723.58
357.68,   91.52,   848.49
354.88,   223.15,   601.93
358.07,   219.79,   726.85
361.26,   216.42,   851.76
358.47,   348.05,   605.20
361.66,   344.69,   730.12
364.85,   341.33,   855.03
476.20,   94.74,   595.38
479.40,   91.38,   720.29
482.59,   88.02,   845.21
479.79,   219.65,   598.65
482.98,   216.29,   723.56
486.17,   212.92,   848.48
483.38,   344.55,   601.92
486.57,   341.19,   726.83
489.76,   337.83,   851.75
226.90,   224.40,   99.21
228.67,   225.38,   224.19
230.45,   226.35,   349.17
223.54,   349.35,   98.28
225.31,   350.33,   223.26
227.08,   351.31,   348.24
220.17,   474.30,   97.35
221.95,   475.28,   222.33
223.72,   476.26,   347.31
351.84,   227.75,   97.41
353.62,   228.73,   222.39
355.39,   229.70,   347.37
348.48,   352.70,   96.48
350.25,   353.68,   221.46
352.03,   354.66,   346.44
345.11,   477.65,   95.55
346.89,   478.63,   220.53
348.66,   479.61,   345.51
476.78,   231.10,   95.61
478.56,   232.08,   220.59
480.33,   233.05,   345.57
473.42,   356.05,   94.68
475.19,   357.03,   219.66
476.97,   358.01,   344.64
470.06,   481.00,   93.75
471.83,   481.98,   218.73
473.61,   482.96,   343.71
224.02,   224.30,   226.83
222.48,   223.72,   351.82
220.95,   223.13,   476.81
223.57,   349.30,   227.41
222.03,   348.71,   352.40
220.50,   348.13,   477.39
223.12,   474.30,   227.99
221.59,   473.71,   352.98
220.05,   473.13,   477.97
349.01,   224.75,   228.37
347.47,   224.16,   353.36
345.94,   223.57,   478.35
348.56,   349.74,   228.95
347.02,   349.16,   353.94
345.49,   348.57,   478.93
348.11,   474.74,   229.53
346.58,   474.15,   354.52
345.04,   473.57,   479.51
474.00,   225.19,   229.91
472.46,   224.60,   354.90
470.93,   224.01,   479.88
473.55,   350.19,   230.49
472.01,   349.60,   355.48
470.48,   349.01,   480.47
473.10,   475.18,   231.07
471.56,   474.60,   356.06
470.03,   474.01,   481.05
224.90,   224.75,   348.57
228.42,   222.93,   473.51
231.94,   221.11,   598.45
225.28,   349.73,   350.38
228.81,   347.92,   475.32
232.33,   346.10,   600.26
225.67,   474.72,   352.19
229.20,   472.90,   477.13
232.72,   471.08,   602.06
349.84,   224.41,   345.05
353.37,   222.59,   469.98
356.89,   220.77,   594.92
350.23,   349.40,   346.85
353.76,   347.58,   471.79
357.28,   345.76,   596.73
350.62,   474.38,   348.66
354.15,   472.56,   473.60
357.67,   470.75,   598.54
474.79,   224.07,   341.52
478.32,   222.25,   466.46
481.84,   220.44,   591.39
475.18,   349.06,   343.33
478.71,   347.24,   468.26
482.23,   345.42,   593.20
475.57,   474.04,   345.13
479.10,   472.23,   470.07
482.62,   470.41,   595.01
226.28,   224.25,   476.11
225.78,   227.60,   601.06
225.29,   230.94,   726.01
226.89,   349.21,   472.76
226.40,   352.55,   597.72
225.91,   355.90,   722.67
227.51,   474.16,   469.42
227.02,   477.51,   594.38
226.52,   480.85,   719.33
351.27,   223.65,   476.61
350.78,   227.00,   601.57
350.29,   230.34,   726.52
351.89,   348.61,   473.27
351.40,   351.95,   598.23
350.91,   355.29,   723.18
352.50,   473.56,   469.93
352.01,   476.90,   594.88
351.52,   480.25,   719.84
476.27,   223.05,   477.12
475.78,   226.39,   602.08
475.29,   229.74,   727.03
476.89,   348.00,   473.78
476.39,   351.35,   598.73
475.90,   354.69,   723.69
477.50,   472.96,   470.44
477.01,   476.30,   595.39
476.52,   479.65,   720.34
225.42,   224.04,   600.60
228.44,   223.56,   725.56
231.45,   223.09,   850.52
222.66,   349.01,   601.14
225.67,   348.53,   726.10
228.68,   348.05,   851.07
219.89,   473.98,   601.69
222.91,   473.50,   726.65
225.92,   473.02,   851.61
350.36,   226.82,   597.59
353.37,   226.34,   722.56
356.38,   225.86,   847.52
347.59,   351.79,   598.14
350.60,   351.31,   723.10
353.62,   350.83,   848.06
344.83,   476.76,   598.68
347.84,   476.28,   723.65
350.85,   475.80,   848.61
475.29,   229.60,   594.59
478.30,   229.12,   719.56
481.32,   228.64,   844.52
472.52,   354.57,   595.14
475.54,   354.09,   720.10
478.55,   353.61,   845.06
469.76,   479.53,   595.68
472.77,   479.06,   720.64
475.78,   478.58,   845.61
225.49,   349.93,   98.61
222.08,   346.20,   223.51
218.66,   342.46,   348.40
222.16,   474.84,   102.26
218.75,   471.10,   227.15
215.33,   467.36,   352.05
218.84,   599.74,   105.90
215.42,   596.00,   230.80
212.01,   592.27,   355.70
350.40,   353.16,   102.12
346.99,   349.42,   227.02
343.57,   345.69,   351.92
347.07,   478.06,   105.77
343.66,   474.33,   230.66
340.24,   470.59,   355.56
343.75,   602.97,   109.41
340.33,   599.23,   234.31
336.91,   595.49,   359.21
475.31,   356.39,   105.63
471.90,   352.65,   230.53
468.48,   348.91,   355.43
471.98,   481.29,   109.28
468.57,   477.55,   234.18
465.15,   473.82,   359.07
468.65,   606.19,   112.93
465.24,   602.45,   237.82
461.82,   598.72,   362.72
225.87,   350.21,   226.91
227.33,   353.13,   351.87
228.79,   356.06,   476.83
222.12,   475.12,   224.03
223.58,   478.04,   348.99
225.04,   480.97,   473.95
218.37,   600.03,   221.15
219.83,   602.95,   346.11
221.29,   605.88,   471.06
350.81,   353.92,   225.37
352.27,   356.85,   350.33
353.72,   359.78,   475.28
347.06,   478.83,   222.49
348.51,   481.76,   347.44
349.97,   484.69,   472.40
343.31,   603.74,   219.60
344.76,   606.67,   344.56
346.22,   609.60,   469.52
475.74,   357.64,   223.83
477.20,   360.57,   348.78
478.66,   363.49,   473.74
471.99,   482.55,   220.94
473.45,   485.48,   345.90
474.91,   488.40,   470.86
468.24,   607.46,   218.06
469.70,   610.39,   343.02
471.16,   613.31,   467.97
223.70,   349.45,   350.52
227.08,   350.19,   475.47
230.46,   350.93,   600.42
220.34,   474.41,   349.87
223.72,   475.15,   474.82
227.11,   475.89,   599.77
216.98,   599.36,   349.22
220.37,   600.10,   474.17
223.75,   600.84,   599.12
348.61,   352.79,   347.11
351.99,   353.53,   472.07
355.37,   354.27,   597.02
345.25,   477.74,   346.47
348.63,   478.48,   471.42
352.02,   479.22,   596.37
341.89,   602.70,   345.82
345.28,   603.44,   470.77
348.66,   604.18,   595.72
473.52,   356.13,   343.71
476.90,   356.87,   468.67
480.28,   357.61,   593.62
470.16,   481.08,   343.06
473.54,   481.82,   468.02
476.92,   482.56,   592.97
466.80,   606.04,   342.42
470.19,   606.78,   467.37
473.57,   607.51,   592.32
225.87,   348.15,   475.56
227.40,   348.88,   600.55
228.94,   349.61,   725.54
225.31,   473.15,   474.84
226.85,   473.87,   599.83
228.38,   474.60,   724.82
224.75,   598.14,   474.12
226.29,   598.87,   599.11
227.83,   599.60,   724.09
350.85,   348.70,   474.02
352.39,   349.42,   599.01
353.93,   350.15,   724.00
350.30,   473.69,   473.30
351.83,   474.42,   598.29
353.37,   475.15,   723.28
349.74,   598.69,   472.58
351.28,   599.42,   597.57
352.81,   600.15,   722.55
475.84,   349.24,   472.48
477.38,   349.97,   597.47
478.92,   350.70,   722.46
475.29,   474.24,   471.76
476.82,   474.97,   596.75
478.36,   475.70,   721.74
474.73,   599.24,   471.04
476.27,   599.97,   596.03
477.80,   600.69,   721.01
224.73,   350.72,   599.42
223.89,   352.48,   724.41
223.05,   354.23,   849.39
226.26,   475.70,   597.68
225.43,   477.45,   722.66
224.59,   479.21,   847.65
227.80,   600.68,   595.93
226.96,   602.43,   720.91
226.12,   604.19,   845.90
349.72,   349.20,   600.28
348.88,   350.96,   725.27
348.04,   352.71,   850.25
351.25,   474.18,   598.53
350.41,   475.93,   723.52
349.57,   477.69,   848.50
352.78,   599.15,   596.79
351.95,   600.91,   721.77
351.11,   602.67,   846.76
474.71,   347.68,   601.14
473.87,   349.44,   726.13
473.03,   351.19,   851.11
476.24,   472.66,   599.39
475.40,   474.41,   724.38
474.56,   476.17,   849.36
477.77,   597.63,   597.65
476.93,   599.39,   722.63
476.10,   601.15,   847.62
223.43,   476.57,   101.51
220.73,   474.67,   226.47
218.02,   472.78,   351.42
220.69,   601.52,   103.34
217.98,   599.63,   228.30
215.28,   597.74,   353.26
217.94,   726.48,   105.18
215.24,   724.59,   230.14
212.53,   722.69,   355.09
348.37,   479.27,   104.25
345.67,   477.38,   229.21
342.96,   475.48,   354.17
345.63,   604.23,   106.09
342.92,   602.33,   231.05
340.22,   600.44,   356.00
342.88,   729.18,   107.92
340.18,   727.29,   232.88
337.47,   725.39,   357.84
473.31,   481.97,   107.00
470.61,   480.08,   231.96
467.90,   478.18,   356.91
470.57,   606.93,   108.83
467.86,   605.04,   233.79
465.16,   603.14,   358.75
467.82,   731.89,   110.67
465.12,   729.99,   235.63
462.41,   728.10,   360.58
225.06,   474.95,   225.35
224.55,   476.97,   350.34
224.05,   478.99,   475.32
226.41,   599.93,   223.34
225.91,   601.95,   348.33
225.40,   603.97,   473.31
227.76,   724.91,   221.33
227.26,   726.92,   346.31
226.76,   728.94,   471.30
350.05,   473.61,   225.88
349.55,   475.63,   350.86
349.04,   477.65,   475.84
351.40,   598.59,   223.87
350.90,   600.60,   348.85
350.40,   602.62,   473.83
352.75,   723.56,   221.85
352.25,   725.58,   346.84
351.75,   727.60,   471.82
475.04,   472.27,   226.40
474.54,   474.28,   351.38
474.04,   476.30,   476.37
476.39,   597.24,   224.39
475.89,   599.26,   349.37
475.39,   601.28,   474.36
477.74,   722.22,   222.38
477.24,   724.24,   347.36
476.74,   726.26,   472.34
225.27,   473.30,   351.17
225.95,   472.33,   476.16
226.63,   471.36,   601.16
226.82,   598.28,   352.13
227.50,   597.32,   477.12
228.18,   596.35,   602.12
228.37,   723.27,   353.08
229.05,   722.30,   478.08
229.73,   721.34,   603.07
350.26,   471.75,   350.47
350.94,   470.79,   475.47
351.62,   469.82,   600.46
351.81,   596.74,   351.43
352.49,   595.77,   476.43
353.17,   594.81,   601.42
353.36,   721.73,   352.39
354.04,   720.76,   477.39
354.72,   719.79,   602.38
475.25,   470.21,   349.78
475.93,   469.24,   474.78
476.61,   468.28,   599.77
476.80,   595.20,   350.74
477.48,   594.23,   475.73
478.16,   593.26,   600.73
478.35,   720.18,   351.70
479.03,   719.22,   476.69
479.71,   718.25,   601.69
226.13,   476.25,   473.96
224.27,   476.36,   598.94
222.40,   476.47,   723.93
225.34,   601.24,   473.83
223.47,   601.35,   598.82
221.60,   601.46,   723.81
224.55,   726.24,   473.71
222.68,   726.35,   598.70
220.81,   726.46,   723.69
351.12,   477.04,   475.82
349.25,   477.15,   600.81
347.38,   477.26,   725.80
350.33,   602.04,   475.70
348.46,   602.15,   600.69
346.59,   602.26,   725.68
349.53,   727.04,   475.58
347.66,   727.15,   600.57
345.79,   727.25,   725.55
476.10,   477.84,   477.69
474.23,   477.94,   602.68
472.36,   478.05,   727.66
475.31,   602.83,   477.57
473.44,   602.94,   602.56
471.57,   603.05,   727.54
474.52,   727.83,   477.45
472.65,   727.94,   602.44
470.78,   728.05,   727.42
225.54,   473.29,   601.58
227.33,   475.45,   726.55
229.11,   477.62,   851.52
228.28,   598.24,   599.37
230.07,   600.40,   724.34
231.85,   602.57,   849.31
231.02,   723.19,   597.17
232.81,   725.35,   722.13
234.59,   727.52,   847.10
350.50,   470.51,   599.84
352.29,   472.68,   724.81
354.07,   474.85,   849.78
353.24,   595.46,   597.64
355.03,   597.63,   722.60
356.81,   599.80,   847.57
355.98,   720.42,   595.43
357.77,   722.58,   720.40
359.55,   724.75,   845.37
475.46,   467.74,   598.11
477.24,   469.91,   723.08
479.03,   472.08,   848.04
478.20,   592.69,   595.90
479.98,   594.86,   720.87
481.77,   597.03,   845.84
480.94,   717.64,   593.69
482.72,   719.81,   718.66
484.51,   721.98,   843.63
226.08,   599.76,   100.98
223.72,   602.97,   225.91
221.36,   606.17,   350.85
228.62,   724.69,   97.82
226.26,   727.90,   222.75
223.90,   731.11,   347.69
231.16,   849.63,   94.66
228.80,   852.83,   219.59
226.44,   856.04,   344.53
351.03,   597.28,   103.40
348.67,   600.48,   228.34
346.31,   603.69,   353.27
353.57,   722.21,   100.24
351.21,   725.42,   225.18
348.85,   728.63,   350.11
356.11,   847.15,   97.08
353.76,   850.35,   222.02
351.40,   853.56,   346.95
475.98,   594.80,   105.82
473.62,   598.00,   230.76
471.27,   601.21,   355.70
478.52,   719.73,   102.66
476.17,   722.94,   227.60
473.81,   726.15,   352.54
481.07,   844.66,   99.50
478.71,   847.87,   224.44
476.35,   851.08,   349.38
224.08,   600.80,   223.31
226.21,   601.63,   348.29
228.33,   602.45,   473.27
226.72,   725.77,   222.44
228.85,   726.60,   347.42
230.98,   727.42,   472.40
229.36,   850.74,   221.57
231.49,   851.57,   346.55
233.62,   852.39,   471.53
349.03,   598.15,   221.20
351.16,   598.97,   346.18
353.29,   599.80,   471.16
351.67,   723.12,   220.33
353.80,   723.94,   345.31
355.93,   724.77,   470.29
354.31,   848.08,   219.46
356.44,   848.91,   344.44
358.57,   849.74,   469.42
473.99,   595.49,   219.09
476.11,   596.32,   344.07
478.24,   597.14,   469.05
476.63,   720.46,   218.22
478.75,   721.29,   343.20
480.88,   722.11,   468.18
479.27,   845.43,   217.35
481.40,   846.26,   342.33
483.52,   847.08,   467.31
225.25,   600.60,   348.65
225.42,   599.45,   473.64
225.60,   598.30,   598.64
223.93,   725.59,   349.80
224.11,   724.44,   474.79
224.29,   723.29,   599.79
222.62,   850.57,   350.95
222.80,   849.43,   475.94
222.98,   848.28,   600.94
350.24,   601.91,   348.48
350.42,   600.76,   473.48
350.60,   599.62,   598.47
348.93,   726.90,   349.63
349.11,   725.75,   474.62
349.28,   724.61,   599.62
347.61,   851.89,   350.78
347.79,   850.74,   475.77
347.97,   849.59,   600.77
475.23,   603.23,   348.31
475.41,   602.08,   473.31
475.59,   600.93,   598.30
473.92,   728.21,   349.46
474.10,   727.07,   474.46
474.28,   725.92,   599.45
472.61,   853.20,   350.61
472.79,   852.05,   475.61
472.97,   850.91,   600.60
226.12,   601.14,   476.15
222.83,   602.00,   601.10
219.55,   602.85,   726.06
229.26,   726.10,   475.38
225.97,   726.95,   600.33
222.69,   727.81,   725.29
232.40,   851.06,   474.60
229.11,   851.91,   599.56
225.83,   852.77,   724.51
351.04,   598.02,   479.45
347.75,   598.88,   604.41
344.47,   599.73,   729.36
354.18,   722.98,   478.68
350.89,   723.84,   603.64
347.61,   724.69,   728.59
357.31,   847.94,   477.91
354.03,   848.79,   602.86
350.75,   849.65,   727.82
475.95,   594.91,   482.76
472.67,   595.76,   607.71
469.39,   596.61,   732.67
479.09,   719.86,   481.99
475.81,   720.72,   606.94
472.52,   721.57,   731.89
482.23,   844.82,   481.21
478.95,   845.68,   606.17
475.66,   846.53,   731.12
224.04,   598.67,   601.05
224.85,   595.72,   726.01
225.66,   592.77,   850.97
220.99,   723.60,   604.02
221.80,   720.65,   728.98
222.61,   717.69,   853.94
217.94,   848.53,   606.99
218.75,   845.57,   731.95
219.56,   842.62,   856.92
349.00,   601.74,   600.31
349.81,   598.79,   725.27
350.62,   595.84,   850.23
345.95,   726.67,   603.28
346.76,   723.72,   728.24
347.57,   720.76,   853.20
342.90,   851.60,   606.25
343.71,   848.64,   731.21
344.52,   845.69,   856.18
473.96,   604.81,   599.57
474.77,   601.86,   724.53
475.58,   598.91,   849.49
470.91,   729.74,   602.54
471.72,   726.79,   727.50
472.53,   723.83,   852.46
467.86,   854.67,   605.51
468.67,   851.71,   730.47
469.48,   848.76,   855.44
348.68,   100.20,   99.57
350.85,   100.16,   224.55
353.02,   100.12,   349.53
345.42,   225.16,   99.66
347.59,   225.12,   224.65
349.76,   225.08,   349.63
342.16,   350.11,   99.76
344.33,   350.08,   224.74
346.50,   350.04,   349.72
473.62,   103.46,   97.40
475.79,   103.42,   222.39
477.96,   103.38,   347.37
470.36,   228.42,   97.50
472.53,   228.38,   222.48
474.70,   228.34,   347.46
467.10,   353.37,   97.59
469.27,   353.34,   222.57
471.44,   353.30,   347.55
598.56,   106.72,   95.24
600.73,   106.68,   220.22
602.90,   106.65,   345.20
595.30,   231.68,   95.33
597.47,   231.64,   220.31
599.64,   231.60,   345.29
592.04,   356.63,   95.43
594.21,   356.60,   220.41
596.38,   356.56,   345.39
350.85,   100.86,   226.71
349.09,   102.96,   351.68
347.33,   105.07,   476.65
348.72,   225.83,   224.58
346.96,   227.93,   349.55
345.20,   230.03,   474.52
346.58,   350.79,   222.45
344.82,   352.89,   347.42
343.07,   354.99,   472.39
475.82,   103.03,   228.43
474.06,   105.13,   353.40
472.30,   107.23,   478.37
473.69,   227.99,   226.30
471.93,   230.09,   351.27
470.17,   232.19,   476.24
471.55,   352.95,   224.17
469.79,   355.06,   349.14
468.04,   357.16,   474.11
600.79,   105.19,   230.15
599.03,   107.29,   355.12
597.27,   109.39,   480.09
598.65,   230.15,   228.02
596.90,   232.26,   352.99
595.14,   234.36,   477.96
596.52,   355.12,   225.89
594.76,   357.22,   350.86
593.00,   359.32,   475.83
349.04,   101.18,   350.33
346.61,   101.42,   475.30
344.17,   101.67,   600.28
347.41,   226.17,   350.05
344.98,   226.41,   475.03
342.54,   226.65,   600.00
345.78,   351.16,   349.78
343.35,   351.40,   474.75
340.91,   351.64,   599.73
474.01,   102.82,   352.76
471.57,   103.06,   477.73
469.14,   103.30,   602.71
472.38,   227.80,   352.48
469.94,   228.05,   477.46
467.51,   228.29,   602.43
470.75,   352.79,   352.21
468.31,   353.04,   477.18
465.88,   353.28,   602.16
598.97,   104.45,   355.19
596.54,   104.69,   480.16
594.11,   104.94,   605.14
597.34,   229.44,   354.91
594.91,   229.68,   479.89
592.47,   229.93,   604.86
595.71,   354.43,   354.64
593.28,   354.67,   479.61
590.84,   354.92,   604.59
349.85,   99.70,   475.98
346.45,   103.45,   600.88
343.05,   107.20,   725.78
353.49,   224.60,   472.34
350.09,   228.34,   597.23
346.69,   232.09,   722.13
357.14,   349.49,   468.69
353.74,   353.24,   593.58
350.33,   356.98,   718.48
474.75,   96.16,   479.49
471.35,   99.91,   604.39
467.95,   103.66,   729.29
478.39,   221.06,   475.84
474.99,   224.80,   600.74
471.59,   228.55,   725.64
482.04,   345.95,   472.20
478.64,   349.70,   597.09
475.23,   353.44,   721.99
599.65,   92.62,   483.00
596.25,   96.37,   607.90
592.85,   100.12,   732.79
603.30,   217.51,   479.35
599.89,   221.26,   604.25
596.49,   225.01,   729.15
606.94,   342.41,   475.70
603.54,   346.16,   600.60
600.14,   349.90,   725.50
350.51,   98.15,   601.08
351.01,   100.80,   726.05
351.50,   103.45,   851.02
349.28,   223.12,   598.44
349.77,   225.77,   723.41
350.27,   228.42,   848.38
348.05,   348.08,   595.79
348.54,   350.74,   720.76
349.04,   353.39,   845.73
475.50,   99.37,   600.56
476.00,   102.02,   725.53
476.50,   104.68,   850.50
474.27,   224.34,   597.91
474.77,   226.99,   722.89
475.26,   229.64,   847.86
473.04,   349.31,   595.27
473.54,   351.96,   720.24
474.03,   354.61,   845.21
600.50,   100.60,   600.04
600.99,   103.25,   725.01
601.49,   105.90,   849.98
599.26,   225.56,   597.39
599.76,   228.21,   722.36
600.26,   230.86,   847.33
598.03,   350.53,   594.75
598.53,   353.18,   719.72
599.02,   355.83,   844.69
351.14,   224.97,   101.21
354.44,   223.46,   226.15
357.74,   221.94,   351.10
351.32,   349.96,   102.72
354.62,   348.45,   227.67
357.92,   346.93,   352.61
351.50,   474.95,   104.23
354.79,   473.44,   229.18
358.09,   471.92,   354.13
476.10,   224.84,   97.90
479.40,   223.32,   222.85
482.70,   221.80,   347.80
476.28,   349.83,   99.42
479.57,   348.31,   224.37
482.87,   346.79,   349.31
476.45,   474.82,   100.93
479.75,   473.30,   225.88
483.05,   471.78,   350.83
601.06,   224.70,   94.60
604.35,   223.18,   219.55
607.65,   221.67,   344.50
601.23,   349.69,   96.12
604.53,   348.17,   221.06
607.83,   346.66,   346.01
601.41,   474.68,   97.63
604.71,   473.16,   222.58
608.01,   471.65,   347.52
351.28,   226.05,   225.23
350.99,   228.11,   350.21
350.70,   230.16,   475.19
352.89,   351.03,   223.18
352.60,   353.08,   348.16
352.31,   355.14,   473.14
354.51,   476.00,   221.13
354.22,   478.05,   346.11
353.93,   480.11,   471.09
476.27,   224.44,   225.55
475.98,   226.50,   350.53
475.69,   228.55,   475.51
477.88,   349.41,   223.49
477.59,   351.47,   348.48
477.30,   353.52,   473.46
479.50,   474.39,   221.44
479.21,   476.44,   346.43
478.92,   478.50,   471.41
601.26,   222.83,   225.86
600.97,   224.88,   350.84
600.68,   226.94,   475.83
602.87,   347.80,   223.81
602.58,   349.86,   348.79
602.29,   351.91,   473.78
604.49,   472.78,   221.76
604.20,   474.83,   346.74
603.91,   476.88,   471.73
350.34,   223.57,   351.15
349.55,   224.58,   476.15
348.76,   225.59,   601.14
352.73,   348.54,   350.16
351.94,   349.55,   475.15
351.16,   350.56,   600.14
355.12,   473.51,   349.16
354.34,   474.53,   474.15
353.55,   475.54,   599.15
475.31,   221.18,   351.96
474.53,   222.19,   476.95
473.74,   223.21,   601.95
477.71,   346.15,   350.96
476.92,   347.17,   475.96
476.13,   348.18,   600.95
480.10,   471.13,   349.97
479.31,   472.14,   474.96
478.52,   473.15,   599.95
600.29,   218.80,   352.77
599.50,   219.81,   477.76
598.71,   220.82,   602.75
602.68,   343.77,   351.77
601.89,   344.78,   476.76
601.11,   345.79,   601.76
605.07,   468.74,   350.77
604.28,   469.75,   475.77
603.50,   470.77,   600.76
349.17,   224.30,   475.50
350.19,   225.17,   600.50
351.20,   226.03,   725.49
349.89,   349.30,   474.63
350.90,   350.16,   599.63
351.91,   351.03,   724.62
350.60,   474.29,   473.76
351.61,   475.16,   598.76
352.62,   476.02,   723.75
474.17,   223.59,   474.50
475.18,   224.45,   599.49
476.19,   225.31,   724.48
474.88,   348.58,   473.63
475.89,   349.44,   598.62
476.90,   350.31,   723.61
475.59,   473.58,   472.76
476.60,   474.44,   597.75
477.61,   475.30,   722.74
599.16,   222.87,   473.49
600.17,   223.73,   598.48
601.19,   224.59,   723.47
599.87,   347.86,   472.62
600.88,   348.73,   597.61
601.90,   349.59,   722.61
600.58,   472.86,   471.75
601.60,   473.72,   596.74
602.61,   474.58,   721.74
349.22,   226.56,   601.94
351.43,   228.69,   726.90
353.64,   230.81,   851.86
348.45,   351.54,   599.83
350.66,   353.67,   724.79
352.87,   355.79,   849.75
347.68,   476.52,   597.71
349.89,   478.65,   722.68
352.10,   480.77,   847.64
474.20,   227.29,   599.72
476.41,   229.42,   724.68
478.62,   231.54,   849.64
473.43,   352.27,   597.60
475.64,   354.40,   722.56
477.85,   356.52,   847.53
472.66,   477.25,   595.49
474.87,   479.38,   720.45
477.08,   481.50,   845.41
599.17,   228.02,   597.49
601.39,   230.15,   722.45
603.60,   232.28,   847.42
598.41,   353.00,   595.38
600.62,   355.13,   720.34
602.83,   357.26,   845.30
597.64,   477.98,   593.27
599.85,   480.11,   718.23
602.06,   482.24,   843.19
351.38,   348.54,   99.09
349.73,   350.21,   224.07
348.07,   351.88,   349.05
354.80,   473.49,   97.47
353.15,   475.15,   222.45
351.49,   476.82,   347.43
358.22,   598.43,   95.85
356.56,   600.10,   220.83
354.91,   601.76,   345.81
476.33,   345.15,   100.79
474.67,   346.81,   225.77
473.01,   348.48,   350.75
479.74,   470.09,   99.17
478.09,   471.76,   224.15
476.43,   473.42,   349.13
483.16,   595.03,   97.55
481.51,   596.70,   222.53
479.85,   598.37,   347.51
601.27,   341.75,   102.50
599.61,   343.42,   227.47
597.96,   345.09,   352.45
604.69,   466.69,   100.87
603.03,   468.36,   225.85
601.37,   470.03,   350.83
608.10,   591.64,   99.25
606.45,   593.30,   224.23
604.79,   594.97,   349.21
350.27,   349.20,   224.15
348.37,   346.19,   349.10
346.47,   343.18,   474.05
351.65,   474.16,   227.19
349.75,   471.15,   352.13
347.85,   468.14,   477.08
353.03,   599.11,   230.22
351.13,   596.10,   355.17
349.23,   593.09,   480.12
475.25,   347.78,   226.02
473.35,   344.77,   350.97
471.45,   341.76,   475.92
476.63,   472.73,   229.05
474.73,   469.72,   354.00
472.83,   466.71,   478.95
478.00,   597.69,   232.08
476.10,   594.68,   357.03
474.20,   591.67,   481.98
600.23,   346.36,   227.89
598.33,   343.35,   352.84
596.43,   340.34,   477.79
601.60,   471.31,   230.92
599.70,   468.30,   355.87
597.80,   465.29,   480.82
602.98,   596.27,   233.95
601.08,   593.26,   358.90
599.18,   590.25,   483.85
350.59,   350.66,   351.83
353.58,   353.27,   476.77
356.57,   355.87,   601.71
347.69,   475.60,   349.30
350.68,   478.21,   474.23
353.68,   480.81,   599.17
344.79,   600.54,   346.76
347.79,   603.15,   471.70
350.78,   605.75,   596.64
475.52,   353.49,   348.78
478.51,   356.10,   473.72
481.50,   358.70,   598.66
472.62,   478.43,   346.25
475.61,   481.04,   471.18
478.61,   483.65,   596.12
469.73,   603.38,   343.71
472.72,   605.98,   468.65
475.71,   608.59,   593.58
600.45,   356.33,   345.73
603.44,   358.93,   470.67
606.43,   361.54,   595.60
597.55,   481.27,   343.19
600.54,   483.87,   468.13
603.54,   486.48,   593.07
594.66,   606.21,   340.66
597.65,   608.81,   465.59
600.64,   611.42,   590.53
348.67,   350.32,   474.71
351.25,   351.11,   599.68
353.83,   351.90,   724.65
349.60,   475.31,   473.90
352.19,   476.10,   598.87
354.77,   476.89,   723.84
350.54,   600.31,   473.09
353.12,   601.10,   598.06
355.71,   601.89,   723.03
473.64,   349.36,   472.14
476.22,   350.15,   597.11
478.80,   350.94,   722.08
474.57,   474.36,   471.33
477.16,   475.15,   596.30
479.74,   475.94,   721.27
475.51,   599.35,   470.52
478.09,   600.14,   595.49
480.68,   600.93,   720.46
598.61,   348.41,   469.56
601.19,   349.20,   594.53
603.77,   349.99,   719.50
599.54,   473.40,   468.75
602.13,   474.19,   593.72
604.71,   474.98,   718.69
600.48,   598.40,   467.94
603.06,   599.19,   592.91
605.65,   599.98,   717.88
351.10,   349.33,   601.28
350.27,   349.73,   726.28
349.43,   350.13,   851.27
350.49,   474.32,   600.88
349.66,   474.72,   725.87
348.82,   475.12,   850.87
349.88,   599.32,   600.47
349.05,   599.72,   725.47
348.21,   600.12,   850.47
476.10,   349.94,   602.11
475.26,   350.34,   727.11
474.43,   350.74,   852.11
475.49,   474.94,   601.71
474.65,   475.34,   726.71
473.82,   475.74,   851.70
474.88,   599.93,   601.30
474.04,   600.34,   726.30
473.21,   600.74,   851.30
601.09,   350.55,   602.95
600.26,   350.95,   727.94
599.42,   351.35,   852.94
600.48,   475.55,   602.54
599.65,   475.95,   727.54
598.81,   476.35,   852.53
599.87,   600.55,   602.14
599.04,   600.95,   727.13
598.20,   601.35,   852.13
348.32,   474.55,   99.01
344.77,   472.27,   223.94
341.23,   469.98,   348.87
344.77,   599.48,   101.20
341.23,   597.20,   226.13
337.68,   594.91,   351.06
341.23,   724.41,   103.38
337.68,   722.13,   228.31
334.14,   719.84,   353.24
473.22,   478.03,   102.62
469.67,   475.75,   227.55
466.13,   473.46,   352.48
469.67,   602.96,   104.81
466.13,   600.68,   229.74
462.58,   598.39,   354.66
466.13,   727.89,   106.99
462.58,   725.61,   231.92
459.04,   723.32,   356.85
598.12,   481.51,   106.23
594.57,   479.23,   231.16
591.03,   476.94,   356.09
594.57,   606.44,   108.42
591.03,   604.16,   233.34
587.48,   601.87,   358.27
591.03,   731.37,   110.60
587.48,   729.09,   235.53
583.94,   726.80,   360.46
348.79,   474.89,   223.05
347.57,   474.12,   348.04
346.34,   473.35,   473.03
347.82,   599.88,   223.81
346.60,   599.12,   348.80
345.37,   598.35,   473.79
346.86,   724.88,   224.56
345.63,   724.11,   349.56
344.40,   723.34,   474.55
473.78,   475.85,   224.28
472.56,   475.08,   349.27
471.33,   474.31,   474.27
472.81,   600.84,   225.04
471.59,   600.07,   350.03
470.36,   599.31,   475.02
471.85,   725.84,   225.80
470.62,   725.07,   350.79
469.39,   724.30,   475.78
598.77,   476.81,   225.51
597.55,   476.04,   350.51
596.32,   475.27,   475.50
597.80,   601.80,   226.27
596.58,   601.03,   351.26
595.35,   600.27,   476.26
596.84,   726.80,   227.03
595.61,   726.03,   352.02
594.38,   725.26,   477.01
348.74,   473.73,   348.34
348.28,   475.05,   473.33
347.82,   476.37,   598.32
347.45,   598.72,   347.02
346.99,   600.04,   472.01
346.53,   601.35,   597.00
346.16,   723.71,   345.70
345.70,   725.02,   470.69
345.24,   726.34,   595.68
473.73,   475.03,   348.78
473.27,   476.35,   473.77
472.81,   477.66,   598.77
472.44,   600.02,   347.46
471.98,   601.33,   472.45
471.52,   602.65,   597.45
471.15,   725.00,   346.14
470.69,   726.32,   471.13
470.23,   727.64,   596.13
598.72,   476.33,   349.23
598.26,   477.64,   474.22
597.80,   478.96,   599.21
597.43,   601.31,   347.91
596.97,   602.63,   472.90
596.51,   603.94,   597.89
596.14,   726.30,   346.59
595.68,   727.61,   471.58
595.22,   728.93,   596.57
348.26,   475.52,   473.83
345.71,   475.23,   598.81
343.16,   474.94,   723.78
348.34,   600.52,   474.12
345.79,   600.23,   599.10
343.24,   599.94,   724.07
348.42,   725.52,   474.41
345.87,   725.23,   599.39
343.32,   724.94,   724.36
473.23,   475.43,   476.38
470.68,   475.14,   601.36
468.13,   474.86,   726.33
473.31,   600.43,   476.67
470.76,   600.14,   601.65
468.21,   599.86,   726.62
473.40,   725.43,   476.96
470.85,   725.14,   601.94
468.30,   724.86,   726.91
598.21,   475.35,   478.93
595.66,   475.06,   603.91
593.11,   474.77,   728.88
598.29,   600.35,   479.22
595.74,   600.06,   604.20
593.19,   599.77,   729.17
598.37,   725.35,   479.51
595.82,   725.06,   604.49
593.27,   724.77,   729.46
350.18,   474.68,   598.86
351.21,   475.83,   723.85
352.24,   476.98,   848.84
349.77,   599.67,   597.71
350.80,   600.82,   722.70
351.83,   601.97,   847.69
349.36,   724.66,   596.56
350.38,   725.82,   721.55
351.41,   726.97,   846.54
475.18,   475.08,   597.83
476.21,   476.23,   722.82
477.24,   477.38,   847.81
474.76,   600.08,   596.68
475.79,   601.23,   721.67
476.82,   602.38,   846.66
474.35,   725.07,   595.53
475.38,   726.22,   720.52
476.41,   727.37,   845.51
600.17,   475.49,   596.79
601.20,   476.64,   721.78
602.23,   477.79,   846.77
599.76,   600.48,   595.65
600.79,   601.63,   720.64
601.82,   602.78,   845.63
599.35,   725.47,   594.50
600.37,   726.63,   719.49
601.40,   727.78,   844.48
350.37,   598.71,   98.93
353.78,   597.34,   223.88
357.19,   595.98,   348.83
350.90,   723.70,   100.29
354.31,   722.34,   225.23
357.71,   720.97,   350.18
351.42,   848.69,   101.64
354.83,   847.33,   226.58
358.24,   845.96,   351.53
475.32,   598.22,   95.52
478.73,   596.85,   220.47
482.14,   595.49,   345.41
475.85,   723.21,   96.87
479.26,   721.85,   221.82
482.67,   720.48,   346.76
476.38,   848.20,   98.22
479.78,   846.84,   223.17
483.19,   845.47,   348.12
600.28,   597.73,   92.11
603.68,   596.36,   217.05
607.09,   595.00,   342.00
600.80,   722.72,   93.46
604.21,   721.36,   218.41
607.62,   719.99,   343.35
601.33,   847.71,   94.81
604.74,   846.35,   219.76
608.14,   844.98,   344.70
349.91,   599.64,   224.85
351.24,   598.31,   349.83
352.57,   596.98,   474.82
352.46,   724.61,   226.15
353.79,   723.28,   351.13
355.13,   721.95,   476.12
355.02,   849.58,   227.45
356.35,   848.25,   352.44
357.68,   846.91,   477.42
474.88,   597.10,   223.49
476.21,   595.77,   348.47
477.54,   594.44,   473.46
477.43,   722.07,   224.79
478.76,   720.74,   349.78
480.09,   719.41,   474.76
479.98,   847.04,   226.09
481.31,   845.71,   351.08
482.65,   844.38,   476.06
599.84,   594.56,   222.13
601.17,   593.23,   347.11
602.51,   591.90,   472.10
602.40,   719.53,   223.43
603.73,   718.20,   348.42
605.06,   716.87,   473.40
604.95,   844.50,   224.73
606.28,   843.17,   349.72
607.61,   841.84,   474.71
351.93,   600.06,   351.77
354.53,   602.75,   476.72
357.13,   605.43,   601.66
351.19,   725.03,   349.10
353.78,   727.72,   474.05
356.38,   730.40,   598.99
350.44,   850.00,   346.43
353.04,   852.68,   471.38
355.64,   855.37,   596.32
476.90,   600.75,   349.16
479.50,   603.43,   474.10
482.10,   606.12,   599.05
476.16,   725.72,   346.49
478.76,   728.40,   471.43
481.35,   731.09,   596.38
475.41,   850.69,   343.82
478.01,   853.37,   468.76
480.61,   856.06,   593.71
601.87,   601.44,   346.55
604.47,   604.12,   471.49
607.07,   606.80,   596.43
601.13,   726.40,   343.88
603.73,   729.09,   468.82
606.32,   731.77,   593.76
600.39,   851.37,   341.21
602.98,   854.06,   466.15
605.58,   856.74,   591.10
350.66,   598.06,   475.61
347.10,   599.75,   600.55
343.54,   601.45,   725.48
348.14,   723.02,   473.84
344.58,   724.72,   598.78
341.01,   726.41,   723.72
345.61,   847.98,   472.07
342.05,   849.68,   597.01
338.49,   851.37,   721.95
475.58,   600.63,   479.14
472.02,   602.33,   604.07
468.46,   604.02,   729.01
473.06,   725.59,   477.37
469.50,   727.29,   602.30
465.94,   728.99,   727.24
470.54,   850.55,   475.60
466.97,   852.25,   600.53
463.41,   853.95,   725.47
600.51,   603.20,   482.66
596.95,   604.90,   607.60
593.39,   606.60,   732.54
597.98,   728.16,   480.89
594.42,   729.86,   605.83
590.86,   731.56,   730.77
595.46,   853.13,   479.12
591.90,   854.82,   604.06
588.34,   856.52,   729.00
348.15,   599.67,   598.02
348.39,   598.59,   723.01
348.64,   597.52,   848.01
347.27,   724.66,   599.09
347.51,   723.59,   724.09
347.76,   722.51,   849.08
346.39,   849.65,   600.17
346.63,   848.58,   725.17
346.88,   847.50,   850.16
473.14,   600.55,   597.78
473.39,   599.48,   722.77
473.63,   598.40,   847.77
472.26,   725.54,   598.86
472.51,   724.47,   723.85
472.75,   723.39,   848.85
471.38,   850.54,   599.93
471.63,   849.46,   724.93
471.87,   848.38,   849.92
598.14,   601.43,   597.54
598.38,   600.36,   722.54
598.63,   599.28,   847.53
597.26,   726.43,   598.62
597.50,   725.35,   723.61
597.75,   724.27,   848.61
596.38,   851.42,   599.70
596.62,   850.34,   724.69
596.87,   849.27,   849.69
475.86,   98.52,   98.48
475.48,   95.72,   223.45
475.11,   92.91,   348.41
476.37,   223.49,   101.29
476.00,   220.69,   226.25
475.62,   217.88,   351.22
476.88,   348.46,   104.09
476.51,   345.65,   229.06
476.13,   342.85,   354.03
600.86,   98.00,   98.84
600.48,   95.20,   223.81
600.11,   92.39,   348.78
601.37,   222.97,   101.65
600.99,   220.16,   226.62
600.62,   217.36,   351.59
601.88,   347.94,   104.46
601.51,   345.13,   229.43
601.13,   342.33,   354.39
725.86,   97.48,   99.21
725.48,   94.68,   224.18
725.10,   91.87,   349.14
726.37,   222.45,   102.02
725.99,   219.64,   226.98
725.62,   216.84,   351.95
726.88,   347.42,   104.82
726.50,   344.61,   229.79
726.13,   341.81,   354.76
475.82,   101.64,   225.35
473.71,   104.15,   350.30
471.60,   106.65,   475.26
476.87,   226.61,   222.86
474.76,   229.12,   347.82
472.66,   231.62,   472.77
477.93,   351.58,   220.37
475.82,   354.09,   345.33
473.71,   356.59,   470.29
600.80,   100.63,   227.48
598.69,   103.13,   352.43
596.58,   105.64,   477.39
601.85,   225.60,   224.99
599.74,   228.11,   349.95
597.63,   230.61,   474.90
602.91,   350.57,   222.50
600.80,   353.08,   347.46
598.69,   355.58,   472.42
725.77,   99.62,   229.61
723.67,   102.12,   354.56
721.56,   104.63,   479.52
726.83,   224.59,   227.12
724.72,   227.09,   352.08
722.61,   229.60,   477.03
727.88,   349.56,   224.63
725.77,   352.06,   349.59
723.67,   354.57,   474.55
475.42,   99.54,   348.99
471.74,   97.74,   473.92
468.07,   95.94,   598.86
478.15,   224.50,   350.87
474.47,   222.70,   475.81
470.80,   220.90,   600.74
480.88,   349.45,   352.75
477.21,   347.65,   477.69
473.53,   345.85,   602.62
600.33,   96.76,   352.63
596.66,   94.96,   477.56
592.98,   93.15,   602.49
603.07,   221.71,   354.51
599.39,   219.91,   479.44
595.71,   218.11,   604.37
605.80,   346.67,   356.39
602.12,   344.87,   481.32
598.45,   343.07,   606.26
725.25,   93.97,   356.26
721.57,   92.17,   481.19
717.90,   90.37,   606.13
727.98,   218.93,   358.14
724.31,   217.13,   483.08
720.63,   215.32,   608.01
730.71,   343.88,   360.02
727.04,   342.08,   484.96
723.36,   340.28,   609.89
473.49,   100.19,   475.19
473.93,   102.01,   600.17
474.37,   103.84,   725.16
474.53,   225.17,   473.36
474.97,   226.99,   598.34
475.42,   228.82,   723.33
475.58,   350.15,   471.53
476.02,   351.98,   596.51
476.46,   353.80,   721.50
598.48,   99.13,   474.76
598.92,   100.96,   599.75
599.37,   102.78,   724.73
599.53,   224.12,   472.93
599.97,   225.94,   597.92
600.41,   227.77,   722.90
600.57,   349.10,   471.10
601.01,   350.92,   596.09
601.46,   352.75,   721.07
723.48,   98.08,   474.33
723.92,   99.91,   599.32
724.36,   101.73,   724.30
724.52,   223.06,   472.50
724.96,   224.89,   597.49
725.41,   226.72,   722.48
725.57,   348.05,   470.67
726.01,   349.87,   595.66
726.45,   351.70,   720.65
474.99,   99.32,   600.30
475.99,   102.13,   725.26
476.99,   104.93,   850.23
478.04,   224.26,   597.47
479.05,   227.06,   722.43
480.05,   229.86,   847.40
481.10,   349.19,   594.64
482.10,   351.99,   719.61
483.10,   354.79,   844.57
599.95,   96.25,   599.37
600.95,   99.05,   724.33
601.95,   101.86,   849.29
603.00,   221.18,   596.54
604.00,   223.98,   721.50
605.00,   226.79,   846.47
606.06,   346.11,   593.71
607.06,   348.91,   718.68
608.06,   351.72,   843.64
724.91,   93.17,   598.43
725.91,   95.98,   723.40
726.91,   98.78,   848.36
727.96,   218.10,   595.61
728.96,   220.91,   720.57
729.96,   223.71,   845.54
731.01,   343.04,   592.78
732.02,   345.84,   717.74
733.02,   348.64,   842.71
475.38,   226.11,   98.07
476.52,   226.52,   223.07
477.66,   226.92,   348.06
475.32,   351.11,   97.67
476.46,   351.52,   222.66
477.59,   351.92,   347.66
475.26,   476.11,   97.26
476.39,   476.52,   222.26
477.53,   476.92,   347.25
600.38,   226.17,   96.94
601.51,   226.58,   221.93
602.65,   226.98,   346.92
600.31,   351.17,   96.53
601.45,   351.58,   221.53
602.59,   351.98,   346.52
600.25,   476.17,   96.13
601.39,   476.58,   221.12
602.52,   476.98,   346.11
725.37,   226.23,   95.80
726.51,   226.64,   220.79
727.64,   227.04,   345.79
725.31,   351.23,   95.39
726.45,   351.64,   220.39
727.58,   352.04,   345.38
725.25,   476.23,   94.99
726.38,   476.64,   219.98
727.52,   477.04,   344.98
476.61,   223.63,   225.19
473.92,   224.01,   350.16
471.24,   224.38,   475.13
477.69,   348.63,   224.83
475.01,   349.00,   349.80
472.33,   349.38,   474.77
478.78,   473.62,   224.48
476.09,   474.00,   349.45
473.41,   474.37,   474.42
601.57,   222.55,   227.87
598.89,   222.93,   352.84
596.21,   223.31,   477.81
602.66,   347.55,   227.52
599.98,   347.93,   352.49
597.29,   348.30,   477.46
603.74,   472.54,   227.16
601.06,   472.92,   352.13
598.38,   473.30,   477.10
726.54,   221.48,   230.56
723.86,   221.85,   355.53
721.17,   222.23,   480.50
727.62,   346.47,   230.20
724.94,   346.85,   355.17
722.26,   347.22,   480.14
728.71,   471.47,   229.85
726.03,   471.84,   354.82
723.34,   472.22,   479.79
476.07,   226.80,   351.13
472.34,   224.21,   476.05
468.61,   221.62,   600.97
476.32,   351.77,   353.73
472.58,   349.18,   478.65
468.85,   346.59,   603.56
476.56,   476.74,   356.33
472.82,   474.15,   481.24
469.09,   471.56,   606.16
601.02,   226.48,   354.86
597.28,   223.89,   479.78
593.55,   221.30,   604.69
601.26,   351.45,   357.46
597.52,   348.86,   482.37
593.79,   346.27,   607.29
601.50,   476.42,   360.05
597.77,   473.83,   484.97
594.03,   471.24,   609.89
725.96,   226.16,   358.59
722.23,   223.57,   483.51
718.49,   220.98,   608.42
726.20,   351.13,   361.19
722.47,   348.54,   486.10
718.73,   345.95,   611.02
726.44,   476.10,   363.78
722.71,   473.52,   488.70
718.98,   470.93,   613.62
476.72,   225.38,   475.39
479.31,   227.03,   600.35
481.89,   228.68,   725.31
475.37,   350.36,   473.77
477.96,   352.01,   598.73
480.54,   353.66,   723.69
474.02,   475.34,   472.15
476.61,   476.99,   597.11
479.19,   478.64,   722.07
601.69,   226.70,   472.79
604.27,   228.34,   597.75
606.86,   229.99,   722.71
600.34,   351.68,   471.17
602.92,   353.33,   596.13
605.51,   354.97,   721.09
598.99,   476.66,   469.55
601.57,   478.31,   594.51
604.16,   479.96,   719.47
726.66,   228.01,   470.19
729.24,   229.66,   595.15
731.82,   231.31,   720.11
725.31,   352.99,   468.57
727.89,   354.64,   593.53
730.47,   356.29,   718.49
723.96,   477.98,   466.95
726.54,   479.62,   591.91
729.12,   481.27,   716.87
475.35,   223.95,   598.15
476.11,   226.55,   723.12
476.88,   229.14,   848.09
474.51,   348.92,   595.56
475.27,   351.52,   720.53
476.03,   354.11,   845.50
473.67,   473.89,   592.97
474.43,   476.49,   717.94
475.19,   479.08,   842.91
600.34,   224.78,   597.37
601.11,   227.37,   722.34
601.87,   229.97,   847.31
599.50,   349.75,   594.78
600.26,   352.34,   719.75
601.03,   354.94,   844.72
598.66,   474.72,   592.19
599.42,   477.31,   717.16
600.19,   479.91,   842.13
725.34,   225.60,   596.59
726.10,   228.20,   721.56
726.86,   230.79,   846.53
724.50,   350.57,   594.00
725.26,   353.17,   718.97
726.02,   355.76,   843.94
723.65,   475.55,   591.41
724.42,   478.14,   716.38
725.18,   480.73,   841.35
476.00,   350.81,   100.56
474.96,   349.37,   225.54
473.91,   347.94,   350.53
472.25,   475.74,   101.96
471.20,   474.31,   226.94
470.15,   472.88,   351.93
468.50,   600.68,   103.36
467.45,   599.25,   228.34
466.40,   597.81,   353.33
600.94,   354.55,   101.65
599.89,   353.11,   226.64
598.85,   351.68,   351.62
597.19,   479.48,   103.05
596.14,   478.05,   228.04
595.09,   476.62,   353.02
593.44,   604.42,   104.45
592.39,   602.99,   229.44
591.34,   601.55,   354.42
725.88,   358.28,   102.74
724.83,   356.85,   227.73
723.78,   355.42,   352.71
722.13,   483.22,   104.14
721.08,   481.79,   229.13
720.03,   480.36,   354.11
718.38,   608.16,   105.54
717.33,   606.72,   230.53
716.28,   605.29,   355.51
473.17,   348.32,   224.36
470.42,   345.75,   349.31
467.68,   343.18,   474.25
472.02,   473.29,   226.91
469.27,   470.72,   351.85
466.53,   468.15,   476.80
470.86,   598.26,   229.46
468.12,   595.69,   354.40
465.38,   593.11,   479.34
598.13,   349.42,   227.13
595.39,   346.84,   352.07
592.65,   344.27,   477.02
596.98,   474.38,   229.68
594.24,   471.81,   354.62
591.49,   469.24,   479.56
595.83,   599.35,   232.22
593.09,   596.78,   357.17
590.34,   594.21,   482.11
723.10,   350.51,   229.89
720.35,   347.94,   354.84
717.61,   345.37,   479.78
721.94,   475.48,   232.44
719.20,   472.91,   357.38
716.46,   470.34,   482.33
720.79,   600.45,   234.99
718.05,   597.88,   359.93
715.31,   595.31,   484.87
474.82,   349.59,   351.14
476.87,   349.05,   476.12
478.93,   348.51,   601.10
477.88,   474.55,   351.63
479.94,   474.01,   476.61
481.99,   473.47,   601.59
480.95,   599.51,   352.11
483.00,   598.97,   477.10
485.06,   598.43,   602.08
599.76,   346.53,   349.07
601.82,   345.99,   474.05
603.87,   345.45,   599.03
602.83,   471.50,   349.56
604.88,   470.96,   474.54
606.94,   470.42,   599.52
605.89,   596.46,   350.05
607.95,   595.92,   475.03
610.00,   595.38,   600.01
724.71,   343.48,   347.00
726.76,   342.94,   471.98
728.82,   342.40,   596.96
727.77,   468.44,   347.49
729.83,   467.90,   472.47
731.88,   467.36,   597.45
730.84,   593.40,   347.98
732.89,   592.86,   472.96
734.95,   592.32,   597.94
475.13,   351.03,   476.17
474.42,   348.49,   601.15
473.72,   345.95,   726.12
477.81,   475.98,   478.73
477.10,   473.44,   603.70
476.39,   470.90,   728.67
480.49,   600.92,   481.28
479.78,   598.38,   606.26
479.07,   595.84,   731.23
600.10,   348.34,   476.83
599.39,   345.80,   601.80
598.68,   343.26,   726.77
602.78,   473.28,   479.38
602.07,   470.74,   604.35
601.36,   468.20,   729.33
605.46,   598.23,   481.94
604.75,   595.69,   606.91
604.04,   593.15,   731.88
725.07,   345.65,   477.48
724.36,   343.11,   602.45
723.65,   340.57,   727.43
727.75,   470.59,   480.04
727.04,   468.05,   605.01
726.33,   465.51,   729.98
730.43,   595.54,   482.59
729.72,   593.00,   607.56
729.01,   590.46,   732.53
475.39,   348.84,   600.11
475.05,   351.75,   725.08
474.71,   354.66,   850.04
474.43,   473.80,   597.20
474.09,   476.71,   722.17
473.75,   479.62,   847.14
473.47,   598.77,   594.29
473.13,   601.67,   719.26
472.79,   604.58,   844.23
600.39,   349.81,   600.43
600.05,   352.72,   725.40
599.71,   355.62,   850.36
599.43,   474.77,   597.52
599.09,   477.68,   722.49
598.75,   480.59,   847.45
598.46,   599.74,   594.61
598.13,   602.64,   719.58
597.79,   605.55,   844.54
725.38,   350.78,   600.75
725.04,   353.69,   725.71
724.71,   356.59,   850.68
724.42,   475.74,   597.84
724.08,   478.65,   722.80
723.74,   481.56,   847.77
723.46,   600.71,   594.93
723.12,   603.61,   719.89
722.78,   606.52,   844.86
473.67,   473.96,   98.29
471.65,   471.69,   223.25
469.63,   469.42,   348.22
472.85,   598.94,   100.55
470.83,   596.67,   225.51
468.81,   594.40,   350.48
472.03,   723.92,   102.81
470.01,   721.65,   227.77
467.99,   719.37,   352.73
598.65,   474.75,   100.33
596.63,   472.47,   225.29
594.61,   470.20,   350.25
597.84,   599.72,   102.59
595.81,   597.45,   227.55
593.79,   595.18,   352.51
597.02,   724.70,   104.84
594.99,   722.43,   229.81
592.97,   720.16,   354.77
723.64,   475.53,   102.36
721.61,   473.26,   227.33
719.59,   470.99,   352.29
722.82,   600.51,   104.62
720.79,   598.23,   229.58
718.77,   595.96,   354.55
722.00,   725.48,   106.88
719.98,   723.21,   231.84
717.95,   720.94,   356.81
476.60,   476.23,   224.16
479.54,   475.82,   349.12
482.48,   475.40,   474.09
473.67,   601.20,   224.64
476.61,   600.78,   349.61
479.55,   600.37,   474.57
470.73,   726.16,   225.13
473.67,   725.75,   350.09
476.61,   725.33,   475.05
601.53,   479.18,   221.23
604.47,   478.77,   346.19
607.42,   478.35,   471.16
598.60,   604.15,   221.71
601.54,   603.73,   346.68
604.48,   603.31,   471.64
595.66,   729.11,   222.20
598.60,   728.69,   347.16
601.54,   728.28,   472.12
726.47,   482.13,   218.30
729.41,   481.71,   343.26
732.35,   481.30,   468.23
723.53,   607.09,   218.78
726.47,   606.68,   343.75
729.41,   606.26,   468.71
720.59,   732.06,   219.27
723.53,   731.64,   344.23
726.47,   731.23,   469.19
474.80,   473.52,   351.47
471.47,   473.30,   476.43
468.14,   473.09,   601.38
474.60,   598.52,   351.68
471.27,   598.30,   476.63
467.94,   598.09,   601.59
474.41,   723.52,   351.89
471.08,   723.30,   476.84
467.75,   723.09,   601.80
599.76,   473.71,   354.80
596.43,   473.50,   479.76
593.09,   473.28,   604.71
599.56,   598.71,   355.01
596.23,   598.49,   479.97
592.90,   598.28,   604.92
599.36,   723.71,   355.22
596.03,   723.49,   480.17
592.70,   723.28,   605.13
724.71,   473.90,   358.13
721.38,   473.69,   483.09
718.05,   473.47,   608.05
724.52,   598.90,   358.34
721.18,   598.69,   483.30
717.85,   598.47,   608.25
724.32,   723.90,   358.55
720.99,   723.69,   483.50
717.66,   723.47,   608.46
475.07,   473.82,   474.47
477.57,   472.93,   599.44
480.08,   472.04,   724.41
477.52,   598.80,   475.31
480.03,   597.91,   600.29
482.54,   597.01,   725.26
479.98,   723.77,   476.16
482.49,   722.88,   601.13
485.00,   721.99,   726.10
600.02,   471.38,   471.95
602.52,   470.49,   596.92
605.03,   469.60,   721.89
602.47,   596.36,   472.79
604.98,   595.46,   597.76
607.49,   594.57,   722.73
604.93,   721.33,   473.63
607.44,   720.44,   598.60
609.95,   719.55,   723.57
724.97,   468.94,   469.42
727.47,   468.05,   594.39
729.98,   467.16,   719.36
727.42,   593.92,   470.26
729.93,   593.02,   595.23
732.44,   592.13,   720.21
729.88,   718.89,   471.11
732.39,   718.00,   596.08
734.90,   717.10,   721.05
476.11,   474.25,   599.56
474.16,   473.17,   724.54
472.20,   472.08,   849.52
477.48,   599.24,   600.66
475.53,   598.16,   725.64
473.57,   597.07,   850.62
478.85,   724.23,   601.77
476.90,   723.14,   726.75
474.94,   722.06,   851.73
601.09,   472.86,   601.50
599.13,   471.78,   726.48
597.18,   470.70,   851.46
602.46,   597.85,   602.61
600.50,   596.77,   727.59
598.55,   595.68,   852.57
603.83,   722.84,   603.71
601.87,   721.76,   728.69
599.92,   720.67,   853.67
726.06,   471.48,   603.44
724.11,   470.39,   728.42
722.15,   469.31,   853.40
727.44,   596.46,   604.55
725.48,   595.38,   729.53
723.53,   594.30,   854.51
728.81,   721.45,   605.65
726.85,   720.37,   730.63
724.90,   719.28,   855.61
476.48,   599.53,   101.24
473.28,   598.49,   226.19
470.08,   597.46,   351.15
474.13,   724.50,   102.21
470.93,   723.47,   227.16
467.73,   722.44,   352.12
471.78,   849.47,   103.18
468.58,   848.44,   228.13
465.38,   847.41,   353.09
601.41,   601.85,   104.45
598.22,   600.82,   229.41
595.02,   599.79,   354.36
599.06,   726.82,   105.42
595.87,   725.79,   230.38
592.67,   724.76,   355.33
596.71,   851.80,   106.39
593.52,   850.77,   231.35
590.32,   849.74,   356.30
726.35,   604.17,   107.67
723.15,   603.14,   232.62
719.96,   602.11,   357.58
724.00,   729.15,   108.64
720.80,   728.12,   233.59
717.61,   727.09,   358.55
721.65,   854.12,   109.61
718.45,   853.09,   234.56
715.26,   852.06,   359.52
473.54,   599.04,   223.44
476.98,   595.41,   348.34
480.42,   591.78,   473.24
470.76,   723.95,   227.15
474.20,   720.32,   352.05
477.63,   716.70,   476.95
467.97,   848.86,   230.85
471.41,   845.24,   355.75
474.85,   841.61,   480.65
598.46,   601.92,   220.09
601.90,   598.30,   344.99
605.34,   594.67,   469.89
595.68,   726.83,   223.79
599.12,   723.21,   348.69
602.56,   719.58,   473.59
592.89,   851.75,   227.49
596.33,   848.12,   352.39
599.77,   844.50,   477.29
723.38,   604.81,   216.73
726.82,   601.18,   341.63
730.26,   597.55,   466.53
720.60,   729.72,   220.43
724.04,   726.09,   345.33
727.48,   722.47,   470.23
717.81,   854.63,   224.14
721.25,   851.01,   349.04
724.69,   847.38,   473.94
474.60,   598.21,   351.29
474.39,   601.59,   476.24
474.18,   604.97,   601.20
477.40,   723.13,   347.91
477.19,   726.51,   472.87
476.98,   729.89,   597.82
480.20,   848.05,   344.54
479.99,   851.44,   469.49
479.78,   854.82,   594.45
599.57,   595.41,   351.58
599.36,   598.79,   476.53
599.15,   602.17,   601.48
602.37,   720.34,   348.20
602.16,   723.72,   473.15
601.95,   727.10,   598.11
605.17,   845.26,   344.83
604.96,   848.64,   469.78
604.75,   852.02,   594.73
724.53,   592.62,   351.86
724.32,   596.00,   476.82
724.11,   599.38,   601.77
727.34,   717.54,   348.49
727.13,   720.92,   473.44
726.92,   724.30,   598.40
730.14,   842.46,   345.11
729.93,   845.84,   470.07
729.72,   849.22,   595.02
476.14,   600.52,   474.50
477.99,   600.32,   599.48
479.84,   600.11,   724.47
476.63,   725.52,   474.70
478.48,   725.32,   599.68
480.33,   725.11,   724.67
477.12,   850.52,   474.89
478.97,   850.32,   599.88
480.82,   850.11,   724.87
601.13,   600.04,   472.65
602.98,   599.83,   597.64
604.82,   599.63,   722.62
601.62,   725.04,   472.85
603.46,   724.83,   597.83
605.31,   724.63,   722.82
602.10,   850.03,   473.04
603.95,   849.83,   598.03
605.80,   849.62,   723.02
726.11,   599.55,   470.80
727.96,   599.35,   595.79
729.81,   599.14,   720.77
726.60,   724.55,   471.00
728.45,   724.34,   595.98
730.30,   724.14,   720.97
727.09,   849.55,   471.20
728.94,   849.34,   596.18
730.79,   849.14,   721.17
473.71,   598.82,   598.14
470.79,   600.28,   723.10
467.86,   601.75,   848.05
474.82,   723.80,   596.70
471.90,   725.27,   721.65
468.97,   726.74,   846.61
475.93,   848.79,   595.26
473.01,   850.26,   720.21
470.08,   851.72,   845.17
598.67,   597.74,   601.08
595.75,   599.21,   726.03
592.82,   600.67,   850.99
599.78,   722.73,   599.63
596.86,   724.19,   724.59
593.93,   725.66,   849.55
600.89,   847.71,   598.19
597.97,   849.18,   723.15
595.04,   850.65,   848.11
723.63,   596.66,   604.01
720.71,   598.13,   728.97
717.78,   599.60,   853.93
724.74,   721.65,   602.57
721.82,   723.12,   727.53
718.89,   724.58,   852.49
725.85,   846.64,   601.13
722.93,   848.10,   726.09
720.00,   849.57,   851.05
601.70,   98.74,   101.18
603.50,   100.28,   226.16
605.30,   101.82,   351.13
602.70,   223.73,   99.62
604.51,   225.27,   224.60
606.31,   226.81,   349.58
603.71,   348.71,   98.07
605.51,   350.25,   223.04
607.31,   351.79,   348.02
726.68,   97.71,   99.39
728.48,   99.25,   224.37
730.29,   100.80,   349.34
727.69,   222.70,   97.83
729.49,   224.24,   222.81
731.29,   225.78,   347.79
728.69,   347.69,   96.28
730.49,   349.23,   221.25
732.29,   350.77,   346.23
851.67,   96.69,   97.60
853.47,   98.23,   222.58
855.27,   99.77,   347.55
852.67,   221.67,   96.04
854.47,   223.22,   221.02
856.27,   224.76,   346.00
853.67,   346.66,   94.49
855.47,   348.20,   219.46
857.28,   349.74,   344.44
599.96,   98.01,   226.39
599.66,   95.92,   351.37
599.36,   93.83,   476.35
602.83,   222.96,   228.49
602.54,   220.87,   353.47
602.24,   218.77,   478.45
605.71,   347.91,   230.59
605.41,   345.82,   355.57
605.12,   343.72,   480.55
724.92,   95.13,   226.63
724.62,   93.04,   351.62
724.33,   90.94,   476.60
727.80,   220.08,   228.73
727.50,   217.99,   353.72
727.21,   215.89,   478.70
730.68,   345.03,   230.84
730.38,   342.94,   355.82
730.08,   340.84,   480.80
849.89,   92.25,   226.88
849.59,   90.16,   351.86
849.29,   88.06,   476.85
852.77,   217.20,   228.98
852.47,   215.10,   353.97
852.17,   213.01,   478.95
855.64,   342.15,   231.08
855.35,   340.05,   356.07
855.05,   337.96,   481.05
601.00,   98.14,   351.98
601.22,   94.92,   476.94
601.44,   91.70,   601.90
603.57,   223.08,   355.20
603.79,   219.86,   480.16
604.01,   216.63,   605.12
606.13,   348.01,   358.41
606.36,   344.79,   483.37
606.58,   341.57,   608.33
725.97,   95.58,   351.69
726.20,   92.36,   476.65
726.42,   89.14,   601.61
728.54,   220.52,   354.91
728.76,   217.30,   479.87
728.98,   214.07,   604.83
731.11,   345.45,   358.13
731.33,   342.23,   483.08
731.55,   339.01,   608.04
850.95,   93.02,   351.41
851.17,   89.80,   476.37
851.39,   86.58,   601.32
853.51,   217.96,   354.62
853.74,   214.74,   479.58
853.96,   211.51,   604.54
856.08,   342.89,   357.84
856.30,   339.67,   482.80
856.53,   336.45,   607.76
598.14,   100.88,   473.40
598.97,   99.68,   598.39
599.80,   98.48,   723.38
599.94,   225.86,   474.58
600.77,   224.66,   599.58
601.60,   223.47,   724.57
601.74,   350.84,   475.77
602.56,   349.64,   600.76
603.39,   348.45,   725.75
723.13,   99.09,   472.56
723.96,   97.89,   597.55
724.78,   96.70,   722.54
724.92,   224.07,   473.74
725.75,   222.87,   598.73
726.58,   221.68,   723.72
726.72,   349.05,   474.92
727.55,   347.85,   599.92
728.38,   346.66,   724.91
848.11,   97.30,   471.71
848.94,   96.10,   596.70
849.77,   94.91,   721.69
849.91,   222.28,   472.90
850.74,   221.08,   597.89
851.56,   219.89,   722.88
851.71,   347.26,   474.08
852.53,   346.07,   599.07
853.36,   344.87,   724.06
600.21,   100.98,   599.43
597.03,   104.03,   724.35
593.84,   107.07,   849.28
596.83,   225.90,   596.30
593.64,   228.94,   721.22
590.45,   231.99,   846.15
593.45,   350.81,   593.17
590.26,   353.86,   718.09
587.07,   356.90,   843.02
725.13,   104.44,   602.54
721.94,   107.49,   727.46
718.75,   110.53,   852.38
721.74,   229.36,   599.40
718.56,   232.40,   724.33
715.37,   235.45,   849.25
718.36,   354.27,   596.27
715.17,   357.32,   721.20
711.98,   360.36,   846.12
850.04,   107.91,   605.64
846.85,   110.95,   730.56
843.67,   113.99,   855.48
846.66,   232.82,   602.51
843.47,   235.86,   727.43
840.28,   238.91,   852.35
843.27,   357.74,   599.38
840.09,   360.78,   724.30
836.90,   363.82,   849.22
598.97,   225.50,   101.52
602.68,   221.98,   226.42
606.39,   218.46,   351.31
597.68,   350.45,   105.08
601.39,   346.92,   229.98
605.10,   343.40,   354.87
596.40,   475.39,   108.64
600.11,   471.87,   233.54
603.82,   468.34,   358.43
723.91,   226.89,   97.85
727.62,   223.37,   222.74
731.33,   219.85,   347.64
722.62,   351.84,   101.41
726.33,   348.31,   226.30
730.04,   344.79,   351.20
721.33,   476.78,   104.97
725.04,   473.26,   229.87
728.76,   469.74,   354.76
848.85,   228.29,   94.17
852.56,   224.76,   219.07
856.27,   221.24,   343.96
847.56,   353.23,   97.74
851.27,   349.71,   222.63
854.98,   346.18,   347.53
846.27,   478.17,   101.30
849.98,   474.65,   226.19
853.69,   471.13,   351.09
601.44,   224.99,   224.02
599.36,   223.91,   348.99
597.29,   222.83,   473.97
599.08,   349.97,   225.06
597.01,   348.88,   350.04
594.93,   347.80,   475.01
596.72,   474.94,   226.10
594.65,   473.86,   351.08
592.57,   472.78,   476.06
726.40,   227.33,   226.11
724.32,   226.25,   351.09
722.25,   225.17,   476.07
724.04,   352.30,   227.15
721.97,   351.22,   352.13
719.89,   350.14,   477.11
721.68,   477.28,   228.20
719.61,   476.20,   353.17
717.53,   475.12,   478.15
851.36,   229.67,   228.21
849.28,   228.59,   353.18
847.21,   227.51,   478.16
849.00,   354.64,   229.25
846.93,   353.56,   354.23
844.85,   352.48,   479.20
846.64,   479.62,   230.29
844.57,   478.54,   355.27
842.49,   477.46,   480.25
598.67,   225.13,   350.98
597.71,   222.60,   475.95
596.75,   220.07,   600.92
597.19,   350.10,   353.50
596.23,   347.57,   478.47
595.27,   345.03,   603.44
595.71,   475.06,   356.02
594.75,   472.53,   480.99
593.79,   470.00,   605.96
723.65,   226.59,   351.97
722.69,   224.06,   476.94
721.74,   221.53,   601.91
722.17,   351.56,   354.49
721.22,   349.03,   479.46
720.26,   346.49,   604.43
720.69,   476.52,   357.01
719.74,   473.99,   481.98
718.78,   471.46,   606.95
848.64,   228.05,   352.95
847.68,   225.52,   477.93
846.72,   222.99,   602.90
847.16,   353.02,   355.48
846.20,   350.49,   480.45
845.24,   347.95,   605.42
845.68,   477.98,   358.00
844.72,   475.45,   482.97
843.76,   472.92,   607.94
600.53,   224.14,   474.75
603.66,   225.22,   599.71
606.78,   226.29,   724.66
601.81,   349.13,   473.65
604.94,   350.20,   598.60
608.07,   351.28,   723.56
603.09,   474.12,   472.54
606.22,   475.19,   597.50
609.35,   476.27,   722.45
725.48,   222.83,   471.63
728.61,   223.91,   596.59
731.74,   224.98,   721.55
726.77,   347.82,   470.53
729.89,   348.89,   595.48
733.02,   349.97,   720.44
728.05,   472.81,   469.42
731.18,   473.88,   594.38
734.30,   474.96,   719.34
850.44,   221.52,   468.52
853.56,   222.60,   593.47
856.69,   223.67,   718.43
851.72,   346.51,   467.41
854.85,   347.58,   592.37
857.98,   348.66,   717.32
853.00,   471.50,   466.31
856.13,   472.57,   591.26
859.26,   473.65,   716.22
601.08,   224.33,   601.87
598.52,   223.52,   726.84
595.96,   222.71,   851.81
603.45,   349.30,   602.73
600.89,   348.49,   727.70
598.33,   347.68,   852.67
605.81,   474.28,   603.59
603.25,   473.47,   728.56
600.69,   472.66,   853.53
726.04,   221.94,   604.41
723.47,   221.13,   729.39
720.91,   220.32,   854.36
728.40,   346.92,   605.27
725.84,   346.11,   730.24
723.28,   345.30,   855.22
730.77,   471.89,   606.13
728.20,   471.08,   731.10
725.64,   470.27,   856.07
850.99,   219.56,   606.96
848.43,   218.75,   731.93
845.87,   217.94,   856.90
853.35,   344.54,   607.82
850.79,   343.73,   732.79
848.23,   342.92,   857.76
855.72,   469.51,   608.68
853.16,   468.70,   733.65
850.60,   467.89,   858.62
600.43,   349.31,   101.78
597.52,   350.28,   226.74
594.61,   351.26,   351.70
598.02,   474.28,   100.75
595.11,   475.26,   225.71
592.21,   476.23,   350.67
595.61,   599.25,   99.71
592.71,   600.23,   224.68
589.80,   601.20,   349.64
725.37,   351.74,   104.67
722.46,   352.71,   229.63
719.56,   353.69,   354.59
722.96,   476.71,   103.63
720.06,   477.68,   228.60
717.15,   478.66,   353.56
720.56,   601.68,   102.60
717.65,   602.66,   227.56
714.74,   603.63,   352.53
850.31,   354.17,   107.55
847.41,   355.14,   232.51
844.50,   356.12,   357.48
847.91,   479.14,   106.52
845.00,   480.11,   231.48
842.09,   481.09,   356.45
845.50,   604.11,   105.49
842.59,   605.09,   230.45
839.69,   606.06,   355.41
599.79,   350.56,   226.31
603.19,   354.04,   351.21
606.59,   357.52,   476.12
602.37,   475.48,   222.76
605.77,   478.96,   347.66
609.17,   482.44,   472.57
604.96,   600.40,   219.21
608.36,   603.88,   344.11
611.76,   607.36,   469.02
724.72,   347.88,   222.98
728.12,   351.36,   347.89
731.51,   354.84,   472.79
727.30,   472.80,   219.43
730.70,   476.28,   344.34
734.10,   479.76,   469.24
729.88,   597.72,   215.88
733.28,   601.20,   340.79
736.68,   604.69,   465.69
849.64,   345.20,   219.66
853.04,   348.68,   344.56
856.44,   352.16,   469.47
852.23,   470.12,   216.11
855.63,   473.60,   341.01
859.03,   477.08,   465.92
854.81,   595.05,   212.55
858.21,   598.53,   337.46
861.61,   602.01,   462.37
599.13,   349.39,   350.13
598.01,   345.94,   475.08
596.88,   342.49,   600.03
597.91,   474.34,   353.57
596.78,   470.89,   478.52
595.66,   467.44,   603.47
596.69,   599.28,   357.01
595.56,   595.83,   481.96
594.43,   592.38,   606.91
724.12,   350.58,   351.29
723.00,   347.13,   476.24
721.87,   343.68,   601.19
722.90,   475.53,   354.73
721.77,   472.08,   479.68
720.65,   468.63,   604.63
721.68,   600.48,   358.17
720.55,   597.03,   483.12
719.42,   593.57,   608.07
849.11,   351.77,   352.45
847.98,   348.32,   477.40
846.86,   344.87,   602.35
847.89,   476.72,   355.89
846.76,   473.27,   480.84
845.63,   469.82,   605.79
846.66,   601.67,   359.33
845.54,   598.22,   484.28
844.41,   594.77,   609.23
598.06,   348.92,   476.81
597.83,   352.08,   601.77
597.60,   355.24,   726.73
598.96,   473.88,   473.66
598.73,   477.04,   598.62
598.50,   480.20,   723.58
599.85,   598.84,   470.50
599.62,   602.00,   595.46
599.39,   605.15,   720.42
723.06,   348.03,   477.06
722.83,   351.19,   602.02
722.60,   354.35,   726.98
723.95,   472.99,   473.91
723.73,   476.15,   598.87
723.50,   479.31,   723.83
724.85,   597.95,   470.75
724.62,   601.11,   595.71
724.39,   604.26,   720.67
848.06,   347.15,   477.32
847.83,   350.30,   602.28
847.60,   353.46,   727.24
848.95,   472.10,   474.16
848.72,   475.26,   599.12
848.49,   478.42,   724.08
849.85,   597.06,   471.01
849.62,   600.22,   595.97
849.39,   603.37,   720.93
598.36,   350.48,   601.11
601.83,   347.48,   726.02
605.29,   344.48,   850.94
601.83,   475.40,   604.01
605.29,   472.40,   728.93
608.76,   469.40,   853.85
605.29,   600.32,   606.92
608.76,   597.32,   731.84
612.23,   594.31,   856.75
723.26,   347.10,   597.56
726.73,   344.10,   722.48
730.20,   341.09,   847.39
726.73,   472.02,   600.47
730.20,   469.01,   725.38
733.66,   466.01,   850.30
730.20,   596.94,   603.37
733.66,   593.93,   728.29
737.13,   590.93,   853.21
848.17,   343.72,   594.01
851.63,   340.71,   718.93
855.10,   337.71,   843.85
851.63,   468.63,   596.92
855.10,   465.63,   721.84
858.57,   462.63,   846.75
855.10,   593.55,   599.83
858.57,   590.55,   724.74
862.03,   587.55,   849.66
601.10,   474.80,   100.07
603.29,   476.88,   225.03
605.47,   478.96,   349.99
604.25,   599.74,   97.93
606.43,   601.82,   222.89
608.62,   603.91,   347.86
607.40,   724.69,   95.79
609.58,   726.77,   220.76
611.77,   728.85,   345.72
726.04,   471.62,   97.93
728.23,   473.70,   222.90
730.41,   475.78,   347.86
729.19,   596.56,   95.80
731.38,   598.64,   220.76
733.56,   600.72,   345.72
732.34,   721.50,   93.66
734.52,   723.58,   218.62
736.71,   725.66,   343.59
850.98,   468.43,   95.80
853.17,   470.51,   220.76
855.36,   472.59,   345.72
854.13,   593.37,   93.66
856.32,   595.45,   218.62
858.50,   597.54,   343.59
857.28,   718.31,   91.52
859.47,   720.40,   216.49
861.65,   722.48,   341.45
599.91,   476.56,   225.83
597.84,   475.65,   350.81
595.77,   474.74,   475.79
602.80,   601.53,   226.79
600.73,   600.61,   351.77
598.66,   599.70,   476.75
605.68,   726.49,   227.75
603.62,   725.58,   352.73
601.55,   724.67,   477.71
724.86,   473.66,   227.88
722.79,   472.75,   352.86
720.72,   471.84,   477.84
727.74,   598.62,   228.84
725.68,   597.71,   353.82
723.61,   596.80,   478.80
730.63,   723.58,   229.80
728.57,   722.67,   354.78
726.50,   721.76,   479.76
849.80,   470.75,   229.93
847.74,   469.84,   354.91
845.67,   468.93,   479.89
852.69,   595.72,   230.88
850.63,   594.81,   355.86
848.56,   593.89,   480.84
855.58,   720.68,   231.84
853.52,   719.77,   356.82
851.45,   718.86,   481.80
598.90,   475.06,   351.96
597.65,   472.06,   476.92
596.41,   469.07,   601.88
602.17,   599.98,   354.99
600.93,   596.98,   479.95
599.68,   593.99,   604.90
605.45,   724.90,   358.02
604.20,   721.90,   482.97
602.96,   718.91,   607.93
723.85,   471.76,   353.13
722.60,   468.76,   478.08
721.36,   465.76,   603.04
727.12,   596.68,   356.15
725.88,   593.68,   481.11
724.63,   590.68,   606.07
730.40,   721.60,   359.18
729.15,   718.60,   484.14
727.91,   715.60,   609.10
848.80,   468.45,   354.29
847.55,   465.46,   479.25
846.31,   462.46,   604.21
852.07,   593.37,   357.32
850.83,   590.38,   482.28
849.58,   587.38,   607.24
855.35,   718.29,   360.35
854.10,   715.30,   485.31
852.86,   712.30,   610.26
601.52,   473.64,   473.87
600.69,   473.97,   598.87
599.86,   474.30,   723.87
600.35,   598.63,   473.54
599.52,   598.96,   598.53
598.69,   599.29,   723.53
599.18,   723.63,   473.20
598.35,   723.96,   598.19
597.52,   724.29,   723.19
726.51,   474.81,   474.70
725.68,   475.14,   599.70
724.86,   475.47,   724.69
725.34,   599.81,   474.36
724.51,   600.14,   599.36
723.68,   600.47,   724.35
724.17,   724.80,   474.02
723.34,   725.13,   599.02
722.51,   725.46,   724.02
851.51,   475.99,   475.52
850.68,   476.32,   600.52
849.85,   476.65,   725.52
850.33,   600.98,   475.19
849.50,   601.31,   600.18
848.68,   601.64,   725.18
849.16,   725.98,   474.85
848.33,   726.31,   599.85
847.50,   726.64,   724.84
601.44,   473.08,   598.99
599.30,   476.76,   723.91
597.16,   480.44,   848.84
598.47,   597.99,   595.25
596.33,   601.67,   720.18
594.19,   605.35,   845.11
595.50,   722.90,   591.52
593.36,   726.58,   716.45
591.22,   730.26,   841.38
726.39,   476.12,   601.04
724.25,   479.80,   725.96
722.11,   483.48,   850.89
723.42,   601.03,   597.30
721.28,   604.71,   722.23
719.14,   608.39,   847.16
720.45,   725.93,   593.57
718.31,   729.61,   718.50
716.17,   733.29,   843.43
851.34,   479.15,   603.09
849.20,   482.83,   728.01
847.06,   486.51,   852.94
848.37,   604.06,   599.35
846.23,   607.74,   724.28
844.09,   611.42,   849.21
845.39,   728.97,   595.62
843.26,   732.65,   720.55
841.12,   736.33,   845.48
601.12,   598.09,   101.83
597.63,   594.61,   226.73
594.14,   591.14,   351.63
598.29,   723.01,   105.23
594.80,   719.54,   230.13
591.30,   716.06,   355.03
595.46,   847.93,   108.62
591.96,   844.46,   233.53
588.47,   840.98,   358.43
726.04,   600.83,   105.40
722.55,   597.35,   230.30
719.05,   593.87,   355.20
723.21,   725.75,   108.80
719.72,   722.27,   233.70
716.22,   718.79,   358.60
720.38,   850.67,   112.20
716.88,   847.19,   237.10
713.39,   843.72,   362.00
850.96,   603.56,   108.97
847.47,   600.09,   233.87
843.97,   596.61,   358.78
848.13,   728.48,   112.37
844.63,   725.01,   237.27
841.14,   721.53,   362.17
845.30,   853.41,   115.77
841.80,   849.93,   240.67
838.31,   846.45,   365.57
601.49,   601.92,   224.94
601.36,   602.74,   349.94
601.23,   603.56,   474.94
603.75,   726.89,   224.12
603.63,   727.72,   349.12
603.50,   728.54,   474.12
606.02,   851.87,   223.30
605.89,   852.69,   348.30
605.76,   853.52,   473.30
726.47,   599.66,   225.09
726.34,   600.48,   350.08
726.21,   601.30,   475.08
728.73,   724.63,   224.27
728.60,   725.46,   349.26
728.48,   726.28,   474.26
731.00,   849.61,   223.45
730.87,   850.43,   348.44
730.74,   851.26,   473.44
851.45,   597.39,   225.23
851.32,   598.22,   350.23
851.19,   599.04,   475.22
853.71,   722.37,   224.41
853.58,   723.19,   349.41
853.46,   724.02,   474.40
855.98,   847.35,   223.59
855.85,   848.17,   348.59
855.72,   848.99,   473.58
600.54,   598.51,   351.39
599.89,   596.23,   476.37
599.25,   593.95,   601.35
602.36,   723.48,   353.68
601.71,   721.20,   478.66
601.06,   718.92,   603.64
604.18,   848.44,   355.97
603.53,   846.16,   480.95
602.88,   843.88,   605.93
725.53,   596.68,   352.01
724.88,   594.40,   476.99
724.23,   592.12,   601.96
727.35,   721.65,   354.30
726.70,   719.37,   479.28
726.05,   717.09,   604.25
729.16,   846.61,   356.59
728.52,   844.33,   481.57
727.87,   842.05,   606.54
850.51,   594.85,   352.62
849.86,   592.57,   477.60
849.22,   590.29,   602.58
852.33,   719.82,   354.91
851.68,   717.54,   479.89
851.03,   715.26,   604.87
854.15,   844.78,   357.20
853.50,   842.50,   482.18
852.85,   840.22,   607.16
598.39,   601.19,   474.28
597.70,   600.82,   599.28
597.02,   600.45,   724.28
601.05,   726.16,   474.67
600.36,   725.79,   599.67
599.68,   725.42,   724.66
603.71,   851.13,   475.05
603.03,   850.76,   600.05
602.34,   850.39,   725.05
723.36,   598.53,   474.96
722.67,   598.16,   599.96
721.99,   597.78,   724.95
726.02,   723.50,   475.35
725.33,   723.13,   600.34
724.65,   722.76,   725.34
728.68,   848.47,   475.73
728.00,   848.10,   600.73
727.31,   847.73,   725.73
848.33,   595.86,   475.64
847.64,   595.49,   600.63
846.96,   595.12,   725.63
850.99,   720.83,   476.02
850.30,   720.46,   601.02
849.62,   720.09,   726.02
853.65,   845.81,   476.41
852.97,   845.43,   601.41
852.28,   845.06,   726.40
600.58,   598.55,   600.77
603.29,   602.26,   725.68
606.00,   605.96,   850.60
599.02,   723.48,   597.09
601.73,   727.19,   722.01
604.44,   730.90,   846.92
597.45,   848.42,   593.42
600.17,   852.13,   718.33
602.88,   855.84,   843.25
725.54,   600.03,   598.01
728.25,   603.74,   722.93
730.96,   607.45,   847.84
723.98,   724.96,   594.34
726.69,   728.67,   719.25
729.40,   732.38,   844.17
722.42,   849.90,   590.66
725.13,   853.61,   715.57
727.84,   857.32,   840.49
850.50,   601.51,   595.25
853.21,   605.22,   720.17
855.92,   608.93,   845.09
848.94,   726.44,   591.58
851.65,   730.15,   716.49
854.36,   733.86,   841.41
847.38,   851.38,   587.90
850.09,   855.09,   712.82
852.80,   858.80,   837.73
