27, 125, pa2-debug-d-output-1.txt
190.58,   207.55,   190.06
413.49,   406.18,   196.50
98.31,   100.88,   101.11
97.93,   104.01,   226.07
97.55,   107.15,   351.03
95.15,   225.80,   97.96
94.77,   228.93,   222.92
94.39,   232.07,   347.88
91.99,   350.72,   94.82
91.61,   353.85,   219.78
91.22,   356.99,   344.74
223.27,   104.05,   101.41
222.89,   107.18,   226.37
222.51,   110.32,   351.33
220.11,   228.97,   98.26
219.73,   232.10,   223.22
219.35,   235.24,   348.18
216.95,   353.89,   95.12
216.57,   357.02,   220.08
216.18,   360.16,   345.04
348.23,   107.22,   101.71
347.85,   110.35,   226.67
347.47,   113.49,   351.63
345.07,   232.14,   98.56
344.69,   235.27,   223.52
344.30,   238.41,   348.48
341.91,   357.06,   95.42
341.52,   360.19,   220.38
341.14,   363.33,   345.34
99.40,   101.52,   225.91
97.34,   100.35,   350.88
95.28,   99.19,   475.86
100.27,   226.51,   227.09
98.21,   225.35,   352.06
96.14,   224.18,   477.04
101.14,   351.50,   228.27
99.07,   350.34,   353.25
97.01,   349.17,   478.22
224.38,   100.64,   227.96
222.32,   99.47,   352.94
220.26,   98.30,   477.92
225.25,   225.63,   229.14
223.19,   224.46,   354.12
221.12,   223.29,   479.10
226.12,   350.62,   230.32
224.05,   349.45,   355.30
221.99,   348.28,   480.28
349.36,   99.75,   230.02
347.30,   98.58,   354.99
345.24,   97.42,   479.97
350.23,   224.74,   231.20
348.17,   223.57,   356.17
346.10,   222.41,   481.15
351.10,   349.73,   232.38
349.03,   348.57,   357.36
346.97,   347.40,   482.33
100.93,   98.28,   351.98
100.29,   97.72,   476.97
99.64,   97.15,   601.97
100.57,   223.28,   352.54
99.93,   222.72,   477.54
99.28,   222.15,   602.53
100.21,   348.28,   353.10
99.57,   347.71,   478.10
98.92,   347.15,   603.10
225.93,   98.64,   352.63
225.28,   98.08,   477.62
224.64,   97.51,   602.62
225.57,   223.64,   353.19
224.92,   223.07,   478.18
224.28,   222.51,   603.18
225.21,   348.64,   353.75
224.56,   348.07,   478.75
223.92,   347.51,   603.74
350.93,   99.00,   353.27
350.28,   98.43,   478.27
349.63,   97.87,   603.27
350.57,   223.99,   353.84
349.92,   223.43,   478.83
349.27,   222.87,   603.83
350.21,   348.99,   354.40
349.56,   348.43,   479.40
348.91,   347.87,   604.39
101.97,   99.59,   473.50
105.11,   97.70,   598.45
108.25,   95.81,   723.39
102.17,   224.58,   475.39
105.31,   222.69,   600.34
108.45,   220.79,   725.28
102.38,   349.57,   477.28
105.51,   347.67,   602.23
108.65,   345.78,   727.17
226.94,   99.44,   470.36
230.07,   97.55,   595.31
233.21,   95.65,   720.25
227.14,   224.43,   472.25
230.27,   222.53,   597.20
233.41,   220.64,   722.14
227.34,   349.41,   474.14
230.47,   347.52,   599.09
233.61,   345.63,   724.03
351.90,   99.29,   467.22
355.03,   97.40,   592.17
358.17,   95.50,   717.11
352.10,   224.27,   469.11
355.23,   222.38,   594.06
358.37,   220.49,   719.00
352.30,   349.26,   471.00
355.43,   347.37,   595.95
358.57,   345.47,   720.89
98.37,   100.39,   599.28
98.90,   99.72,   724.27
99.42,   99.06,   849.27
95.10,   225.35,   599.96
95.63,   224.68,   724.96
96.15,   224.01,   849.95
91.83,   350.30,   600.64
92.35,   349.63,   725.64
92.88,   348.97,   850.63
223.33,   103.67,   598.77
223.85,   103.00,   723.77
224.38,   102.33,   848.77
220.06,   228.62,   599.45
220.58,   227.95,   724.45
221.10,   227.29,   849.45
216.79,   353.58,   600.14
217.31,   352.91,   725.13
217.83,   352.24,   850.13
348.29,   106.94,   598.27
348.81,   106.27,   723.26
349.33,   105.61,   848.26
345.01,   231.90,   598.95
345.54,   231.23,   723.95
346.06,   230.56,   848.94
341.74,   356.85,   599.63
342.27,   356.18,   724.63
342.79,   355.52,   849.62
98.95,   226.94,   100.05
98.24,   229.45,   225.02
97.54,   231.96,   350.00
96.87,   351.90,   97.53
96.16,   354.41,   222.50
95.46,   356.91,   347.48
94.79,   476.86,   95.01
94.08,   479.36,   219.98
93.38,   481.87,   344.96
223.93,   229.03,   100.71
223.22,   231.54,   225.69
222.52,   234.05,   350.66
221.85,   353.99,   98.19
221.14,   356.50,   223.17
220.44,   359.01,   348.14
219.77,   478.95,   95.68
219.06,   481.46,   220.65
218.36,   483.96,   345.62
348.91,   231.13,   101.38
348.20,   233.64,   226.35
347.50,   236.14,   351.32
346.83,   356.09,   98.86
346.12,   358.59,   223.83
345.42,   361.10,   348.80
344.75,   481.04,   96.34
344.04,   483.55,   221.31
343.34,   486.06,   346.28
100.21,   225.48,   226.81
102.62,   225.47,   351.78
105.04,   225.45,   476.76
97.86,   350.46,   226.87
100.27,   350.44,   351.84
102.69,   350.43,   476.82
95.50,   475.44,   226.93
97.92,   475.42,   351.90
100.34,   475.41,   476.88
225.16,   227.83,   224.39
227.58,   227.82,   349.37
230.00,   227.80,   474.34
222.81,   352.81,   224.45
225.23,   352.80,   349.43
227.64,   352.78,   474.40
220.46,   477.79,   224.51
222.87,   477.77,   349.49
225.29,   477.76,   474.46
350.12,   230.19,   221.98
352.53,   230.17,   346.95
354.95,   230.16,   471.93
347.77,   355.16,   222.03
350.18,   355.15,   347.01
352.60,   355.14,   471.99
345.41,   480.14,   222.09
347.83,   480.13,   347.07
350.25,   480.11,   472.05
101.90,   223.01,   350.29
103.17,   223.19,   475.28
104.45,   223.36,   600.27
101.75,   348.01,   350.11
103.03,   348.19,   475.10
104.30,   348.36,   600.10
101.60,   473.01,   349.94
102.88,   473.19,   474.93
104.16,   473.36,   599.92
226.89,   223.16,   349.01
228.17,   223.33,   474.00
229.44,   223.51,   599.00
226.74,   348.16,   348.83
228.02,   348.33,   473.83
229.30,   348.51,   598.82
226.59,   473.16,   348.66
227.87,   473.33,   473.65
229.15,   473.51,   598.65
351.88,   223.30,   347.73
353.16,   223.48,   472.72
354.44,   223.66,   597.72
351.74,   348.30,   347.56
353.01,   348.48,   472.55
354.29,   348.66,   597.54
351.59,   473.30,   347.38
352.87,   473.48,   472.37
354.14,   473.65,   597.37
99.55,   226.92,   475.43
101.13,   229.40,   600.39
102.71,   231.89,   725.36
98.44,   351.89,   472.95
100.01,   354.38,   597.92
101.59,   356.86,   722.88
97.32,   476.86,   470.48
98.90,   479.35,   595.44
100.48,   481.83,   720.41
224.54,   228.00,   473.83
226.11,   230.49,   598.79
227.69,   232.98,   723.76
223.42,   352.97,   471.35
225.00,   355.46,   596.32
226.58,   357.95,   721.28
222.31,   477.94,   468.88
223.88,   480.43,   593.84
225.46,   482.92,   718.81
349.52,   229.08,   472.23
351.10,   231.57,   597.19
352.68,   234.06,   722.16
348.41,   354.05,   469.75
349.98,   356.54,   594.72
351.56,   359.03,   719.68
347.29,   479.02,   467.28
348.87,   481.51,   592.24
350.45,   484.00,   717.21
101.67,   226.28,   601.91
101.89,   225.22,   726.90
102.11,   224.17,   851.90
101.63,   351.27,   602.97
101.84,   350.22,   727.96
102.06,   349.16,   852.96
101.58,   476.27,   604.02
101.80,   475.21,   729.02
102.01,   474.16,   854.01
226.67,   226.33,   601.69
226.89,   225.27,   726.69
227.11,   224.22,   851.68
226.62,   351.32,   602.75
226.84,   350.27,   727.74
227.06,   349.21,   852.74
226.58,   476.32,   603.80
226.80,   475.26,   728.80
227.01,   474.21,   853.79
351.67,   226.38,   601.47
351.89,   225.32,   726.47
352.11,   224.27,   851.46
351.62,   351.37,   602.53
351.84,   350.32,   727.53
352.06,   349.26,   852.52
351.58,   476.37,   603.59
351.79,   475.31,   728.58
352.01,   474.26,   853.58
99.75,   349.82,   101.69
102.29,   349.18,   226.66
104.83,   348.53,   351.63
99.93,   474.82,   102.33
102.47,   474.17,   227.31
105.01,   473.53,   352.28
100.10,   599.82,   102.98
102.64,   599.17,   227.95
105.18,   598.52,   352.92
224.73,   349.66,   99.15
227.27,   349.01,   224.12
229.81,   348.36,   349.09
224.90,   474.66,   99.79
227.44,   474.01,   224.76
229.98,   473.36,   349.74
225.08,   599.66,   100.44
227.62,   599.01,   225.41
230.16,   598.36,   350.38
349.70,   349.50,   96.61
352.24,   348.85,   221.58
354.78,   348.20,   346.55
349.88,   474.50,   97.25
352.42,   473.85,   222.22
354.96,   473.20,   347.20
350.05,   599.49,   97.89
352.59,   598.85,   222.87
355.13,   598.20,   347.84
99.79,   351.61,   226.32
100.44,   351.24,   351.32
101.10,   350.86,   476.31
102.90,   476.57,   226.68
103.56,   476.20,   351.68
104.22,   475.82,   476.67
106.02,   601.53,   227.04
106.67,   601.16,   352.03
107.33,   600.78,   477.03
224.75,   348.50,   225.65
225.40,   348.13,   350.65
226.06,   347.75,   475.65
227.86,   473.46,   226.01
228.52,   473.09,   351.01
229.18,   472.71,   476.01
230.97,   598.42,   226.37
231.63,   598.05,   351.37
232.29,   597.67,   476.36
349.70,   345.39,   224.98
350.36,   345.01,   349.98
351.02,   344.64,   474.98
352.82,   470.35,   225.34
353.48,   469.97,   350.34
354.14,   469.60,   475.34
355.93,   595.31,   225.70
356.59,   594.93,   350.70
357.25,   594.56,   475.70
101.48,   348.16,   350.16
102.96,   351.24,   475.11
104.44,   354.33,   600.07
103.78,   473.10,   347.05
105.27,   476.18,   472.00
106.75,   479.27,   596.95
106.09,   598.04,   343.93
107.57,   601.12,   468.89
109.06,   604.21,   593.84
226.45,   345.81,   348.73
227.93,   348.90,   473.69
229.41,   351.99,   598.64
228.75,   470.75,   345.62
230.24,   473.84,   470.57
231.72,   476.93,   595.53
231.06,   595.69,   342.51
232.54,   598.78,   467.46
234.03,   601.87,   592.41
351.42,   343.47,   347.31
352.90,   346.56,   472.26
354.38,   349.64,   597.21
353.72,   468.41,   344.19
355.21,   471.50,   469.15
356.69,   474.58,   594.10
356.03,   593.35,   341.08
357.51,   596.44,   466.03
359.00,   599.52,   590.99
100.83,   349.93,   473.00
102.36,   352.78,   597.96
103.90,   355.64,   722.92
100.10,   474.89,   470.15
101.63,   477.75,   595.11
103.17,   480.60,   720.07
99.37,   599.86,   467.31
100.90,   602.71,   592.26
102.44,   605.57,   717.22
225.81,   350.62,   471.45
227.35,   353.47,   596.41
228.89,   356.33,   721.36
225.08,   475.58,   468.60
226.62,   478.44,   593.56
228.16,   481.30,   718.52
224.36,   600.55,   465.75
225.89,   603.41,   590.71
227.43,   606.26,   715.67
350.80,   351.31,   469.90
352.34,   354.17,   594.85
353.87,   357.02,   719.81
350.07,   476.28,   467.05
351.61,   479.13,   592.01
353.15,   481.99,   716.96
349.34,   601.24,   464.20
350.88,   604.10,   589.16
352.42,   606.96,   714.12
101.84,   350.53,   598.64
105.32,   350.15,   723.59
108.81,   349.77,   848.54
100.90,   475.52,   599.05
104.39,   475.14,   724.00
107.87,   474.76,   848.95
99.97,   600.52,   599.45
103.45,   600.14,   724.40
106.94,   599.76,   849.35
226.78,   351.47,   595.16
230.27,   351.09,   720.11
233.76,   350.71,   845.06
225.85,   476.47,   595.56
229.33,   476.09,   720.51
232.82,   475.71,   845.46
224.91,   601.46,   595.97
228.40,   601.08,   720.92
231.89,   600.70,   845.87
351.73,   352.42,   591.67
355.22,   352.04,   716.62
358.70,   351.66,   841.58
350.80,   477.41,   592.08
354.28,   477.03,   717.03
357.77,   476.65,   841.98
349.86,   602.41,   592.49
353.35,   602.03,   717.44
356.83,   601.65,   842.39
100.95,   473.19,   100.82
103.08,   473.10,   225.80
105.21,   473.02,   350.78
101.43,   598.19,   100.89
103.56,   598.10,   225.88
105.69,   598.02,   350.86
101.92,   723.19,   100.97
104.05,   723.10,   225.95
106.18,   723.02,   350.93
225.93,   472.70,   98.69
228.06,   472.62,   223.67
230.19,   472.54,   348.65
226.42,   597.70,   98.76
228.54,   597.62,   223.75
230.67,   597.54,   348.73
226.90,   722.70,   98.84
229.03,   722.62,   223.82
231.16,   722.53,   348.80
350.91,   472.22,   96.56
353.04,   472.13,   221.54
355.17,   472.05,   346.52
351.40,   597.21,   96.63
353.53,   597.13,   221.62
355.66,   597.05,   346.60
351.88,   722.21,   96.71
354.01,   722.13,   221.69
356.14,   722.05,   346.67
98.62,   474.16,   225.04
99.33,   477.54,   349.99
100.04,   480.92,   474.94
101.34,   599.09,   221.65
102.05,   602.47,   346.60
102.76,   605.85,   471.55
104.06,   724.01,   218.25
104.77,   727.39,   343.20
105.48,   730.77,   468.16
223.59,   471.42,   224.40
224.30,   474.80,   349.36
225.01,   478.18,   474.31
226.31,   596.35,   221.01
227.02,   599.73,   345.96
227.73,   603.11,   470.91
229.03,   721.27,   217.61
229.74,   724.65,   342.57
230.45,   728.03,   467.52
348.55,   468.68,   223.77
349.27,   472.06,   348.72
349.98,   475.44,   473.67
351.28,   593.61,   220.37
351.99,   596.99,   345.32
352.70,   600.37,   470.28
354.00,   718.53,   216.98
354.71,   721.91,   341.93
355.42,   725.29,   466.88
98.36,   474.81,   350.59
101.55,   473.35,   475.54
104.74,   471.89,   600.49
95.94,   599.77,   352.11
99.13,   598.32,   477.06
102.32,   596.86,   602.01
93.52,   724.74,   353.63
96.71,   723.28,   478.58
99.91,   721.83,   603.53
223.30,   477.26,   347.43
226.49,   475.81,   472.38
229.68,   474.35,   597.33
220.88,   602.23,   348.95
224.07,   600.77,   473.90
227.26,   599.32,   598.85
218.46,   727.20,   350.47
221.65,   725.74,   475.42
224.84,   724.28,   600.37
348.23,   479.72,   344.26
351.42,   478.26,   469.22
354.62,   476.81,   594.17
345.81,   604.69,   345.78
349.00,   603.23,   470.74
352.20,   601.77,   595.69
343.39,   729.66,   347.31
346.58,   728.20,   472.26
349.78,   726.74,   597.21
99.46,   475.60,   475.51
99.25,   474.75,   600.51
99.03,   473.90,   725.50
102.85,   600.56,   476.37
102.63,   599.70,   601.36
102.42,   598.85,   726.36
106.23,   725.51,   477.23
106.02,   724.65,   602.22
105.80,   723.80,   727.22
224.42,   472.22,   475.70
224.20,   471.37,   600.70
223.99,   470.51,   725.69
227.80,   597.17,   476.56
227.59,   596.32,   601.56
227.37,   595.46,   726.55
231.18,   722.12,   477.42
230.97,   721.27,   602.41
230.76,   720.42,   727.41
349.37,   468.83,   475.89
349.16,   467.98,   600.89
348.94,   467.13,   725.88
352.75,   593.79,   476.75
352.54,   592.93,   601.75
352.33,   592.08,   726.74
356.14,   718.74,   477.61
355.92,   717.88,   602.60
355.71,   717.03,   727.60
100.82,   473.49,   599.59
99.18,   470.31,   724.54
97.53,   467.13,   849.49
97.44,   598.40,   602.72
95.80,   595.23,   727.67
94.15,   592.05,   852.62
94.06,   723.32,   605.86
92.42,   720.14,   730.81
90.77,   716.96,   855.76
225.77,   476.83,   601.32
224.12,   473.65,   726.27
222.47,   470.47,   851.22
222.39,   601.74,   604.46
220.74,   598.56,   729.41
219.09,   595.38,   854.36
219.01,   726.66,   607.59
217.36,   723.48,   732.54
215.71,   720.30,   857.49
350.71,   480.16,   603.06
349.06,   476.98,   728.01
347.41,   473.81,   852.95
347.33,   605.08,   606.19
345.68,   601.90,   731.14
344.03,   598.72,   856.09
343.95,   729.99,   609.32
342.30,   726.81,   734.27
340.65,   723.64,   859.22
99.15,   598.93,   99.60
97.01,   599.80,   224.58
94.88,   600.67,   349.56
102.30,   723.88,   98.79
100.17,   724.75,   223.76
98.04,   725.62,   348.74
105.46,   848.84,   97.97
103.33,   849.71,   222.95
101.19,   850.58,   347.93
224.09,   595.78,   101.76
221.96,   596.65,   226.74
219.82,   597.52,   351.71
227.25,   720.74,   100.94
225.11,   721.61,   225.92
222.98,   722.48,   350.90
230.40,   845.70,   100.12
228.27,   846.57,   225.10
226.14,   847.44,   350.08
349.03,   592.64,   103.91
346.90,   593.51,   228.89
344.76,   594.38,   353.87
352.19,   717.60,   103.10
350.05,   718.47,   228.07
347.92,   719.34,   353.05
355.35,   842.56,   102.28
353.21,   843.43,   227.26
351.08,   844.30,   352.24
101.85,   598.71,   226.70
105.17,   601.49,   351.63
108.49,   604.27,   476.55
101.70,   723.68,   223.92
105.02,   726.46,   348.85
108.34,   729.24,   473.77
101.55,   848.65,   221.14
104.87,   851.43,   346.07
108.19,   854.21,   470.99
226.81,   598.78,   223.38
230.13,   601.56,   348.31
233.45,   604.35,   473.23
226.66,   723.75,   220.60
229.98,   726.53,   345.53
233.30,   729.32,   470.45
226.51,   848.72,   217.82
229.83,   851.50,   342.75
233.15,   854.28,   467.67
351.76,   598.86,   220.06
355.08,   601.64,   344.98
358.40,   604.42,   469.91
351.61,   723.83,   217.28
354.93,   726.61,   342.20
358.25,   729.39,   467.13
351.47,   848.80,   214.50
354.78,   851.58,   339.42
358.10,   854.36,   464.35
101.07,   601.66,   351.75
99.74,   598.46,   476.70
98.41,   595.26,   601.66
99.15,   726.60,   354.93
97.82,   723.40,   479.88
96.49,   720.20,   604.84
97.23,   851.55,   358.11
95.90,   848.35,   483.06
94.57,   845.14,   608.02
226.05,   603.54,   353.13
224.72,   600.34,   478.08
223.39,   597.14,   603.04
224.13,   728.49,   356.31
222.80,   725.29,   481.26
221.47,   722.09,   606.22
222.21,   853.43,   359.49
220.88,   850.23,   484.44
219.55,   847.03,   609.40
351.03,   605.43,   354.51
349.70,   602.23,   479.46
348.36,   599.03,   604.42
349.11,   730.37,   357.69
347.78,   727.17,   482.64
346.44,   723.97,   607.60
347.19,   855.32,   360.87
345.86,   852.12,   485.82
344.52,   848.92,   610.78
101.91,   601.20,   475.51
102.92,   598.19,   600.47
103.93,   595.18,   725.43
102.06,   726.16,   478.52
103.07,   723.15,   603.48
104.08,   720.15,   728.44
102.21,   851.13,   481.53
103.22,   848.12,   606.49
104.23,   845.11,   731.45
226.90,   601.07,   474.50
227.91,   598.07,   599.46
228.93,   595.06,   724.42
227.05,   726.04,   477.51
228.06,   723.03,   602.47
229.07,   720.02,   727.42
227.20,   851.00,   480.51
228.21,   847.99,   605.47
229.22,   844.98,   730.43
351.90,   600.95,   473.48
352.91,   597.94,   598.44
353.92,   594.93,   723.40
352.05,   725.91,   476.49
353.06,   722.90,   601.45
354.07,   719.90,   726.41
352.20,   850.88,   479.50
353.21,   847.87,   604.46
354.22,   844.86,   729.42
98.29,   599.84,   600.55
97.61,   600.04,   725.55
96.92,   600.24,   850.55
96.38,   724.83,   600.35
95.69,   725.03,   725.34
95.01,   725.22,   850.34
94.47,   849.81,   600.14
93.78,   850.01,   725.14
93.10,   850.21,   850.13
223.28,   601.76,   601.24
222.59,   601.95,   726.23
221.91,   602.15,   851.23
221.36,   726.74,   601.03
220.68,   726.94,   726.03
219.99,   727.14,   851.02
219.45,   851.73,   600.82
218.77,   851.92,   725.82
218.08,   852.12,   850.82
348.26,   603.67,   601.92
347.57,   603.87,   726.92
346.89,   604.07,   851.91
346.35,   728.65,   601.71
345.66,   728.85,   726.71
344.98,   729.05,   851.71
344.43,   853.64,   601.50
343.75,   853.84,   726.50
343.06,   854.04,   851.50
224.00,   100.97,   98.80
222.43,   102.02,   223.79
220.86,   103.06,   348.77
225.84,   225.95,   97.78
224.27,   227.00,   222.76
222.70,   228.05,   347.75
227.67,   350.94,   96.75
226.11,   351.98,   221.74
224.54,   353.03,   346.73
348.97,   99.14,   100.38
347.41,   100.19,   225.37
345.84,   101.24,   350.35
350.81,   224.13,   99.36
349.24,   225.17,   224.35
347.68,   226.22,   349.33
352.65,   349.11,   98.34
351.08,   350.16,   223.32
349.52,   351.20,   348.31
473.95,   97.32,   101.97
472.38,   98.37,   226.95
470.81,   99.41,   351.94
475.79,   222.30,   100.94
474.22,   223.35,   225.93
472.65,   224.39,   350.91
477.63,   347.28,   99.92
476.06,   348.33,   224.91
474.49,   349.38,   349.89
223.26,   98.13,   226.11
226.96,   101.30,   351.01
230.65,   104.47,   475.92
221.22,   223.07,   223.00
224.91,   226.24,   347.90
228.61,   229.42,   472.81
219.17,   348.02,   219.88
222.87,   351.19,   344.79
226.57,   354.36,   469.69
348.19,   100.08,   222.36
351.89,   103.25,   347.27
355.58,   106.42,   472.17
346.14,   225.02,   219.25
349.84,   228.19,   344.15
353.54,   231.37,   469.06
344.10,   349.97,   216.13
347.80,   353.14,   341.04
351.50,   356.31,   465.94
473.12,   102.03,   218.61
476.81,   105.20,   343.52
480.51,   108.37,   468.42
471.07,   226.97,   215.50
474.77,   230.14,   340.41
478.47,   233.32,   465.31
469.03,   351.92,   212.39
472.73,   355.09,   337.29
476.42,   358.26,   462.20
223.42,   99.10,   351.48
226.96,   102.62,   476.38
230.50,   106.15,   601.28
224.68,   224.04,   347.92
228.22,   227.57,   472.82
231.76,   231.09,   597.72
225.94,   348.98,   344.35
229.48,   352.51,   469.25
233.02,   356.03,   594.15
348.36,   97.74,   347.98
351.90,   101.26,   472.88
355.44,   104.79,   597.78
349.62,   222.68,   344.41
353.16,   226.20,   469.31
356.70,   229.73,   594.21
350.89,   347.62,   340.85
354.42,   351.15,   465.75
357.96,   354.67,   590.65
473.30,   96.37,   344.47
476.84,   99.90,   469.37
480.38,   103.42,   594.27
474.57,   221.32,   340.91
478.11,   224.84,   465.81
481.65,   228.37,   590.71
475.83,   346.26,   337.35
479.37,   349.78,   462.25
482.91,   353.31,   587.15
224.14,   99.41,   474.28
220.58,   95.99,   599.18
217.03,   92.57,   724.09
222.99,   224.35,   477.67
219.44,   220.94,   602.57
215.88,   217.52,   727.47
221.84,   349.30,   481.06
218.29,   345.88,   605.96
214.73,   342.47,   730.86
349.08,   100.46,   477.87
345.53,   97.04,   602.77
341.98,   93.62,   727.67
347.93,   225.41,   481.25
344.38,   221.99,   606.16
340.83,   218.57,   731.06
346.78,   350.36,   484.64
343.23,   346.94,   609.54
339.68,   343.52,   734.45
474.03,   101.51,   481.45
470.47,   98.09,   606.35
466.92,   94.67,   731.25
472.88,   226.46,   484.84
469.32,   223.04,   609.74
465.77,   219.62,   734.64
471.73,   351.41,   488.22
468.17,   347.99,   613.13
464.62,   344.57,   738.03
225.71,   99.77,   598.13
226.45,   98.23,   723.12
227.18,   96.69,   848.11
228.24,   224.74,   599.66
228.98,   223.20,   724.65
229.71,   221.65,   849.64
230.78,   349.70,   601.19
231.51,   348.16,   726.18
232.24,   346.62,   851.17
350.69,   97.25,   597.37
351.42,   95.71,   722.36
352.15,   94.17,   847.35
353.22,   222.22,   598.90
353.95,   220.67,   723.89
354.68,   219.13,   848.88
355.75,   347.18,   600.43
356.48,   345.64,   725.42
357.21,   344.10,   850.40
475.66,   94.73,   596.61
476.39,   93.19,   721.60
477.12,   91.64,   846.58
478.19,   219.70,   598.14
478.92,   218.15,   723.12
479.65,   216.61,   848.11
480.72,   344.66,   599.66
481.45,   343.12,   724.65
482.18,   341.57,   849.64
223.22,   225.36,   101.79
226.82,   226.92,   226.73
230.43,   228.48,   351.67
220.25,   350.31,   100.31
223.85,   351.88,   225.25
227.46,   353.44,   350.19
217.28,   475.27,   98.84
220.88,   476.83,   223.77
224.49,   478.40,   348.71
348.13,   228.28,   98.15
351.74,   229.85,   223.09
355.34,   231.41,   348.03
345.16,   353.24,   96.67
348.77,   354.80,   221.61
352.37,   356.37,   346.55
342.19,   478.20,   95.19
345.79,   479.76,   220.13
349.40,   481.32,   345.07
473.04,   231.21,   94.51
476.65,   232.77,   219.45
480.25,   234.34,   344.39
470.07,   356.17,   93.03
473.68,   357.73,   217.97
477.28,   359.29,   342.91
467.10,   481.12,   91.55
470.71,   482.69,   216.49
474.31,   484.25,   341.43
223.50,   226.62,   226.99
225.86,   228.28,   351.96
228.21,   229.94,   476.93
225.51,   351.60,   225.30
227.87,   353.25,   350.26
230.23,   354.91,   475.23
227.52,   476.57,   223.60
229.88,   478.23,   348.57
232.24,   479.89,   473.53
348.46,   224.58,   224.66
350.82,   226.24,   349.63
353.18,   227.90,   474.59
350.47,   349.55,   222.96
352.83,   351.21,   347.93
355.19,   352.87,   472.90
352.48,   474.52,   221.27
354.84,   476.18,   346.24
357.20,   477.84,   471.20
473.42,   222.53,   222.33
475.78,   224.19,   347.30
478.14,   225.85,   472.26
475.43,   347.51,   220.63
477.79,   349.17,   345.60
480.15,   350.82,   470.57
477.45,   472.48,   218.94
479.81,   474.14,   343.90
482.16,   475.80,   468.87
225.41,   223.48,   348.52
223.36,   224.81,   473.49
221.31,   226.15,   598.47
222.07,   348.43,   347.13
220.02,   349.76,   472.11
217.97,   351.09,   597.08
218.73,   473.38,   345.75
216.68,   474.71,   470.72
214.63,   476.04,   595.70
350.35,   226.85,   350.53
348.30,   228.18,   475.51
346.25,   229.51,   600.48
347.01,   351.79,   349.14
344.96,   353.12,   474.12
342.91,   354.46,   599.10
343.67,   476.74,   347.76
341.62,   478.07,   472.73
339.57,   479.40,   597.71
475.28,   230.21,   352.54
473.24,   231.54,   477.52
471.19,   232.87,   602.49
471.94,   355.16,   351.16
469.90,   356.49,   476.13
467.85,   357.82,   601.11
468.60,   480.10,   349.77
466.56,   481.43,   474.75
464.51,   482.76,   599.72
224.42,   223.27,   473.99
227.22,   226.39,   598.92
230.02,   229.51,   723.85
223.07,   348.23,   470.91
225.88,   351.35,   595.83
228.68,   354.46,   720.76
221.73,   473.18,   467.82
224.53,   476.30,   592.75
227.33,   479.42,   717.68
349.38,   224.55,   471.16
352.18,   227.67,   596.09
354.98,   230.78,   721.02
348.04,   349.50,   468.07
350.84,   352.62,   593.00
353.64,   355.74,   717.93
346.69,   474.46,   464.98
349.49,   477.58,   589.91
352.29,   480.69,   714.84
474.34,   225.83,   468.33
477.14,   228.94,   593.26
479.95,   232.06,   718.19
473.00,   350.78,   465.24
475.80,   353.90,   590.17
478.60,   357.01,   715.10
471.65,   475.73,   462.15
474.45,   478.85,   587.08
477.25,   481.97,   712.01
223.45,   225.12,   601.25
222.83,   225.38,   726.24
222.22,   225.64,   851.24
226.35,   350.09,   601.00
225.74,   350.34,   726.00
225.12,   350.60,   851.00
229.25,   475.05,   600.76
228.64,   475.31,   725.76
228.03,   475.57,   850.76
348.41,   222.22,   601.87
347.80,   222.48,   726.86
347.18,   222.73,   851.86
351.32,   347.18,   601.62
350.70,   347.44,   726.62
350.09,   347.70,   851.62
354.22,   472.15,   601.38
353.60,   472.41,   726.38
352.99,   472.67,   851.38
473.38,   219.32,   602.49
472.76,   219.57,   727.48
472.15,   219.83,   852.48
476.28,   344.28,   602.24
475.67,   344.54,   727.24
475.05,   344.80,   852.24
479.18,   469.25,   602.00
478.57,   469.51,   727.00
477.96,   469.76,   852.00
224.74,   349.79,   98.84
227.89,   346.25,   223.75
231.04,   342.71,   348.66
228.24,   474.69,   102.29
231.39,   471.15,   227.20
234.54,   467.61,   352.11
231.74,   599.60,   105.74
234.89,   596.06,   230.65
238.04,   592.51,   355.56
349.65,   346.38,   95.59
352.80,   342.84,   220.50
355.96,   339.30,   345.41
353.15,   471.28,   99.04
356.30,   467.74,   223.95
359.45,   464.20,   348.86
356.65,   596.19,   102.49
359.80,   592.65,   227.40
362.95,   589.11,   352.31
474.56,   342.97,   92.34
477.71,   339.43,   217.25
480.87,   335.89,   342.16
478.06,   467.88,   95.79
481.21,   464.34,   220.70
484.36,   460.79,   345.61
481.56,   592.78,   99.24
484.71,   589.24,   224.15
487.86,   585.70,   349.06
223.16,   348.84,   226.26
223.60,   351.88,   351.22
224.04,   354.92,   476.18
226.68,   473.75,   223.20
227.12,   476.79,   348.17
227.56,   479.84,   473.13
230.20,   598.67,   220.15
230.64,   601.71,   345.11
231.08,   604.75,   470.08
348.11,   345.31,   225.90
348.55,   348.35,   350.86
348.99,   351.39,   475.82
351.63,   470.22,   222.85
352.07,   473.27,   347.81
352.51,   476.31,   472.77
355.15,   595.14,   219.79
355.59,   598.18,   344.76
356.03,   601.22,   469.72
473.06,   341.78,   225.54
473.50,   344.82,   350.50
473.94,   347.86,   475.47
476.58,   466.70,   222.49
477.02,   469.74,   347.45
477.46,   472.78,   472.41
480.10,   591.61,   219.44
480.54,   594.65,   344.40
480.98,   597.69,   469.36
225.02,   350.12,   350.83
228.53,   346.60,   475.73
232.04,   343.07,   600.63
228.40,   475.03,   354.26
231.91,   471.51,   479.16
235.42,   467.98,   604.06
231.78,   599.94,   357.69
235.29,   596.41,   482.59
238.80,   592.89,   607.49
349.93,   346.84,   347.22
353.44,   343.32,   472.12
356.95,   339.79,   597.03
353.31,   471.75,   350.65
356.82,   468.22,   475.56
360.33,   464.70,   600.46
356.69,   596.66,   354.09
360.20,   593.13,   478.99
363.71,   589.61,   603.89
474.83,   343.56,   343.62
478.34,   340.04,   468.52
481.85,   336.51,   593.42
478.21,   468.47,   347.05
481.72,   464.94,   471.95
485.23,   461.42,   596.85
481.59,   593.38,   350.48
485.10,   589.85,   475.38
488.61,   586.32,   600.28
225.85,   349.32,   474.79
229.16,   349.97,   599.74
232.47,   350.61,   724.69
226.03,   474.31,   474.13
229.35,   474.96,   599.09
232.66,   475.61,   724.04
226.22,   599.31,   473.48
229.53,   599.96,   598.43
232.84,   600.61,   723.39
350.80,   349.11,   471.47
354.12,   349.76,   596.43
357.43,   350.41,   721.38
350.99,   474.11,   470.82
354.30,   474.76,   595.77
357.61,   475.41,   720.73
351.17,   599.11,   470.16
354.49,   599.76,   595.12
357.80,   600.41,   720.07
475.76,   348.91,   468.16
479.07,   349.56,   593.11
482.39,   350.21,   718.07
475.94,   473.91,   467.51
479.26,   474.56,   592.46
482.57,   475.21,   717.41
476.13,   598.91,   466.85
479.44,   599.56,   591.81
482.76,   600.21,   716.76
223.79,   349.36,   599.21
224.57,   350.87,   724.20
225.34,   352.37,   849.18
226.17,   474.33,   597.69
226.95,   475.84,   722.67
227.72,   477.34,   847.66
228.56,   599.30,   596.17
229.33,   600.80,   721.15
230.10,   602.31,   846.14
348.77,   346.97,   598.46
349.54,   348.48,   723.45
350.31,   349.98,   848.44
351.15,   471.94,   596.94
351.92,   473.44,   721.93
352.70,   474.95,   846.92
353.53,   596.90,   595.42
354.31,   598.41,   720.41
355.08,   599.92,   845.40
473.74,   344.58,   597.72
474.52,   346.08,   722.70
475.29,   347.59,   847.69
476.12,   469.55,   596.19
476.90,   471.05,   721.18
477.67,   472.56,   846.17
478.51,   594.51,   594.67
479.28,   596.02,   719.66
480.05,   597.53,   844.65
224.66,   473.58,   100.11
225.51,   473.62,   225.11
226.36,   473.67,   350.10
224.49,   598.58,   100.07
225.34,   598.62,   225.06
226.19,   598.67,   350.06
224.33,   723.58,   100.02
225.17,   723.62,   225.02
226.02,   723.67,   350.02
349.66,   473.75,   99.26
350.51,   473.79,   224.26
351.36,   473.84,   349.26
349.49,   598.75,   99.22
350.34,   598.79,   224.22
351.19,   598.84,   349.21
349.32,   723.75,   99.18
350.17,   723.79,   224.17
351.02,   723.84,   349.17
474.66,   473.92,   98.41
475.50,   473.96,   223.41
476.35,   474.00,   348.41
474.49,   598.92,   98.37
475.34,   598.96,   223.37
476.19,   599.00,   348.36
474.32,   723.92,   98.33
475.17,   723.96,   223.32
476.02,   724.00,   348.32
224.68,   474.13,   223.76
225.67,   470.87,   348.71
226.66,   467.62,   473.66
223.87,   599.08,   227.02
224.86,   595.83,   351.97
225.85,   592.58,   476.92
223.06,   724.04,   230.27
224.05,   720.78,   355.23
225.04,   717.53,   480.18
349.68,   474.96,   222.79
350.66,   471.71,   347.74
351.65,   468.45,   472.70
348.87,   599.91,   226.05
349.86,   596.66,   351.00
350.85,   593.41,   475.95
348.06,   724.87,   229.31
349.05,   721.62,   354.26
350.04,   718.36,   479.21
474.67,   475.79,   221.82
475.66,   472.54,   346.77
476.65,   469.29,   471.73
473.86,   600.75,   225.08
474.85,   597.50,   350.03
475.84,   594.24,   474.99
473.05,   725.70,   228.34
474.04,   722.45,   353.29
475.03,   719.20,   478.25
223.13,   475.34,   349.94
219.60,   476.42,   474.88
216.07,   477.50,   599.83
221.30,   600.32,   348.80
217.77,   601.40,   473.75
214.25,   602.48,   598.69
219.47,   725.30,   347.67
215.94,   726.38,   472.61
212.42,   727.47,   597.56
348.06,   477.20,   353.45
344.54,   478.28,   478.39
341.01,   479.36,   603.34
346.24,   602.18,   352.31
342.71,   603.26,   477.26
339.18,   604.34,   602.20
344.41,   727.16,   351.18
340.88,   728.24,   476.12
337.35,   729.32,   601.07
473.00,   479.06,   356.96
469.47,   480.14,   481.90
465.95,   481.22,   606.85
471.17,   604.04,   355.82
467.65,   605.12,   480.77
464.12,   606.20,   605.71
469.34,   729.02,   354.69
465.82,   730.10,   479.63
462.29,   731.18,   604.58
225.58,   475.29,   475.37
224.65,   473.79,   600.36
223.72,   472.30,   725.34
226.75,   600.28,   476.87
225.82,   598.78,   601.86
224.89,   597.28,   726.85
227.92,   725.26,   478.38
226.99,   723.76,   603.37
226.06,   722.27,   728.35
350.57,   474.11,   476.28
349.64,   472.61,   601.27
348.71,   471.12,   726.26
351.74,   599.09,   477.79
350.81,   597.60,   602.78
349.88,   596.10,   727.76
352.91,   724.08,   479.29
351.98,   722.58,   604.28
351.05,   721.09,   729.27
475.56,   472.93,   477.20
474.63,   471.43,   602.19
473.70,   469.93,   727.17
476.73,   597.91,   478.70
475.80,   596.42,   603.69
474.87,   594.92,   728.68
477.90,   722.90,   480.21
476.97,   721.40,   605.20
476.04,   719.91,   730.18
225.96,   474.59,   598.18
223.85,   474.28,   723.16
221.74,   473.97,   848.14
225.99,   599.59,   598.49
223.88,   599.28,   723.47
221.77,   598.97,   848.45
226.02,   724.59,   598.80
223.91,   724.28,   723.78
221.80,   723.97,   848.77
350.94,   474.56,   600.29
348.83,   474.24,   725.27
346.72,   473.93,   850.25
350.97,   599.55,   600.60
348.86,   599.24,   725.58
346.75,   598.93,   850.56
351.01,   724.55,   600.91
348.90,   724.24,   725.89
346.79,   723.93,   850.88
475.92,   474.52,   602.40
473.81,   474.21,   727.38
471.70,   473.90,   852.36
475.96,   599.52,   602.71
473.85,   599.21,   727.69
471.74,   598.90,   852.67
475.99,   724.52,   603.02
473.88,   724.21,   728.00
471.77,   723.89,   852.99
226.79,   601.95,   101.76
225.80,   602.82,   226.75
224.81,   603.69,   351.75
225.48,   726.94,   100.88
224.49,   727.81,   225.87
223.51,   728.68,   350.86
224.18,   851.93,   99.99
223.19,   852.80,   224.99
222.20,   853.67,   349.98
351.78,   603.26,   102.74
350.79,   604.13,   227.73
349.80,   605.01,   352.73
350.47,   728.25,   101.86
349.48,   729.12,   226.85
348.49,   730.00,   351.84
349.17,   853.24,   100.97
348.18,   854.11,   225.97
347.19,   854.99,   350.96
476.77,   604.58,   103.72
475.78,   605.45,   228.71
474.79,   606.32,   353.71
475.46,   729.57,   102.84
474.47,   730.44,   227.83
473.48,   731.31,   352.82
474.16,   854.56,   101.95
473.17,   855.43,   226.95
472.18,   856.30,   351.94
224.46,   599.73,   226.86
224.56,   596.14,   351.81
224.66,   592.56,   476.76
224.07,   724.67,   230.45
224.17,   721.09,   355.40
224.27,   717.50,   480.35
223.68,   849.62,   234.04
223.78,   846.04,   358.98
223.88,   842.45,   483.93
349.46,   600.12,   226.77
349.56,   596.53,   351.72
349.66,   592.95,   476.67
349.07,   725.07,   230.36
349.17,   721.48,   355.31
349.27,   717.89,   480.26
348.68,   850.01,   233.95
348.78,   846.43,   358.89
348.88,   842.84,   483.84
474.46,   600.51,   226.68
474.56,   596.92,   351.63
474.66,   593.34,   476.58
474.07,   725.46,   230.27
474.17,   721.87,   355.22
474.27,   718.29,   480.17
473.68,   850.40,   233.86
473.78,   846.82,   358.80
473.88,   843.23,   483.75
223.33,   601.41,   350.02
220.96,   602.37,   474.99
218.59,   603.33,   599.96
224.54,   726.40,   349.08
222.17,   727.36,   474.05
219.80,   728.32,   599.03
225.75,   851.39,   348.14
223.38,   852.35,   473.12
221.01,   853.31,   598.09
348.30,   600.22,   352.40
345.93,   601.18,   477.37
343.56,   602.14,   602.34
349.51,   725.21,   351.46
347.14,   726.17,   476.43
344.77,   727.13,   601.41
350.72,   850.20,   350.52
348.35,   851.16,   475.50
345.98,   852.12,   600.47
473.27,   599.03,   354.78
470.90,   599.99,   479.75
468.53,   600.95,   604.72
474.48,   724.02,   353.84
472.11,   724.98,   478.81
469.74,   725.94,   603.79
475.69,   849.01,   352.90
473.32,   849.97,   477.88
470.95,   850.93,   602.85
224.38,   599.32,   474.74
226.91,   596.80,   599.69
229.44,   594.28,   724.64
221.33,   724.26,   477.32
223.87,   721.74,   602.27
226.40,   719.22,   727.22
218.29,   849.19,   479.90
220.82,   846.67,   604.85
223.36,   844.15,   729.80
349.31,   602.41,   472.27
351.85,   599.89,   597.22
354.38,   597.38,   722.17
346.27,   727.35,   474.85
348.80,   724.83,   599.80
351.34,   722.31,   724.75
343.23,   852.29,   477.43
345.76,   849.77,   602.38
348.29,   847.25,   727.33
474.25,   605.51,   469.80
476.78,   602.99,   594.75
479.32,   600.47,   719.69
471.21,   730.44,   472.38
473.74,   727.92,   597.33
476.27,   725.41,   722.27
468.16,   855.38,   474.96
470.70,   852.86,   599.91
473.23,   850.34,   724.86
223.21,   600.38,   600.62
224.19,   603.90,   725.57
225.18,   607.43,   850.52
223.44,   725.33,   597.10
224.43,   728.85,   722.05
225.42,   732.38,   846.99
223.68,   850.28,   593.58
224.67,   853.80,   718.52
225.66,   857.33,   843.47
348.20,   600.12,   599.64
349.19,   603.64,   724.59
350.18,   607.16,   849.54
348.44,   725.07,   596.12
349.43,   728.59,   721.07
350.41,   732.11,   846.01
348.68,   850.02,   592.60
349.67,   853.54,   717.54
350.65,   857.06,   842.49
473.20,   599.85,   598.66
474.18,   603.37,   723.61
475.17,   606.89,   848.56
473.44,   724.80,   595.14
474.42,   728.32,   720.09
475.41,   731.84,   845.03
473.67,   849.75,   591.62
474.66,   853.27,   716.56
475.65,   856.79,   841.51
351.28,   99.35,   100.22
355.00,   100.15,   225.16
358.72,   100.95,   350.10
354.36,   224.31,   99.32
358.08,   225.11,   224.26
361.81,   225.91,   349.21
357.45,   349.27,   98.43
361.17,   350.07,   223.37
364.89,   350.87,   348.31
476.19,   96.24,   96.52
479.91,   97.04,   221.46
483.63,   97.84,   346.40
479.27,   221.20,   95.62
482.99,   222.00,   220.56
486.71,   222.80,   345.51
482.35,   346.16,   94.73
486.07,   346.96,   219.67
489.80,   347.76,   344.61
601.09,   93.13,   92.82
604.81,   93.93,   217.76
608.53,   94.74,   342.70
604.18,   218.09,   91.92
607.90,   218.89,   216.86
611.62,   219.69,   341.81
607.26,   343.05,   91.03
610.98,   343.85,   215.97
614.70,   344.65,   340.91
351.03,   101.41,   225.95
350.02,   104.70,   350.91
349.01,   107.99,   475.86
347.77,   226.33,   222.64
346.76,   229.62,   347.59
345.75,   232.91,   472.54
344.51,   351.24,   219.32
343.50,   354.53,   344.28
342.49,   357.82,   469.23
475.99,   104.70,   226.88
474.97,   107.99,   351.83
473.96,   111.28,   476.79
472.73,   229.61,   223.57
471.71,   232.90,   348.52
470.70,   236.19,   473.47
469.47,   354.52,   220.25
468.45,   357.81,   345.20
467.44,   361.11,   470.16
600.94,   107.98,   227.81
599.93,   111.27,   352.76
598.91,   114.56,   477.71
597.68,   232.90,   224.49
596.67,   236.19,   349.45
595.65,   239.48,   474.40
594.42,   357.81,   221.18
593.41,   361.10,   346.13
592.39,   364.39,   471.08
349.62,   101.25,   351.91
347.44,   100.53,   476.89
345.27,   99.80,   601.87
351.59,   226.23,   352.67
349.41,   225.51,   477.65
347.23,   224.78,   602.63
353.56,   351.22,   353.43
351.38,   350.49,   478.41
349.20,   349.76,   603.39
474.59,   99.27,   354.08
472.41,   98.54,   479.05
470.23,   97.82,   604.03
476.55,   224.25,   354.84
474.38,   223.53,   479.81
472.20,   222.80,   604.79
478.52,   349.23,   355.60
476.35,   348.51,   480.57
474.17,   347.78,   605.55
599.55,   97.29,   356.24
597.37,   96.56,   481.22
595.20,   95.84,   606.20
601.52,   222.27,   357.00
599.34,   221.54,   481.98
597.17,   220.82,   606.96
603.49,   347.25,   357.76
601.31,   346.53,   482.74
599.13,   345.80,   607.72
351.80,   99.14,   476.14
353.92,   102.00,   601.09
356.04,   104.87,   726.04
350.01,   224.09,   473.30
352.13,   226.96,   598.25
354.25,   229.82,   723.20
348.22,   349.05,   470.47
350.34,   351.91,   595.42
352.46,   354.78,   720.36
476.77,   100.88,   473.98
478.89,   103.74,   598.93
481.01,   106.61,   723.88
474.98,   225.83,   471.14
477.10,   228.70,   596.09
479.22,   231.56,   721.04
473.19,   350.79,   468.31
475.31,   353.65,   593.26
477.43,   356.52,   718.20
601.73,   102.62,   471.82
603.85,   105.48,   596.77
605.98,   108.35,   721.71
599.95,   227.57,   468.98
602.07,   230.44,   593.93
604.19,   233.31,   718.88
598.16,   352.53,   466.15
600.28,   355.39,   591.09
602.40,   358.26,   716.04
348.66,   101.80,   600.90
348.11,   103.34,   725.88
347.55,   104.87,   850.87
345.90,   226.76,   599.35
345.34,   228.30,   724.34
344.79,   229.83,   849.32
343.14,   351.72,   597.80
342.58,   353.25,   722.79
342.02,   354.79,   847.78
473.63,   104.57,   601.42
473.07,   106.10,   726.41
472.52,   107.64,   851.40
470.87,   229.53,   599.87
470.31,   231.06,   724.86
469.76,   232.60,   849.85
468.11,   354.49,   598.32
467.55,   356.02,   723.31
466.99,   357.56,   848.30
598.60,   107.34,   601.94
598.04,   108.87,   726.93
597.49,   110.41,   851.92
595.84,   232.30,   600.39
595.28,   233.83,   725.38
594.72,   235.37,   850.37
593.07,   357.26,   598.84
592.52,   358.79,   723.83
591.96,   360.33,   848.82
350.50,   223.08,   101.74
351.44,   224.81,   226.73
352.38,   226.55,   351.71
348.60,   348.06,   100.03
349.54,   349.79,   225.01
350.49,   351.52,   350.00
346.71,   473.03,   98.31
347.65,   474.76,   223.29
348.59,   476.49,   348.28
475.48,   224.96,   100.78
476.42,   226.70,   225.76
477.36,   228.43,   350.75
473.59,   349.94,   99.06
474.53,   351.67,   224.04
475.47,   353.40,   349.03
471.69,   474.91,   97.34
472.63,   476.64,   222.33
473.57,   478.37,   347.31
600.46,   226.84,   99.81
601.40,   228.58,   224.79
602.34,   230.31,   349.78
598.57,   351.82,   98.09
599.51,   353.55,   223.08
600.45,   355.28,   348.06
596.67,   476.79,   96.38
597.62,   478.52,   221.36
598.56,   480.25,   346.34
350.98,   224.75,   223.92
353.66,   221.45,   348.85
356.34,   218.15,   473.78
351.45,   349.70,   227.21
354.13,   346.40,   352.14
356.81,   343.11,   477.06
351.93,   474.66,   230.50
354.61,   471.36,   355.42
357.29,   468.06,   480.35
475.95,   224.34,   221.23
478.63,   221.04,   346.16
481.31,   217.74,   471.08
476.42,   349.29,   224.52
479.10,   346.00,   349.45
481.78,   342.70,   474.37
476.90,   474.25,   227.81
479.58,   470.95,   352.73
482.26,   467.66,   477.66
600.92,   223.93,   218.54
603.60,   220.63,   343.47
606.28,   217.34,   468.39
601.39,   348.89,   221.83
604.07,   345.59,   346.75
606.75,   342.29,   471.68
601.87,   473.84,   225.11
604.55,   470.55,   350.04
607.23,   467.25,   474.97
351.58,   226.96,   350.03
353.60,   226.15,   475.01
355.63,   225.33,   599.99
353.20,   351.95,   350.82
355.23,   351.14,   475.80
357.25,   350.32,   600.78
354.82,   476.94,   351.61
356.85,   476.12,   476.59
358.88,   475.31,   601.57
476.55,   225.35,   347.99
478.58,   224.54,   472.98
480.60,   223.72,   597.96
478.17,   350.34,   348.78
480.20,   349.52,   473.76
482.23,   348.71,   598.75
479.80,   475.33,   349.57
481.82,   474.51,   474.55
483.85,   473.70,   599.54
601.52,   223.74,   345.96
603.55,   222.93,   470.94
605.58,   222.11,   595.92
603.15,   348.73,   346.75
605.17,   347.91,   471.73
607.20,   347.10,   596.71
604.77,   473.72,   347.54
606.80,   472.90,   472.52
608.82,   472.08,   597.50
349.78,   223.93,   476.36
352.75,   220.81,   601.28
355.73,   217.68,   726.21
347.51,   348.87,   479.54
350.49,   345.74,   604.46
353.46,   342.62,   729.39
345.25,   473.81,   482.72
348.22,   470.68,   607.64
351.20,   467.56,   732.57
474.72,   226.27,   473.44
477.70,   223.14,   598.37
480.67,   220.02,   723.29
472.46,   351.21,   476.62
475.43,   348.08,   601.54
478.41,   344.96,   726.47
470.19,   476.15,   479.80
473.17,   473.02,   604.72
476.14,   469.90,   729.65
599.67,   228.61,   470.52
602.64,   225.48,   595.45
605.62,   222.36,   720.37
597.40,   353.55,   473.70
600.38,   350.42,   598.63
603.35,   347.30,   723.55
595.14,   478.49,   476.88
598.11,   475.36,   601.81
601.09,   472.24,   726.73
348.79,   223.57,   600.06
349.57,   224.80,   725.05
350.35,   226.03,   850.04
351.05,   348.54,   598.81
351.83,   349.77,   723.81
352.61,   351.00,   848.80
353.30,   473.52,   597.57
354.08,   474.74,   722.56
354.86,   475.97,   847.55
473.77,   221.31,   599.30
474.55,   222.54,   724.29
475.33,   223.77,   849.28
476.02,   346.28,   598.06
476.81,   347.51,   723.05
477.59,   348.74,   848.04
478.28,   471.25,   596.81
479.06,   472.48,   721.80
479.84,   473.71,   846.80
598.75,   219.04,   598.54
599.53,   220.27,   723.53
600.31,   221.50,   848.52
601.00,   344.02,   597.30
601.78,   345.25,   722.29
602.56,   346.48,   847.28
603.26,   468.99,   596.05
604.04,   470.22,   721.05
604.82,   471.45,   846.04
348.36,   350.50,   101.58
350.21,   351.20,   226.56
352.07,   351.89,   351.55
347.43,   475.50,   100.90
349.29,   476.19,   225.88
351.14,   476.89,   350.87
346.50,   600.49,   100.22
348.36,   601.19,   225.20
350.21,   601.88,   350.19
473.34,   351.42,   99.72
475.20,   352.11,   224.70
477.05,   352.81,   349.69
472.41,   476.42,   99.04
474.27,   477.11,   224.02
476.12,   477.80,   349.01
471.48,   601.41,   98.36
473.34,   602.10,   223.34
475.19,   602.80,   348.33
598.32,   352.34,   97.86
600.18,   353.03,   222.84
602.03,   353.73,   347.83
597.40,   477.33,   97.18
599.25,   478.03,   222.16
601.11,   478.72,   347.15
596.47,   602.33,   96.50
598.32,   603.02,   221.48
600.18,   603.72,   346.46
348.07,   349.00,   225.83
350.28,   346.01,   350.77
352.49,   343.01,   475.72
349.29,   473.96,   228.80
351.50,   470.97,   353.75
353.71,   467.97,   478.69
350.51,   598.92,   231.78
352.72,   595.93,   356.72
354.93,   592.93,   481.66
473.04,   347.84,   223.59
475.26,   344.84,   348.53
477.47,   341.85,   473.48
474.26,   472.80,   226.56
476.47,   469.80,   351.51
478.69,   466.81,   476.45
475.48,   597.76,   229.53
477.69,   594.76,   354.48
479.90,   591.76,   479.42
598.02,   346.67,   221.35
600.23,   343.68,   346.29
602.44,   340.68,   471.24
599.24,   471.63,   224.32
601.45,   468.64,   349.27
603.66,   465.64,   474.21
600.46,   596.59,   227.29
602.67,   593.60,   352.24
604.88,   590.60,   477.18
350.55,   349.83,   348.35
349.39,   351.42,   473.33
348.24,   353.01,   598.31
353.63,   474.78,   346.79
352.47,   476.37,   471.77
351.31,   477.96,   596.76
356.71,   599.73,   345.23
355.55,   601.32,   470.21
354.39,   602.91,   595.20
475.51,   346.77,   349.54
474.35,   348.36,   474.53
473.19,   349.94,   599.51
478.59,   471.72,   347.98
477.43,   473.31,   472.97
476.27,   474.90,   597.95
481.66,   596.67,   346.42
480.51,   598.26,   471.41
479.35,   599.85,   596.39
600.46,   343.70,   350.74
599.31,   345.29,   475.72
598.15,   346.88,   600.71
603.54,   468.66,   349.18
602.38,   470.24,   474.16
601.23,   471.83,   599.15
606.62,   593.61,   347.62
605.46,   595.20,   472.60
604.30,   596.79,   597.59
349.38,   348.03,   475.03
350.68,   351.18,   599.98
351.97,   354.33,   724.93
350.06,   472.98,   471.87
351.36,   476.13,   596.82
352.66,   479.28,   721.77
350.75,   597.94,   468.71
352.05,   601.09,   593.66
353.34,   604.24,   718.62
474.37,   347.31,   473.75
475.67,   350.46,   598.70
476.96,   353.61,   723.65
475.06,   472.27,   470.59
476.35,   475.42,   595.54
477.65,   478.57,   720.50
475.74,   597.22,   467.43
477.04,   600.37,   592.39
478.33,   603.52,   717.34
599.36,   346.59,   472.47
600.66,   349.74,   597.42
601.95,   352.89,   722.38
600.05,   471.55,   469.31
601.34,   474.70,   594.26
602.64,   477.85,   719.22
600.73,   596.51,   466.15
602.03,   599.66,   591.11
603.33,   602.81,   716.06
351.70,   349.32,   600.98
350.23,   347.00,   725.95
348.75,   344.68,   850.92
352.78,   474.30,   603.31
351.31,   471.98,   728.28
349.83,   469.66,   853.25
353.86,   599.27,   605.64
352.38,   596.95,   730.61
350.91,   594.63,   855.58
476.69,   348.22,   602.43
475.21,   345.90,   727.40
473.74,   343.58,   852.37
477.77,   473.19,   604.76
476.29,   470.87,   729.73
474.82,   468.55,   854.70
478.84,   598.16,   607.10
477.37,   595.84,   732.07
475.90,   593.52,   857.04
601.67,   347.11,   603.88
600.20,   344.79,   728.85
598.73,   342.47,   853.82
602.75,   472.09,   606.22
601.28,   469.76,   731.19
599.81,   467.44,   856.16
603.83,   597.06,   608.55
602.36,   594.74,   733.52
600.88,   592.42,   858.49
349.00,   473.99,   98.22
350.94,   473.43,   223.20
352.89,   472.86,   348.19
350.27,   598.98,   98.76
352.21,   598.42,   223.75
354.15,   597.86,   348.73
351.53,   723.97,   99.31
353.47,   723.41,   224.29
355.41,   722.85,   349.27
473.98,   472.74,   96.27
475.92,   472.17,   221.26
477.87,   471.61,   346.24
475.24,   597.73,   96.82
477.19,   597.17,   221.80
479.13,   596.60,   346.78
476.51,   722.72,   97.36
478.45,   722.16,   222.34
480.39,   721.59,   347.33
598.96,   471.48,   94.33
600.90,   470.92,   219.31
602.84,   470.36,   344.29
600.22,   596.47,   94.87
602.16,   595.91,   219.85
604.11,   595.35,   344.84
601.49,   721.47,   95.41
603.43,   720.90,   220.40
605.37,   720.34,   345.38
348.42,   473.99,   226.28
348.59,   471.27,   351.25
348.76,   468.54,   476.22
345.17,   598.92,   229.01
345.34,   596.19,   353.98
345.51,   593.47,   478.95
341.92,   723.85,   231.74
342.09,   721.12,   356.71
342.26,   718.40,   481.68
473.37,   477.24,   226.18
473.54,   474.52,   351.15
473.71,   471.79,   476.12
470.12,   602.17,   228.91
470.29,   599.45,   353.88
470.46,   596.72,   478.85
466.87,   727.10,   231.64
467.04,   724.37,   356.61
467.21,   721.65,   481.58
598.33,   480.50,   226.08
598.50,   477.77,   351.05
598.67,   475.05,   476.02
595.08,   605.43,   228.81
595.25,   602.70,   353.78
595.42,   599.97,   478.75
591.83,   730.35,   231.54
592.00,   727.63,   356.51
592.17,   724.90,   481.48
349.40,   476.89,   348.56
350.46,   478.67,   473.54
351.51,   480.44,   598.52
346.34,   601.84,   346.81
347.40,   603.62,   471.79
348.45,   605.39,   596.78
343.28,   726.79,   345.06
344.34,   728.57,   470.05
345.39,   730.34,   595.03
474.36,   479.94,   347.46
475.42,   481.71,   472.44
476.47,   483.48,   597.42
471.30,   604.89,   345.71
472.35,   606.66,   470.69
473.41,   608.43,   595.68
468.24,   729.84,   343.96
469.29,   731.61,   468.95
470.35,   733.39,   593.93
599.32,   482.98,   346.36
600.37,   484.76,   471.34
601.43,   486.53,   596.32
596.26,   607.93,   344.61
597.31,   609.71,   469.59
598.37,   611.48,   594.58
593.20,   732.89,   342.86
594.25,   734.66,   467.85
595.31,   736.43,   592.83
349.06,   473.74,   473.51
347.20,   470.21,   598.44
345.35,   466.67,   723.38
350.60,   598.68,   477.07
348.75,   595.15,   602.01
346.89,   591.61,   726.94
352.14,   723.62,   480.63
350.29,   720.09,   605.57
348.43,   716.55,   730.50
474.04,   472.15,   475.32
472.18,   468.61,   600.26
470.33,   465.08,   725.19
475.58,   597.09,   478.88
473.72,   593.55,   603.82
471.87,   590.02,   728.75
477.12,   722.03,   482.44
475.26,   718.49,   607.38
473.41,   714.96,   732.31
599.01,   470.56,   477.13
597.16,   467.02,   602.07
595.30,   463.48,   727.00
600.55,   595.50,   480.69
598.70,   591.96,   605.63
596.84,   588.42,   730.56
602.10,   720.44,   484.25
600.24,   716.90,   609.19
598.39,   713.36,   734.12
349.84,   473.67,   601.42
347.17,   473.25,   726.39
344.49,   472.82,   851.36
346.54,   598.62,   601.77
343.86,   598.20,   726.74
341.19,   597.78,   851.71
343.23,   723.58,   602.12
340.55,   723.16,   727.09
337.88,   722.74,   852.06
474.77,   476.97,   604.10
472.10,   476.55,   729.07
469.42,   476.12,   854.04
471.46,   601.92,   604.45
468.79,   601.50,   729.42
466.11,   601.08,   854.40
468.15,   726.88,   604.81
465.48,   726.46,   729.78
462.81,   726.04,   854.75
599.70,   480.27,   606.79
597.02,   479.85,   731.76
594.35,   479.42,   856.73
596.39,   605.22,   607.14
593.72,   604.80,   732.11
591.04,   604.38,   857.08
593.08,   730.18,   607.49
590.41,   729.76,   732.46
587.73,   729.34,   857.43
351.64,   600.41,   98.65
352.01,   600.68,   223.65
352.38,   600.96,   348.65
352.03,   725.41,   98.37
352.39,   725.68,   223.37
352.76,   725.96,   348.37
352.41,   850.41,   98.10
352.77,   850.68,   223.10
353.14,   850.96,   348.09
476.64,   600.03,   98.29
477.01,   600.30,   223.28
477.37,   600.58,   348.28
477.02,   725.02,   98.01
477.39,   725.30,   223.01
477.76,   725.58,   348.01
477.41,   850.02,   97.73
477.77,   850.30,   222.73
478.14,   850.58,   347.73
601.64,   599.64,   97.92
602.01,   599.92,   222.92
602.37,   600.20,   347.92
602.02,   724.64,   97.64
602.39,   724.92,   222.64
602.75,   725.19,   347.64
602.40,   849.64,   97.37
602.77,   849.92,   222.37
603.14,   850.19,   347.37
349.34,   598.08,   225.19
349.47,   597.35,   350.19
349.59,   596.62,   475.19
351.10,   723.06,   225.92
351.23,   722.33,   350.92
351.36,   721.61,   475.91
352.86,   848.05,   226.64
352.99,   847.32,   351.64
353.12,   846.59,   476.64
474.32,   596.31,   225.05
474.45,   595.59,   350.05
474.58,   594.86,   475.05
476.09,   721.30,   225.78
476.22,   720.57,   350.78
476.34,   719.85,   475.78
477.85,   846.28,   226.50
477.98,   845.56,   351.50
478.11,   844.83,   476.50
599.31,   594.55,   224.92
599.44,   593.82,   349.91
599.57,   593.10,   474.91
601.07,   719.54,   225.64
601.20,   718.81,   350.64
601.33,   718.08,   475.64
602.84,   844.52,   226.37
602.97,   843.80,   351.36
603.09,   843.07,   476.36
348.79,   598.37,   351.09
351.98,   600.61,   476.03
355.16,   602.85,   600.97
349.89,   723.35,   348.83
353.07,   725.59,   473.77
356.26,   727.82,   598.71
350.99,   848.32,   346.56
354.17,   850.56,   471.50
357.36,   852.80,   596.44
473.74,   597.22,   347.93
476.93,   599.45,   472.87
480.12,   601.69,   597.81
474.84,   722.19,   345.66
478.03,   724.43,   470.60
481.22,   726.67,   595.54
475.94,   847.17,   343.40
479.13,   849.40,   468.34
482.32,   851.64,   593.28
598.70,   596.06,   344.76
601.88,   598.30,   469.70
605.07,   600.53,   594.64
599.80,   721.03,   342.50
602.98,   723.27,   467.44
606.17,   725.51,   592.38
600.90,   846.01,   340.23
604.08,   848.25,   465.17
607.27,   850.48,   590.11
350.89,   598.84,   475.20
350.01,   598.40,   600.19
349.14,   597.97,   725.19
347.43,   723.79,   475.61
346.55,   723.36,   600.60
345.67,   722.92,   725.60
343.96,   848.74,   476.02
343.09,   848.31,   601.01
342.21,   847.87,   726.01
475.84,   602.30,   476.09
474.96,   601.86,   601.08
474.09,   601.43,   726.08
472.37,   727.25,   476.50
471.50,   726.82,   601.49
470.62,   726.38,   726.49
468.91,   852.20,   476.90
468.04,   851.77,   601.90
467.16,   851.33,   726.90
600.79,   605.76,   476.97
599.91,   605.32,   601.97
599.04,   604.89,   726.97
597.32,   730.71,   477.38
596.45,   730.28,   602.38
595.57,   729.84,   727.38
593.86,   855.66,   477.79
592.98,   855.23,   602.79
592.11,   854.79,   727.78
350.74,   600.42,   598.81
350.94,   599.53,   723.80
351.14,   598.64,   848.80
353.65,   725.39,   599.69
353.84,   724.49,   724.69
354.04,   723.60,   849.69
356.55,   850.35,   600.58
356.74,   849.46,   725.58
356.94,   848.57,   850.57
475.71,   597.52,   598.59
475.91,   596.63,   723.59
476.10,   595.74,   848.58
478.61,   722.49,   599.48
478.81,   721.59,   724.47
479.00,   720.70,   849.47
481.51,   847.45,   600.36
481.71,   846.56,   725.36
481.90,   845.67,   850.36
600.68,   594.62,   598.37
600.87,   593.73,   723.37
601.07,   592.84,   848.37
603.58,   719.59,   599.26
603.77,   718.69,   724.26
603.97,   717.80,   849.25
606.48,   844.55,   600.15
606.67,   843.66,   725.14
606.87,   842.77,   850.14
475.84,   101.12,   100.27
474.85,   99.42,   225.26
473.85,   97.71,   350.24
478.85,   226.07,   102.00
477.86,   224.37,   226.98
476.86,   222.67,   351.97
481.87,   351.02,   103.72
480.87,   349.32,   228.71
479.87,   347.62,   353.69
600.80,   98.09,   101.23
599.81,   96.39,   226.21
598.81,   94.69,   351.20
603.81,   223.05,   102.95
602.82,   221.34,   227.94
601.82,   219.64,   352.92
606.82,   348.00,   104.68
605.83,   346.30,   229.66
604.83,   344.59,   354.65
725.76,   95.07,   102.18
724.77,   93.37,   227.17
723.77,   91.67,   352.15
728.77,   220.02,   103.91
727.78,   218.32,   228.89
726.78,   216.62,   353.88
731.78,   344.97,   105.63
730.79,   343.27,   230.62
729.79,   341.57,   355.60
474.97,   101.28,   224.25
475.18,   104.21,   349.22
475.40,   107.13,   474.19
472.54,   226.23,   221.34
472.75,   229.15,   346.30
472.96,   232.07,   471.27
470.10,   351.17,   218.42
470.31,   354.09,   343.39
470.52,   357.01,   468.35
599.95,   103.72,   223.99
600.16,   106.64,   348.95
600.37,   109.56,   473.92
597.51,   228.66,   221.07
597.72,   231.58,   346.03
597.94,   234.50,   471.00
595.07,   353.60,   218.15
595.29,   356.52,   343.12
595.50,   359.44,   468.08
724.92,   106.15,   223.72
725.14,   109.07,   348.68
725.35,   111.99,   473.65
722.49,   231.09,   220.80
722.70,   234.01,   345.76
722.91,   236.93,   470.73
720.05,   356.03,   217.88
720.26,   358.95,   342.85
720.48,   361.87,   467.81
474.84,   98.98,   349.58
478.48,   102.39,   474.48
482.13,   105.79,   599.38
476.71,   223.92,   346.12
480.36,   227.32,   471.02
484.00,   230.73,   595.92
478.59,   348.86,   342.66
482.23,   352.26,   467.56
485.88,   355.67,   592.46
599.77,   97.00,   345.99
603.41,   100.41,   470.89
607.06,   103.82,   595.79
601.64,   221.94,   342.53
605.29,   225.35,   467.43
608.94,   228.75,   592.33
603.52,   346.88,   339.06
607.17,   350.29,   463.96
610.81,   353.69,   588.86
724.70,   95.03,   342.39
728.35,   98.43,   467.29
731.99,   101.84,   592.19
726.58,   219.97,   338.93
730.22,   223.37,   463.83
733.87,   226.78,   588.73
728.45,   344.90,   335.47
732.10,   348.31,   460.37
735.74,   351.72,   585.27
474.69,   99.72,   476.79
472.25,   96.14,   601.72
469.81,   92.56,   726.64
478.39,   224.62,   480.44
475.95,   221.03,   605.37
473.51,   217.45,   730.29
482.08,   349.51,   484.10
479.64,   345.93,   609.02
477.20,   342.35,   733.95
599.61,   95.96,   479.12
597.17,   92.38,   604.05
594.73,   88.80,   728.97
603.31,   220.85,   482.78
600.87,   217.27,   607.70
598.43,   213.69,   732.63
607.00,   345.74,   486.43
604.56,   342.16,   611.35
602.13,   338.58,   736.28
724.53,   92.19,   481.45
722.09,   88.61,   606.38
719.66,   85.03,   731.30
728.23,   217.09,   485.11
725.79,   213.50,   610.03
723.35,   209.92,   734.96
731.93,   341.98,   488.76
729.49,   338.40,   613.68
727.05,   334.82,   738.61
476.74,   101.72,   598.13
477.11,   101.72,   723.13
477.48,   101.72,   848.13
476.52,   226.72,   598.13
476.89,   226.72,   723.13
477.26,   226.72,   848.13
476.30,   351.72,   598.13
476.67,   351.72,   723.13
477.04,   351.72,   848.13
601.74,   101.94,   597.76
602.11,   101.94,   722.76
602.48,   101.94,   847.76
601.52,   226.94,   597.76
601.89,   226.94,   722.76
602.26,   226.94,   847.76
601.30,   351.94,   597.76
601.67,   351.94,   722.76
602.04,   351.94,   847.76
726.74,   102.16,   597.39
727.11,   102.16,   722.39
727.48,   102.16,   847.39
726.52,   227.16,   597.39
726.89,   227.16,   722.39
727.26,   227.16,   847.39
726.30,   352.16,   597.39
726.67,   352.16,   722.39
727.04,   352.16,   847.39
476.31,   224.10,   98.07
473.74,   224.70,   223.04
471.16,   225.30,   348.02
474.84,   349.09,   97.44
472.26,   349.69,   222.41
469.68,   350.29,   347.38
473.36,   474.08,   96.80
470.79,   474.68,   221.78
468.21,   475.28,   346.75
601.28,   225.58,   100.64
598.70,   226.19,   225.61
596.12,   226.79,   350.59
599.80,   350.57,   100.01
597.23,   351.18,   224.98
594.65,   351.78,   349.95
598.33,   475.56,   99.37
595.75,   476.17,   224.35
593.17,   476.77,   349.32
726.24,   227.07,   103.21
723.67,   227.68,   228.18
721.09,   228.28,   353.16
724.77,   352.06,   102.58
722.19,   352.67,   227.55
719.61,   353.27,   352.52
723.29,   477.05,   101.94
720.72,   477.66,   226.92
718.14,   478.26,   351.89
475.88,   223.93,   226.73
477.41,   222.20,   351.71
478.93,   220.47,   476.69
478.50,   348.89,   228.42
480.02,   347.16,   353.40
481.55,   345.44,   478.38
481.11,   473.85,   230.12
482.64,   472.12,   355.10
484.16,   470.40,   480.08
600.85,   221.34,   225.17
602.37,   219.61,   350.15
603.90,   217.88,   475.13
603.46,   346.30,   226.86
604.99,   344.57,   351.84
606.51,   342.84,   476.82
606.07,   471.26,   228.56
607.60,   469.53,   353.54
609.12,   467.80,   478.52
725.81,   218.74,   223.61
727.33,   217.02,   348.59
728.86,   215.29,   473.56
728.42,   343.70,   225.30
729.95,   341.98,   350.28
731.47,   340.25,   475.26
731.04,   468.67,   227.00
732.56,   466.94,   351.98
734.09,   465.21,   476.96
476.81,   224.44,   348.71
473.39,   224.45,   473.66
469.97,   224.47,   598.62
478.09,   349.43,   348.73
474.67,   349.45,   473.68
471.25,   349.46,   598.64
479.37,   474.43,   348.75
475.95,   474.44,   473.70
472.53,   474.46,   598.66
601.76,   223.16,   352.13
598.34,   223.18,   477.08
594.92,   223.19,   602.04
603.04,   348.15,   352.15
599.62,   348.17,   477.10
596.20,   348.18,   602.06
604.31,   473.15,   352.17
600.89,   473.16,   477.12
597.47,   473.18,   602.08
726.71,   221.88,   355.55
723.29,   221.90,   480.50
719.87,   221.91,   605.46
727.98,   346.88,   355.57
724.56,   346.89,   480.52
721.14,   346.91,   605.48
729.26,   471.87,   355.59
725.84,   471.89,   480.54
722.42,   471.90,   605.50
476.71,   226.56,   476.72
473.49,   225.27,   601.67
470.27,   223.99,   726.62
473.27,   351.51,   477.92
470.05,   350.22,   602.87
466.82,   348.93,   727.82
469.82,   476.46,   479.12
466.60,   475.17,   604.07
463.38,   473.88,   729.02
601.62,   229.98,   479.98
598.40,   228.69,   604.93
595.18,   227.40,   729.88
598.18,   354.92,   481.17
594.96,   353.63,   606.13
591.73,   352.35,   731.08
594.73,   479.87,   482.37
591.51,   478.58,   607.33
588.29,   477.29,   732.28
726.54,   233.39,   483.23
723.31,   232.10,   608.18
720.09,   230.81,   733.14
723.09,   358.34,   484.43
719.87,   357.05,   609.38
716.65,   355.76,   734.33
719.64,   483.28,   485.63
716.42,   482.00,   610.58
713.20,   480.71,   735.53
473.71,   226.62,   601.39
474.67,   224.57,   726.36
475.63,   222.51,   851.34
473.55,   351.60,   603.44
474.50,   349.55,   728.42
475.46,   347.49,   853.40
473.38,   476.58,   605.49
474.34,   474.53,   730.47
475.30,   472.48,   855.45
598.71,   226.80,   600.43
599.66,   224.74,   725.41
600.62,   222.69,   850.39
598.54,   351.78,   602.48
599.50,   349.73,   727.46
600.46,   347.67,   852.44
598.38,   476.76,   604.54
599.34,   474.71,   729.52
600.30,   472.66,   854.50
723.70,   226.98,   599.47
724.66,   224.92,   724.45
725.62,   222.87,   849.43
723.54,   351.96,   601.53
724.50,   349.91,   726.51
725.46,   347.85,   851.49
723.37,   476.94,   603.58
724.33,   474.89,   728.56
725.29,   472.84,   853.54
475.58,   350.66,   101.71
477.38,   352.60,   226.68
479.18,   354.54,   351.65
473.78,   475.63,   99.79
475.58,   477.57,   224.76
477.38,   479.52,   349.74
471.98,   600.60,   97.87
473.78,   602.54,   222.85
475.57,   604.49,   347.82
600.56,   352.43,   99.88
602.35,   354.37,   224.86
604.15,   356.32,   349.83
598.76,   477.40,   97.97
600.55,   479.34,   222.94
602.35,   481.29,   347.91
596.95,   602.37,   96.05
598.75,   604.32,   221.02
600.55,   606.26,   345.99
725.53,   354.20,   98.06
727.33,   356.15,   223.03
729.12,   358.09,   348.00
723.73,   479.17,   96.14
725.53,   481.12,   221.11
727.32,   483.06,   346.09
721.93,   604.15,   94.22
723.73,   606.09,   219.20
725.52,   608.03,   344.17
475.54,   351.97,   225.33
472.57,   353.40,   350.28
469.61,   354.84,   475.24
479.04,   476.91,   223.97
476.08,   478.35,   348.93
473.12,   479.79,   473.89
482.55,   601.85,   222.62
479.58,   603.29,   347.58
476.62,   604.73,   472.53
600.45,   348.50,   228.33
597.49,   349.93,   353.29
594.53,   351.37,   478.24
603.96,   473.44,   226.98
600.99,   474.88,   351.93
598.03,   476.31,   476.89
607.46,   598.38,   225.62
604.50,   599.82,   350.58
601.54,   601.26,   475.53
725.37,   345.02,   231.33
722.41,   346.46,   356.29
719.44,   347.90,   481.25
728.87,   469.97,   229.98
725.91,   471.41,   354.93
722.95,   472.84,   479.89
732.38,   594.91,   228.62
729.41,   596.35,   353.58
726.45,   597.79,   478.54
474.91,   350.50,   349.62
471.85,   353.01,   474.55
468.80,   355.53,   599.49
476.83,   475.46,   347.15
473.77,   477.98,   472.08
470.71,   480.49,   597.02
478.74,   600.42,   344.68
475.69,   602.94,   469.62
472.63,   605.45,   594.55
599.86,   348.64,   352.71
596.80,   351.16,   477.65
593.75,   353.67,   602.58
601.77,   473.61,   350.24
598.72,   476.12,   475.18
595.66,   478.64,   600.11
603.69,   598.57,   347.77
600.63,   601.08,   472.71
597.58,   603.60,   597.65
724.81,   346.79,   355.80
721.75,   349.31,   480.74
718.69,   351.82,   605.68
726.72,   471.75,   353.33
723.67,   474.27,   478.27
720.61,   476.78,   603.21
728.64,   596.71,   350.86
725.58,   599.23,   475.80
722.53,   601.74,   600.74
476.66,   348.84,   476.99
473.67,   345.31,   601.90
470.68,   341.79,   726.82
478.06,   473.78,   480.54
475.07,   470.26,   605.46
472.08,   466.73,   730.37
479.47,   598.72,   484.10
476.48,   595.20,   609.02
473.49,   591.67,   733.93
601.62,   347.35,   479.94
598.63,   343.83,   604.85
595.64,   340.30,   729.76
603.02,   472.29,   483.49
600.03,   468.77,   608.41
597.04,   465.24,   733.32
604.42,   597.23,   487.05
601.43,   593.71,   611.97
598.45,   590.19,   736.88
726.57,   345.86,   482.88
723.58,   342.34,   607.80
720.59,   338.81,   732.71
727.98,   470.80,   486.44
724.99,   467.28,   611.36
722.00,   463.76,   736.27
729.38,   595.75,   490.00
726.39,   592.22,   614.92
723.40,   588.70,   739.83
473.36,   349.01,   599.20
476.61,   350.32,   724.15
479.87,   351.63,   849.10
473.31,   474.01,   597.89
476.57,   475.31,   722.84
479.83,   476.62,   847.79
473.27,   599.00,   596.58
476.53,   600.31,   721.53
479.78,   601.62,   846.48
598.31,   349.02,   595.94
601.57,   350.33,   720.89
604.83,   351.64,   845.84
598.27,   474.01,   594.63
601.53,   475.32,   719.59
604.78,   476.63,   844.54
598.23,   599.01,   593.33
601.48,   600.32,   718.28
604.74,   601.63,   843.23
723.27,   349.03,   592.69
726.53,   350.34,   717.64
729.78,   351.65,   842.59
723.23,   474.02,   591.38
726.49,   475.33,   716.33
729.74,   476.64,   841.28
723.19,   599.02,   590.07
726.44,   600.32,   715.02
729.70,   601.63,   839.97
473.74,   475.53,   99.08
477.04,   476.56,   224.03
480.33,   477.58,   348.98
474.01,   600.52,   98.04
477.31,   601.55,   222.99
480.60,   602.58,   347.95
474.28,   725.52,   97.01
477.58,   726.55,   221.96
480.87,   727.57,   346.91
598.70,   475.23,   95.79
601.99,   476.26,   220.74
605.29,   477.29,   345.69
598.97,   600.23,   94.75
602.26,   601.25,   219.70
605.56,   602.28,   344.66
599.24,   725.22,   93.72
602.53,   726.25,   218.67
605.83,   727.28,   343.62
723.66,   474.94,   92.49
726.95,   475.96,   217.45
730.24,   476.99,   342.40
723.93,   599.93,   91.46
727.22,   600.96,   216.41
730.51,   601.99,   341.36
724.20,   724.93,   90.42
727.49,   725.95,   215.38
730.78,   726.98,   340.33
474.90,   473.10,   224.54
478.20,   471.24,   349.48
481.51,   469.39,   474.42
473.96,   598.08,   226.42
477.26,   596.23,   351.36
480.57,   594.37,   476.30
473.02,   723.07,   228.30
476.32,   721.21,   353.24
479.63,   719.35,   478.18
599.85,   474.09,   221.24
603.16,   472.24,   346.19
606.46,   470.38,   471.13
598.91,   599.07,   223.13
602.22,   597.22,   348.07
605.52,   595.36,   473.01
597.97,   724.06,   225.01
601.28,   722.20,   349.95
604.58,   720.34,   474.89
724.80,   475.08,   217.95
728.11,   473.23,   342.90
731.42,   471.37,   467.84
723.86,   600.06,   219.83
727.17,   598.21,   344.78
730.47,   596.35,   469.72
722.92,   725.05,   221.72
726.23,   723.19,   346.66
729.53,   721.33,   471.60
475.58,   474.46,   350.37
475.53,   474.94,   475.37
475.47,   475.42,   600.36
478.78,   599.42,   349.89
478.72,   599.90,   474.89
478.67,   600.38,   599.89
481.97,   724.38,   349.41
481.92,   724.86,   474.41
481.87,   725.34,   599.41
600.54,   471.27,   350.43
600.48,   471.74,   475.43
600.43,   472.22,   600.43
603.73,   596.22,   349.95
603.68,   596.70,   474.95
603.63,   597.18,   599.95
606.93,   721.18,   349.48
606.88,   721.66,   474.48
606.83,   722.14,   599.47
725.50,   468.07,   350.49
725.44,   468.55,   475.49
725.39,   469.02,   600.49
728.69,   593.03,   350.02
728.64,   593.50,   475.02
728.59,   593.98,   600.02
731.89,   717.98,   349.54
731.84,   718.46,   474.54
731.79,   718.94,   599.54
474.86,   473.33,   476.86
475.61,   475.72,   601.84
476.36,   478.11,   726.81
476.27,   598.30,   474.46
477.02,   600.69,   599.44
477.77,   603.07,   724.41
477.68,   723.27,   472.07
478.43,   725.65,   597.04
479.18,   728.04,   722.02
599.85,   471.90,   476.14
600.60,   474.29,   601.11
601.35,   476.68,   726.09
601.26,   596.87,   473.74
602.01,   599.26,   598.72
602.76,   601.65,   723.69
602.67,   721.84,   471.34
603.42,   724.23,   596.32
604.17,   726.62,   721.29
724.84,   470.48,   475.42
725.59,   472.87,   600.39
726.34,   475.26,   725.37
726.25,   595.45,   473.02
727.00,   597.84,   597.99
727.75,   600.22,   722.97
727.66,   720.42,   470.62
728.41,   722.80,   595.60
729.16,   725.19,   720.57
476.58,   473.38,   599.03
476.85,   475.27,   724.02
477.13,   477.16,   849.01
474.29,   598.34,   597.15
474.57,   600.23,   722.13
474.84,   602.12,   847.12
472.01,   723.31,   595.26
472.28,   725.20,   720.25
472.56,   727.09,   845.23
601.55,   475.66,   598.73
601.83,   477.55,   723.71
602.10,   479.44,   848.70
599.27,   600.62,   596.84
599.55,   602.51,   721.83
599.82,   604.40,   846.81
596.99,   725.58,   594.95
597.26,   727.48,   719.94
597.54,   729.37,   844.92
726.53,   477.93,   598.42
726.81,   479.83,   723.40
727.08,   481.72,   848.39
724.25,   602.90,   596.53
724.52,   604.79,   721.52
724.80,   606.68,   846.50
721.97,   727.86,   594.64
722.24,   729.76,   719.63
722.52,   731.65,   844.62
474.84,   598.00,   99.94
475.60,   599.31,   224.94
476.36,   600.62,   349.93
473.78,   722.99,   98.64
474.54,   724.30,   223.63
475.30,   725.60,   348.63
472.73,   847.98,   97.34
473.49,   849.29,   222.33
474.25,   850.59,   347.33
599.83,   599.05,   99.17
600.59,   600.36,   224.16
601.35,   601.66,   349.16
598.78,   724.04,   97.87
599.54,   725.34,   222.86
600.30,   726.65,   347.85
597.72,   849.03,   96.57
598.48,   850.33,   221.56
599.24,   851.64,   346.55
724.82,   600.09,   98.40
725.58,   601.40,   223.39
726.34,   602.71,   348.38
723.77,   725.08,   97.10
724.53,   726.39,   222.09
725.29,   727.70,   347.08
722.72,   850.07,   95.80
723.48,   851.38,   220.79
724.24,   852.69,   345.78
476.93,   600.68,   226.25
475.58,   604.21,   351.19
474.24,   607.74,   476.13
480.46,   725.58,   222.76
479.12,   729.11,   347.70
477.77,   732.64,   472.64
483.99,   850.48,   219.27
482.65,   854.01,   344.21
481.30,   857.54,   469.15
601.87,   597.19,   227.69
600.53,   600.72,   352.64
599.18,   604.25,   477.58
605.40,   722.09,   224.20
604.06,   725.62,   349.14
602.71,   729.15,   474.09
608.94,   846.99,   220.71
607.59,   850.52,   345.65
606.24,   854.05,   470.60
726.82,   593.69,   229.14
725.47,   597.22,   354.08
724.12,   600.75,   479.02
730.35,   718.60,   225.65
729.00,   722.13,   350.59
727.66,   725.66,   475.53
733.88,   843.50,   222.16
732.53,   847.03,   347.10
731.19,   850.56,   472.04
476.39,   601.05,   349.64
477.20,   604.01,   474.60
478.02,   606.98,   599.56
476.37,   726.01,   346.67
477.19,   728.98,   471.64
478.00,   731.94,   596.60
476.35,   850.98,   343.71
477.17,   853.94,   468.67
477.98,   856.91,   593.63
601.39,   601.05,   348.82
602.20,   604.01,   473.79
603.02,   606.98,   598.75
601.37,   726.01,   345.86
602.18,   728.98,   470.82
603.00,   731.94,   595.78
601.35,   850.98,   342.90
602.17,   853.94,   467.86
602.98,   856.91,   592.82
726.38,   601.05,   348.01
727.20,   604.01,   472.97
728.01,   606.97,   597.93
726.37,   726.01,   345.05
727.18,   728.97,   470.01
727.99,   731.94,   594.97
726.35,   850.98,   342.08
727.16,   853.94,   467.04
727.98,   856.90,   592.01
476.91,   600.59,   473.26
474.56,   598.45,   598.22
472.21,   596.31,   723.18
477.53,   725.57,   475.41
475.18,   723.43,   600.37
472.83,   721.29,   725.33
478.15,   850.55,   477.57
475.80,   848.41,   602.53
473.45,   846.27,   727.49
601.88,   599.93,   475.60
599.53,   597.79,   600.56
597.18,   595.65,   725.52
602.50,   724.91,   477.75
600.15,   722.77,   602.71
597.80,   720.63,   727.67
603.12,   849.89,   479.91
600.77,   847.75,   604.87
598.42,   845.61,   729.83
726.86,   599.27,   477.94
724.51,   597.13,   602.90
722.16,   594.99,   727.86
727.48,   724.25,   480.09
725.13,   722.11,   605.05
722.78,   719.97,   730.01
728.10,   849.23,   482.25
725.75,   847.09,   607.20
723.40,   844.95,   732.16
476.24,   598.79,   598.56
475.60,   602.53,   723.51
474.96,   606.27,   848.45
473.77,   723.71,   594.81
473.13,   727.45,   719.76
472.49,   731.19,   844.70
471.30,   848.63,   591.06
470.66,   852.37,   716.01
470.02,   856.11,   840.95
601.22,   601.28,   599.13
600.58,   605.02,   724.07
599.93,   608.76,   849.01
598.74,   726.20,   595.38
598.10,   729.94,   720.32
597.46,   733.68,   845.27
596.27,   851.12,   591.63
595.63,   854.86,   716.57
594.99,   858.59,   841.52
726.19,   603.77,   599.70
725.55,   607.51,   724.64
724.91,   611.25,   849.58
723.72,   728.69,   595.95
723.08,   732.43,   720.89
722.44,   736.16,   845.83
721.25,   853.61,   592.20
720.61,   857.35,   717.14
719.97,   861.08,   842.08
601.23,   100.47,   98.46
602.20,   99.41,   223.45
603.18,   98.36,   348.45
598.49,   225.43,   99.54
599.47,   224.38,   224.53
600.45,   223.32,   349.52
595.76,   350.40,   100.62
596.74,   349.34,   225.61
597.71,   348.29,   350.60
726.19,   103.21,   97.51
727.17,   102.15,   222.50
728.15,   101.10,   347.49
723.46,   228.17,   98.58
724.44,   227.12,   223.58
725.41,   226.06,   348.57
720.73,   353.14,   99.66
721.70,   352.08,   224.65
722.68,   351.03,   349.65
851.16,   105.95,   96.55
852.14,   104.89,   221.55
853.11,   103.84,   346.54
848.43,   230.92,   97.63
849.40,   229.86,   222.62
850.38,   228.80,   347.61
845.69,   355.88,   98.71
846.67,   354.83,   223.70
847.65,   353.77,   348.69
599.97,   99.81,   223.86
597.61,   96.78,   348.80
595.25,   93.75,   473.74
598.61,   224.77,   226.87
596.25,   221.73,   351.81
593.88,   218.70,   476.75
597.25,   349.72,   229.88
594.88,   346.69,   354.82
592.52,   343.66,   479.76
724.94,   101.12,   226.26
722.58,   98.09,   351.20
720.22,   95.05,   476.14
723.58,   226.07,   229.27
721.22,   223.04,   354.21
718.85,   220.01,   479.15
722.22,   351.03,   232.27
719.85,   348.00,   357.21
717.49,   344.96,   482.15
849.91,   102.42,   228.65
847.55,   99.39,   353.59
845.19,   96.36,   478.53
848.55,   227.38,   231.66
846.19,   224.35,   356.60
843.82,   221.32,   481.54
847.19,   352.34,   234.67
844.82,   349.30,   359.61
842.46,   346.27,   484.55
601.37,   99.92,   350.97
601.96,   97.95,   475.95
602.56,   95.98,   600.94
600.26,   224.90,   352.95
600.85,   222.93,   477.93
601.44,   220.96,   602.91
599.14,   349.88,   354.92
599.73,   347.91,   479.90
600.32,   345.94,   604.89
726.37,   101.05,   350.40
726.96,   99.08,   475.38
727.55,   97.11,   600.36
725.25,   226.03,   352.37
725.84,   224.06,   477.36
726.43,   222.09,   602.34
724.14,   351.01,   354.35
724.73,   349.04,   479.33
725.32,   347.07,   604.31
851.36,   102.17,   349.82
851.95,   100.20,   474.81
852.54,   98.23,   599.79
850.24,   227.15,   351.80
850.84,   225.18,   476.78
851.43,   223.21,   601.76
849.13,   352.13,   353.77
849.72,   350.16,   478.76
850.31,   348.19,   603.74
598.90,   101.24,   476.55
599.36,   102.63,   601.54
599.82,   104.03,   726.53
596.52,   226.21,   475.16
596.98,   227.60,   600.15
597.44,   229.00,   725.15
594.14,   351.18,   473.78
594.60,   352.57,   598.77
595.06,   353.97,   723.76
723.87,   103.61,   476.06
724.33,   105.00,   601.05
724.79,   106.40,   726.04
721.49,   228.58,   474.68
721.95,   229.97,   599.67
722.42,   231.37,   724.66
719.12,   353.55,   473.29
719.58,   354.94,   598.28
720.04,   356.34,   723.27
848.85,   105.98,   475.57
849.31,   107.38,   600.57
849.77,   108.77,   725.56
846.47,   230.95,   474.19
846.93,   232.35,   599.18
847.39,   233.74,   724.17
844.09,   355.92,   472.80
844.55,   357.32,   597.79
845.01,   358.71,   722.79
599.76,   101.25,   599.95
597.57,   103.28,   724.91
595.38,   105.31,   849.88
596.43,   226.19,   597.86
594.25,   228.22,   722.83
592.06,   230.25,   847.79
593.11,   351.13,   595.78
590.92,   353.16,   720.74
588.73,   355.19,   845.71
724.70,   104.62,   602.08
722.51,   106.64,   727.05
720.32,   108.67,   852.01
721.37,   229.55,   600.00
719.18,   231.58,   724.96
716.99,   233.61,   849.93
718.05,   354.49,   597.91
715.86,   356.52,   722.88
713.67,   358.55,   847.84
849.63,   107.98,   604.22
847.44,   110.01,   729.18
845.26,   112.03,   854.14
846.31,   232.92,   602.13
844.12,   234.94,   727.09
841.93,   236.97,   852.06
842.98,   357.85,   600.04
840.79,   359.88,   725.01
838.60,   361.91,   849.97
598.85,   224.75,   98.31
599.55,   223.03,   223.30
600.24,   221.30,   348.29
597.86,   349.74,   100.04
598.55,   348.01,   225.03
599.24,   346.29,   350.02
596.87,   474.72,   101.78
597.56,   472.99,   226.76
598.25,   471.27,   351.75
723.85,   225.75,   97.64
724.54,   224.03,   222.62
725.23,   222.30,   347.61
722.86,   350.74,   99.37
723.55,   349.01,   224.35
724.24,   347.29,   349.34
721.87,   475.72,   101.10
722.56,   474.00,   226.08
723.25,   472.27,   351.07
848.84,   226.75,   96.96
849.53,   225.03,   221.95
850.22,   223.30,   346.93
847.85,   351.74,   98.69
848.54,   350.01,   223.68
849.23,   348.29,   348.66
846.86,   476.72,   100.42
847.55,   475.00,   225.41
848.24,   473.27,   350.39
600.03,   225.52,   225.56
600.20,   222.01,   350.51
600.36,   218.50,   475.47
598.20,   350.45,   229.07
598.37,   346.95,   354.02
598.53,   343.44,   478.97
596.37,   475.39,   232.58
596.54,   471.88,   357.53
596.70,   468.38,   482.48
725.02,   227.35,   225.45
725.18,   223.84,   350.40
725.35,   220.33,   475.35
723.19,   352.29,   228.96
723.35,   348.78,   353.91
723.52,   345.27,   478.86
721.36,   477.22,   232.47
721.53,   473.72,   357.42
721.69,   470.21,   482.37
850.00,   229.18,   225.33
850.17,   225.67,   350.29
850.34,   222.17,   475.24
848.18,   354.12,   228.84
848.34,   350.61,   353.80
848.51,   347.10,   478.75
846.35,   479.06,   232.35
846.51,   475.55,   357.30
846.68,   472.04,   482.26
601.67,   223.19,   351.39
603.08,   222.70,   476.38
604.49,   222.20,   601.38
604.31,   348.16,   351.86
605.72,   347.67,   476.85
607.13,   347.17,   601.84
606.95,   473.13,   352.32
608.36,   472.64,   477.31
609.77,   472.15,   602.30
726.63,   220.56,   349.97
728.04,   220.06,   474.96
729.45,   219.57,   599.96
729.27,   345.53,   350.44
730.68,   345.03,   475.43
732.09,   344.54,   600.42
731.91,   470.50,   350.90
733.32,   470.01,   475.89
734.73,   469.51,   600.88
851.60,   217.92,   348.55
853.01,   217.43,   473.54
854.42,   216.94,   598.54
854.24,   342.90,   349.02
855.65,   342.40,   474.01
857.06,   341.91,   599.00
856.88,   467.87,   349.48
858.29,   467.37,   474.47
859.70,   466.88,   599.46
600.06,   223.82,   473.78
600.03,   226.94,   598.74
600.01,   230.05,   723.70
597.52,   348.76,   470.66
597.49,   351.87,   595.62
597.46,   354.99,   720.59
594.97,   473.69,   467.55
594.95,   476.81,   592.51
594.92,   479.92,   717.47
725.03,   226.37,   473.74
725.01,   229.48,   598.70
724.98,   232.60,   723.66
722.49,   351.30,   470.63
722.46,   354.42,   595.59
722.44,   357.53,   720.55
719.95,   476.24,   467.51
719.92,   479.35,   592.47
719.89,   482.47,   717.43
850.01,   228.91,   473.70
849.98,   232.02,   598.66
849.95,   235.14,   723.62
847.46,   353.85,   470.59
847.44,   356.96,   595.55
847.41,   360.07,   720.51
844.92,   478.78,   467.47
844.89,   481.90,   592.44
844.87,   485.01,   717.40
599.71,   226.66,   600.09
602.28,   228.19,   725.05
604.86,   229.71,   850.01
601.72,   351.63,   598.52
604.30,   353.16,   723.48
606.87,   354.69,   848.45
603.73,   476.61,   596.95
606.31,   478.13,   721.91
608.89,   479.66,   846.88
724.66,   224.61,   597.53
727.24,   226.14,   722.50
729.82,   227.67,   847.46
726.68,   349.59,   595.97
729.25,   351.12,   720.93
731.83,   352.64,   845.89
728.69,   474.56,   594.40
731.27,   476.09,   719.36
733.84,   477.62,   844.32
849.62,   222.57,   594.98
852.20,   224.10,   719.95
854.78,   225.62,   844.91
851.63,   347.54,   593.41
854.21,   349.07,   718.38
856.79,   350.60,   843.34
853.65,   472.52,   591.84
856.22,   474.04,   716.81
858.80,   475.57,   841.77
599.45,   348.82,   98.40
598.53,   352.25,   223.35
597.61,   355.67,   348.30
602.89,   473.73,   95.00
601.96,   477.16,   219.95
601.04,   480.58,   344.90
606.32,   598.64,   91.60
605.40,   602.06,   216.55
604.48,   605.49,   341.50
724.40,   345.42,   99.41
723.48,   348.84,   224.36
722.56,   352.26,   349.31
727.84,   470.32,   96.01
726.91,   473.75,   220.96
725.99,   477.17,   345.91
731.27,   595.23,   92.62
730.35,   598.65,   217.57
729.43,   602.08,   342.52
849.35,   342.01,   100.43
848.43,   345.43,   225.38
847.50,   348.86,   350.33
852.79,   466.91,   97.03
851.86,   470.34,   221.98
850.94,   473.76,   346.93
856.22,   591.82,   93.63
855.30,   595.24,   218.58
854.38,   598.67,   343.53
600.92,   351.19,   223.08
603.57,   349.88,   348.05
606.23,   348.58,   473.01
603.93,   476.15,   224.33
606.58,   474.84,   349.29
609.24,   473.54,   474.26
606.94,   601.11,   225.57
609.59,   599.80,   350.53
612.25,   598.49,   475.50
725.85,   348.21,   220.40
728.51,   346.90,   345.37
731.16,   345.60,   470.33
728.86,   473.16,   221.64
731.52,   471.86,   346.61
734.17,   470.55,   471.57
731.87,   598.12,   222.88
734.53,   596.82,   347.85
737.18,   595.51,   472.81
850.79,   345.22,   217.72
853.44,   343.92,   342.68
856.10,   342.61,   467.65
853.80,   470.18,   218.96
856.45,   468.88,   343.92
859.11,   467.57,   468.89
856.81,   595.14,   220.20
859.46,   593.83,   345.16
862.12,   592.53,   470.13
598.05,   350.42,   351.05
596.62,   347.76,   476.01
595.19,   345.09,   600.98
599.21,   475.39,   353.73
597.78,   472.72,   478.69
596.35,   470.06,   603.66
600.37,   600.36,   356.41
598.94,   597.69,   481.37
597.51,   595.02,   606.34
723.04,   349.23,   352.46
721.61,   346.57,   477.42
720.18,   343.90,   602.38
724.20,   474.20,   355.13
722.77,   471.53,   480.10
721.34,   468.87,   605.06
725.36,   599.17,   357.81
723.93,   596.50,   482.78
722.50,   593.84,   607.74
848.02,   348.04,   353.86
846.59,   345.38,   478.82
845.16,   342.71,   603.79
849.18,   473.01,   356.54
847.75,   470.35,   481.50
846.32,   467.68,   606.47
850.34,   597.98,   359.22
848.91,   595.31,   484.18
847.48,   592.65,   609.15
598.96,   350.08,   474.94
600.05,   350.81,   599.93
601.15,   351.53,   724.93
601.86,   475.04,   474.19
602.96,   475.77,   599.18
604.05,   476.50,   724.18
604.76,   600.01,   473.44
605.86,   600.73,   598.43
606.95,   601.46,   723.43
723.92,   347.17,   473.86
725.02,   347.90,   598.85
726.11,   348.62,   723.85
726.82,   472.14,   473.11
727.92,   472.86,   598.10
729.01,   473.59,   723.10
729.72,   597.10,   472.36
730.82,   597.83,   597.35
731.92,   598.55,   722.35
848.88,   344.26,   472.78
849.98,   344.99,   597.78
851.07,   345.72,   722.77
851.78,   469.23,   472.03
852.88,   469.95,   597.02
853.98,   470.68,   722.02
854.68,   594.19,   471.28
855.78,   594.92,   596.27
856.88,   595.64,   721.27
598.20,   349.38,   599.12
594.88,   346.37,   724.04
591.57,   343.35,   848.96
595.27,   474.32,   602.05
591.95,   471.30,   726.97
588.64,   468.29,   851.89
592.34,   599.25,   604.99
589.03,   596.23,   729.91
585.71,   593.22,   854.83
723.12,   352.23,   602.50
719.80,   349.22,   727.42
716.49,   346.20,   852.34
720.19,   477.16,   605.44
716.88,   474.15,   730.36
713.56,   471.13,   855.28
717.26,   602.09,   608.37
713.95,   599.08,   733.29
710.63,   596.07,   858.21
848.04,   355.08,   605.88
844.73,   352.07,   730.80
841.41,   349.05,   855.72
845.11,   480.01,   608.82
841.80,   477.00,   733.74
838.48,   473.98,   858.66
842.18,   604.94,   611.76
838.87,   601.93,   736.68
835.56,   598.91,   861.60
600.37,   476.90,   100.11
599.57,   475.99,   225.10
598.77,   475.08,   350.10
600.28,   601.90,   101.01
599.48,   600.99,   226.01
598.69,   600.08,   351.00
600.20,   726.89,   101.92
599.40,   725.98,   226.92
598.60,   725.08,   351.91
725.36,   476.98,   100.90
724.57,   476.07,   225.90
723.77,   475.16,   350.89
725.28,   601.98,   101.81
724.48,   601.07,   226.81
723.69,   600.16,   351.80
725.19,   726.97,   102.72
724.40,   726.06,   227.71
723.60,   725.15,   352.71
850.36,   477.06,   101.70
849.56,   476.15,   226.69
848.77,   475.24,   351.69
850.28,   602.05,   102.61
849.48,   601.15,   227.60
848.68,   600.24,   352.60
850.19,   727.05,   103.52
849.39,   726.14,   228.51
848.60,   725.23,   353.50
601.03,   473.46,   226.21
599.34,   475.10,   351.19
597.65,   476.74,   476.17
599.19,   598.43,   224.54
597.50,   600.08,   349.52
595.81,   601.72,   474.50
597.34,   723.41,   222.87
595.65,   725.05,   347.85
593.96,   726.70,   472.83
726.01,   475.33,   227.88
724.32,   476.97,   352.85
722.63,   478.62,   477.83
724.16,   600.30,   226.21
722.47,   601.95,   351.19
720.78,   603.59,   476.16
722.31,   725.28,   224.54
720.62,   726.92,   349.52
718.93,   728.57,   474.50
850.98,   477.20,   229.54
849.29,   478.84,   354.52
847.60,   480.49,   479.50
849.14,   602.18,   227.87
847.45,   603.82,   352.85
845.76,   605.46,   477.83
847.29,   727.15,   226.20
845.60,   728.79,   351.18
843.91,   730.44,   476.16
598.79,   476.83,   350.41
599.50,   477.76,   475.40
600.21,   478.69,   600.40
602.14,   601.78,   349.46
602.85,   602.71,   474.45
603.56,   603.64,   599.45
605.49,   726.73,   348.51
606.20,   727.66,   473.50
606.91,   728.60,   598.49
723.74,   473.47,   349.73
724.45,   474.40,   474.72
725.16,   475.34,   599.71
727.09,   598.42,   348.77
727.80,   599.36,   473.77
728.51,   600.29,   598.76
730.45,   723.37,   347.82
731.15,   724.31,   472.82
731.86,   725.24,   597.81
848.70,   470.12,   349.04
849.41,   471.05,   474.04
850.11,   471.98,   599.03
852.05,   595.07,   348.09
852.76,   596.00,   473.09
853.46,   596.93,   598.08
855.40,   720.02,   347.14
856.11,   720.95,   472.13
856.82,   721.88,   597.13
601.43,   474.92,   474.28
601.95,   476.05,   599.28
602.46,   477.18,   724.27
604.66,   599.87,   473.14
605.18,   601.00,   598.13
605.69,   602.14,   723.12
607.89,   724.82,   471.99
608.41,   725.96,   596.98
608.92,   727.09,   721.98
726.39,   471.68,   473.80
726.90,   472.82,   598.79
727.42,   473.95,   723.79
729.62,   596.64,   472.65
730.13,   597.77,   597.65
730.65,   598.90,   722.64
732.85,   721.59,   471.51
733.37,   722.72,   596.50
733.88,   723.86,   721.49
851.35,   468.45,   473.31
851.86,   469.58,   598.31
852.37,   470.71,   723.30
854.58,   593.40,   472.17
855.09,   594.53,   597.16
855.61,   595.67,   722.15
857.81,   718.35,   471.02
858.32,   719.49,   596.01
858.84,   720.62,   721.01
600.56,   476.94,   598.46
598.57,   477.87,   723.44
596.58,   478.81,   848.42
601.99,   601.93,   597.55
599.99,   602.86,   722.53
598.00,   603.80,   847.51
603.41,   726.92,   596.64
601.42,   727.85,   721.62
599.43,   728.79,   846.60
725.54,   475.53,   600.46
723.55,   476.47,   725.44
721.56,   477.40,   850.42
726.96,   600.52,   599.55
724.97,   601.45,   724.53
722.98,   602.39,   849.51
728.39,   725.51,   598.64
726.39,   726.44,   723.62
724.40,   727.38,   848.60
850.51,   474.12,   602.46
848.52,   475.06,   727.44
846.53,   475.99,   852.43
851.94,   599.11,   601.55
849.95,   600.04,   726.53
847.95,   600.98,   851.51
853.36,   724.10,   600.64
851.37,   725.03,   725.62
849.38,   725.97,   850.60
599.52,   601.35,   99.96
600.27,   601.29,   224.96
601.03,   601.23,   349.96
596.85,   726.32,   100.04
597.61,   726.26,   225.03
598.37,   726.20,   350.03
594.19,   851.29,   100.11
594.95,   851.23,   225.11
595.70,   851.17,   350.11
724.49,   604.01,   99.21
725.24,   603.95,   224.20
726.00,   603.89,   349.20
721.82,   728.98,   99.28
722.58,   728.92,   224.28
723.34,   728.86,   349.28
719.16,   853.95,   99.36
719.92,   853.89,   224.36
720.67,   853.83,   349.35
849.46,   606.67,   98.45
850.21,   606.61,   223.45
850.97,   606.55,   348.45
846.79,   731.64,   98.53
847.55,   731.58,   223.53
848.30,   731.52,   348.52
844.13,   856.61,   98.60
844.89,   856.55,   223.60
845.64,   856.49,   348.60
601.45,   600.66,   224.60
602.57,   603.37,   349.57
603.69,   606.08,   474.54
599.23,   725.61,   221.91
600.35,   728.32,   346.88
601.47,   731.03,   471.84
597.01,   850.56,   219.22
598.13,   853.27,   344.19
599.26,   855.98,   469.15
726.42,   602.85,   223.43
727.54,   605.56,   348.40
728.67,   608.27,   473.37
724.20,   727.80,   220.74
725.33,   730.51,   345.71
726.45,   733.22,   470.67
721.99,   852.75,   218.05
723.11,   855.46,   343.02
724.23,   858.17,   467.98
851.40,   605.04,   222.26
852.52,   607.75,   347.23
853.64,   610.46,   472.20
849.18,   729.99,   219.57
850.30,   732.70,   344.54
851.42,   735.42,   469.50
846.96,   854.95,   216.88
848.08,   857.66,   341.85
849.21,   860.37,   466.81
601.43,   600.14,   349.77
598.99,   596.51,   474.70
596.56,   592.87,   599.62
603.75,   725.06,   353.45
601.32,   721.43,   478.37
598.88,   717.80,   603.30
606.07,   849.98,   357.12
603.64,   846.35,   482.05
601.21,   842.72,   606.97
726.38,   597.74,   352.14
723.95,   594.11,   477.06
721.51,   590.48,   601.98
728.71,   722.67,   355.81
726.27,   719.04,   480.74
723.84,   715.41,   605.66
731.03,   847.59,   359.49
728.59,   843.96,   484.41
726.16,   840.33,   609.34
851.34,   595.35,   354.50
848.90,   591.72,   479.43
846.47,   588.09,   604.35
853.66,   720.27,   358.18
851.23,   716.64,   483.10
848.79,   713.01,   608.03
855.98,   845.20,   361.85
853.55,   841.57,   486.78
851.12,   837.94,   611.70
599.94,   599.15,   474.64
599.83,   598.90,   599.64
599.72,   598.66,   724.64
601.23,   724.15,   474.89
601.12,   723.90,   599.89
601.00,   723.65,   724.89
602.52,   849.14,   475.14
602.40,   848.89,   600.14
602.29,   848.64,   725.14
724.93,   597.86,   474.75
724.82,   597.62,   599.75
724.71,   597.37,   724.75
726.22,   722.86,   475.00
726.11,   722.61,   600.00
726.00,   722.36,   725.00
727.51,   847.85,   475.25
727.40,   847.60,   600.25
727.29,   847.35,   725.25
849.93,   596.58,   474.86
849.81,   596.33,   599.86
849.70,   596.08,   724.86
851.21,   721.57,   475.11
851.10,   721.32,   600.11
850.99,   721.07,   725.11
852.50,   846.56,   475.36
852.39,   846.31,   600.36
852.28,   846.06,   725.36
600.71,   600.87,   599.86
601.60,   597.67,   724.82
602.49,   594.48,   849.77
602.54,   725.82,   603.04
603.43,   722.62,   728.00
604.32,   719.42,   852.96
604.38,   850.76,   606.23
605.27,   847.57,   731.18
606.16,   844.37,   856.14
725.69,   599.06,   598.92
726.58,   595.86,   723.88
727.47,   592.67,   848.84
727.53,   724.00,   602.11
728.42,   720.81,   727.06
729.31,   717.61,   852.02
729.36,   848.95,   605.29
730.25,   845.75,   730.25
731.14,   842.56,   855.20
850.68,   597.25,   597.99
851.57,   594.05,   722.94
852.46,   590.86,   847.90
852.51,   722.19,   601.17
853.40,   719.00,   726.13
854.29,   715.80,   851.08
854.34,   847.14,   604.35
855.23,   843.94,   729.31
856.13,   840.75,   854.26
