27, 125, pa2-debug-a-output-1.txt
201.41,   202.37,   203.72
401.06,   396.59,   195.76
99.30,   100.25,   101.10
101.62,   96.85,   226.03
103.94,   93.45,   350.96
99.21,   225.20,   104.50
101.53,   221.80,   229.43
103.85,   218.40,   354.36
99.12,   350.16,   107.90
101.44,   346.76,   232.84
103.76,   343.35,   357.77
224.28,   100.40,   98.78
226.60,   97.00,   223.71
228.92,   93.60,   348.64
224.19,   225.36,   102.18
226.51,   221.96,   227.11
228.83,   218.55,   352.05
224.10,   350.31,   105.59
226.42,   346.91,   230.52
228.74,   343.51,   355.45
349.26,   100.56,   96.46
351.58,   97.15,   221.39
353.90,   93.75,   346.32
349.17,   225.51,   99.86
351.49,   222.11,   224.80
353.81,   218.71,   349.73
349.08,   350.46,   103.27
351.40,   347.06,   228.20
353.72,   343.66,   353.13
101.47,   100.26,   223.04
102.06,   103.74,   347.99
102.64,   107.21,   472.94
105.14,   225.16,   219.54
105.73,   228.63,   344.49
106.31,   232.11,   469.45
108.81,   350.05,   216.05
109.40,   353.53,   341.00
109.98,   357.01,   465.95
226.41,   96.57,   222.56
227.00,   100.05,   347.51
227.58,   103.53,   472.46
230.08,   221.47,   219.06
230.67,   224.95,   344.01
231.26,   228.42,   468.96
233.76,   346.37,   215.57
234.34,   349.84,   340.52
234.93,   353.32,   465.47
351.36,   92.89,   222.07
351.94,   96.37,   347.02
352.53,   99.84,   471.97
355.03,   217.79,   218.58
355.61,   221.26,   343.53
356.20,   224.74,   468.48
358.70,   342.68,   215.09
359.28,   346.16,   340.04
359.87,   349.64,   464.99
98.46,   100.27,   351.37
98.62,   103.84,   476.32
98.79,   107.40,   601.27
95.96,   225.20,   347.81
96.12,   228.76,   472.76
96.29,   232.33,   597.71
93.45,   350.12,   344.25
93.62,   353.69,   469.20
93.78,   357.25,   594.15
223.43,   102.77,   351.13
223.60,   106.34,   476.08
223.76,   109.90,   601.03
220.93,   227.70,   347.57
221.10,   231.26,   472.52
221.26,   234.82,   597.47
218.43,   352.62,   344.02
218.59,   356.19,   468.96
218.76,   359.75,   593.91
348.41,   105.27,   350.90
348.57,   108.84,   475.85
348.74,   112.40,   600.80
345.90,   230.20,   347.34
346.07,   233.76,   472.29
346.23,   237.32,   597.24
343.40,   355.12,   343.78
343.57,   358.68,   468.73
343.73,   362.25,   593.68
98.20,   101.04,   475.77
99.38,   98.82,   600.75
100.55,   96.59,   725.72
94.78,   225.98,   478.03
95.96,   223.75,   603.00
97.14,   221.52,   727.98
91.37,   350.91,   480.28
92.54,   348.68,   605.26
93.72,   346.46,   730.23
223.15,   104.48,   474.65
224.32,   102.25,   599.63
225.50,   100.03,   724.60
219.73,   229.41,   476.91
220.91,   227.19,   601.89
222.09,   224.96,   726.86
216.31,   354.34,   479.17
217.49,   352.12,   604.14
218.67,   349.89,   729.12
348.09,   107.91,   473.54
349.27,   105.69,   598.51
350.45,   103.46,   723.49
344.68,   232.85,   475.80
345.86,   230.62,   600.77
347.03,   228.40,   725.74
341.26,   357.78,   478.05
342.44,   355.56,   603.03
343.62,   353.33,   728.00
100.97,   98.78,   599.23
104.48,   100.60,   724.17
108.00,   102.42,   849.10
102.03,   223.77,   597.38
105.54,   225.59,   722.32
109.05,   227.40,   847.25
103.08,   348.75,   595.53
106.59,   350.57,   720.47
110.11,   352.39,   845.40
225.92,   97.68,   595.73
229.43,   99.50,   720.67
232.94,   101.32,   845.61
226.97,   222.66,   593.88
230.49,   224.48,   718.82
234.00,   226.30,   843.76
228.03,   347.64,   592.03
231.54,   349.46,   716.97
235.05,   351.28,   841.91
350.86,   96.57,   592.23
354.38,   98.39,   717.17
357.89,   100.21,   842.11
351.92,   221.55,   590.38
355.43,   223.37,   715.32
358.94,   225.19,   840.26
352.97,   346.54,   588.53
356.49,   348.35,   713.47
360.00,   350.17,   838.41
99.97,   224.84,   100.10
100.33,   224.87,   225.10
100.69,   224.90,   350.10
103.42,   349.79,   100.06
103.78,   349.82,   225.06
104.13,   349.85,   350.06
106.87,   474.74,   100.02
107.22,   474.78,   225.02
107.58,   474.81,   350.02
224.93,   221.39,   99.75
225.28,   221.42,   224.75
225.64,   221.45,   349.75
228.37,   346.35,   99.71
228.73,   346.38,   224.70
229.08,   346.41,   349.70
231.82,   471.30,   99.66
232.17,   471.33,   224.66
232.53,   471.36,   349.66
349.88,   217.95,   99.39
350.23,   217.98,   224.39
350.59,   218.01,   349.39
353.32,   342.90,   99.35
353.68,   342.93,   224.35
354.04,   342.96,   349.35
356.77,   467.85,   99.31
357.13,   467.88,   224.31
357.48,   467.91,   349.31
101.99,   225.76,   225.45
101.85,   228.82,   350.41
101.71,   231.87,   475.38
103.85,   350.71,   222.40
103.71,   353.76,   347.36
103.57,   356.82,   472.32
105.70,   475.66,   219.34
105.56,   478.71,   344.31
105.42,   481.77,   469.27
226.98,   223.91,   225.64
226.84,   226.97,   350.60
226.70,   230.02,   475.56
228.83,   348.86,   222.58
228.69,   351.91,   347.55
228.55,   354.97,   472.51
230.69,   473.81,   219.53
230.55,   476.86,   344.49
230.41,   479.92,   469.45
351.97,   222.06,   225.82
351.83,   225.12,   350.78
351.69,   228.17,   475.75
353.82,   347.01,   222.77
353.68,   350.07,   347.73
353.54,   353.12,   472.69
355.67,   471.96,   219.71
355.53,   475.01,   344.68
355.39,   478.07,   469.64
99.75,   223.15,   348.58
102.19,   220.61,   473.53
104.62,   218.07,   598.48
96.45,   348.08,   351.19
98.89,   345.54,   476.14
101.32,   343.00,   601.09
93.16,   473.01,   353.79
95.59,   470.47,   478.74
98.02,   467.93,   603.69
224.69,   226.50,   346.22
227.12,   223.96,   471.17
229.55,   221.42,   596.12
221.39,   351.43,   348.82
223.82,   348.89,   473.77
226.26,   346.35,   598.72
218.09,   476.36,   351.42
220.52,   473.82,   476.37
222.96,   471.28,   601.32
349.62,   229.85,   343.85
352.05,   227.31,   468.80
354.49,   224.77,   593.75
346.32,   354.78,   346.45
348.75,   352.24,   471.41
351.19,   349.70,   596.36
343.02,   479.71,   349.06
345.45,   477.17,   474.01
347.89,   474.63,   598.96
100.38,   225.23,   474.34
100.55,   222.03,   599.30
100.73,   218.82,   724.25
100.79,   350.19,   477.54
100.96,   346.98,   602.50
101.13,   343.78,   727.46
101.19,   475.15,   480.75
101.36,   471.94,   605.71
101.54,   468.73,   730.67
225.38,   224.83,   474.15
225.55,   221.62,   599.11
225.73,   218.42,   724.07
225.79,   349.79,   477.36
225.96,   346.58,   602.32
226.13,   343.38,   727.28
226.19,   474.75,   480.57
226.36,   471.54,   605.53
226.54,   468.33,   730.48
350.38,   224.43,   473.97
350.55,   221.22,   598.93
350.73,   218.02,   723.89
350.78,   349.39,   477.18
350.96,   346.18,   602.13
351.13,   342.97,   727.09
351.19,   474.35,   480.38
351.36,   471.14,   605.34
351.54,   467.93,   730.30
98.81,   224.04,   598.84
96.23,   223.36,   723.82
93.66,   222.69,   848.79
95.83,   349.01,   599.46
93.25,   348.33,   724.43
90.67,   347.65,   849.40
92.85,   473.97,   600.08
90.27,   473.29,   725.05
87.69,   472.61,   850.02
223.75,   227.01,   601.44
221.17,   226.33,   726.41
218.59,   225.66,   851.38
220.77,   351.98,   602.06
218.19,   351.30,   727.03
215.61,   350.62,   852.00
217.78,   476.94,   602.67
215.21,   476.26,   727.64
212.63,   475.58,   852.62
348.69,   229.98,   604.03
346.11,   229.30,   729.01
343.53,   228.63,   853.98
345.71,   354.95,   604.65
343.13,   354.27,   729.62
340.55,   353.59,   854.59
342.72,   479.91,   605.27
340.14,   479.23,   730.24
337.56,   478.55,   855.21
101.54,   351.79,   99.40
101.02,   350.76,   224.39
100.50,   349.73,   349.39
99.05,   476.76,   100.42
98.53,   475.73,   225.41
98.01,   474.70,   350.41
96.56,   601.73,   101.44
96.04,   600.70,   226.43
95.52,   599.67,   351.43
226.51,   354.27,   99.94
225.99,   353.24,   224.93
225.47,   352.21,   349.93
224.03,   479.24,   100.96
223.50,   478.21,   225.95
222.98,   477.18,   350.95
221.54,   604.22,   101.98
221.02,   603.18,   226.98
220.50,   602.15,   351.97
351.49,   356.76,   100.48
350.97,   355.73,   225.47
350.45,   354.69,   350.47
349.00,   481.73,   101.50
348.48,   480.70,   226.49
347.96,   479.66,   351.49
346.51,   606.70,   102.52
345.99,   605.67,   227.52
345.47,   604.64,   352.51
99.31,   349.44,   226.38
97.63,   352.83,   351.33
95.96,   356.21,   476.27
101.95,   474.37,   223.03
100.27,   477.76,   347.98
98.60,   481.14,   472.92
104.58,   599.30,   219.69
102.91,   602.68,   344.63
101.24,   606.07,   469.57
224.27,   346.85,   228.13
222.60,   350.24,   353.07
220.92,   353.62,   478.01
226.91,   471.78,   224.78
225.23,   475.16,   349.72
223.56,   478.55,   474.66
229.55,   596.71,   221.43
227.87,   600.09,   346.37
226.20,   603.47,   471.32
349.23,   344.26,   229.87
347.56,   347.64,   354.81
345.88,   351.03,   479.76
351.87,   469.19,   226.52
350.19,   472.57,   351.47
348.52,   475.95,   476.41
354.51,   594.11,   223.17
352.83,   597.50,   348.12
351.16,   600.88,   473.06
100.40,   348.46,   349.95
99.13,   345.75,   474.92
97.85,   343.04,   599.88
99.96,   473.43,   352.66
98.68,   470.72,   477.62
97.40,   468.01,   602.58
99.51,   598.40,   355.36
98.23,   595.69,   480.33
96.96,   592.98,   605.29
225.40,   348.88,   351.24
224.12,   346.17,   476.20
222.84,   343.46,   601.16
224.95,   473.85,   353.94
223.67,   471.14,   478.91
222.40,   468.43,   603.87
224.50,   598.82,   356.65
223.22,   596.11,   481.61
221.95,   593.40,   606.57
350.39,   349.30,   352.52
349.11,   346.59,   477.48
347.84,   343.88,   602.45
349.94,   474.27,   355.23
348.67,   471.56,   480.19
347.39,   468.85,   605.15
349.49,   599.24,   357.93
348.22,   596.53,   482.89
346.94,   593.82,   607.86
101.31,   348.03,   476.66
97.84,   345.53,   601.59
94.36,   343.03,   726.52
103.69,   472.98,   479.23
100.22,   470.48,   604.15
96.74,   467.98,   729.08
106.07,   597.93,   481.79
102.60,   595.43,   606.72
99.12,   592.93,   731.65
226.24,   345.58,   480.09
222.76,   343.08,   605.01
219.29,   340.58,   729.94
228.62,   470.53,   482.65
225.15,   468.03,   607.58
221.67,   465.53,   732.51
231.00,   595.48,   485.22
227.53,   592.98,   610.15
224.05,   590.48,   735.07
351.17,   343.13,   483.51
347.69,   340.63,   608.44
344.22,   338.13,   733.37
353.55,   468.08,   486.08
350.07,   465.58,   611.01
346.60,   463.08,   735.93
355.93,   593.03,   488.64
352.45,   590.53,   613.57
348.98,   588.03,   738.50
99.69,   350.48,   599.86
97.91,   352.58,   724.83
96.13,   354.68,   849.80
100.32,   475.46,   597.77
98.54,   477.56,   722.74
96.76,   479.66,   847.71
100.95,   600.44,   595.68
99.17,   602.54,   720.65
97.39,   604.64,   845.62
224.67,   349.88,   601.65
222.89,   351.98,   726.62
221.12,   354.08,   851.59
225.30,   474.86,   599.56
223.52,   476.96,   724.53
221.75,   479.06,   849.50
225.93,   599.84,   597.47
224.15,   601.94,   722.44
222.38,   604.04,   847.41
349.66,   349.28,   603.44
347.88,   351.38,   728.41
346.10,   353.48,   853.38
350.29,   474.26,   601.35
348.51,   476.36,   726.32
346.73,   478.46,   851.29
350.92,   599.24,   599.25
349.14,   601.34,   724.22
347.36,   603.44,   849.19
101.91,   474.13,   100.18
98.27,   476.21,   225.11
94.63,   478.28,   350.04
103.89,   599.10,   98.16
100.25,   601.17,   223.09
96.61,   603.25,   348.02
105.88,   724.07,   96.14
102.24,   726.14,   221.07
98.60,   728.22,   346.00
226.84,   472.21,   103.85
223.20,   474.28,   228.78
219.56,   476.36,   353.71
228.82,   597.17,   101.83
225.18,   599.25,   226.76
221.55,   601.33,   351.69
230.81,   722.14,   99.81
227.17,   724.22,   224.74
223.53,   726.29,   349.67
351.77,   470.28,   107.52
348.13,   472.36,   232.45
344.49,   474.43,   357.38
353.75,   595.25,   105.50
350.12,   597.33,   230.43
346.48,   599.40,   355.36
355.74,   720.22,   103.48
352.10,   722.29,   228.41
348.46,   724.37,   353.34
99.15,   475.37,   223.08
101.51,   473.50,   348.04
103.88,   471.62,   473.00
96.42,   600.33,   225.01
98.78,   598.45,   349.97
101.15,   596.57,   474.94
93.68,   725.29,   226.94
96.05,   723.41,   351.90
98.42,   721.53,   476.87
224.10,   478.14,   220.75
226.46,   476.26,   345.72
228.83,   474.38,   470.68
221.36,   603.10,   222.68
223.73,   601.22,   347.65
226.10,   599.34,   472.61
218.63,   728.05,   224.61
221.00,   726.17,   349.58
223.36,   724.30,   474.54
349.04,   480.91,   218.43
351.41,   479.03,   343.39
353.78,   477.15,   468.36
346.31,   605.86,   220.36
348.68,   603.99,   345.32
351.04,   602.11,   470.29
343.58,   730.82,   222.29
345.95,   728.94,   347.25
348.31,   727.06,   472.22
99.46,   474.62,   350.56
100.34,   470.94,   475.50
101.21,   467.25,   600.45
98.62,   599.57,   354.25
99.49,   595.88,   479.19
100.37,   592.20,   604.14
97.77,   724.51,   357.94
98.64,   720.82,   482.89
99.52,   717.14,   607.83
224.46,   475.49,   349.71
225.33,   471.81,   474.65
226.21,   468.13,   599.60
223.61,   600.44,   353.40
224.49,   596.75,   478.35
225.36,   593.07,   603.29
222.76,   725.38,   357.09
223.64,   721.70,   482.04
224.51,   718.01,   606.98
349.45,   476.37,   348.86
350.33,   472.68,   473.80
351.20,   469.00,   598.75
348.60,   601.31,   352.55
349.48,   597.62,   477.50
350.35,   593.94,   602.44
347.76,   726.25,   356.24
348.63,   722.57,   481.19
349.51,   718.88,   606.13
100.02,   476.96,   475.27
97.33,   475.14,   600.22
94.63,   473.31,   725.18
102.70,   601.92,   477.15
100.00,   600.09,   602.10
97.30,   598.27,   727.06
105.37,   726.87,   479.03
102.67,   725.05,   603.99
99.97,   723.23,   728.94
224.97,   474.25,   477.92
222.27,   472.43,   602.88
219.57,   470.60,   727.84
227.64,   599.20,   479.80
224.94,   597.38,   604.76
222.24,   595.56,   729.72
230.31,   724.16,   481.68
227.61,   722.34,   606.64
224.91,   720.52,   731.60
349.91,   471.54,   480.58
347.21,   469.71,   605.54
344.51,   467.89,   730.50
352.58,   596.49,   482.46
349.88,   594.67,   607.42
347.18,   592.85,   732.38
355.25,   721.45,   484.34
352.55,   719.63,   609.30
349.86,   717.81,   734.26
101.54,   473.22,   600.60
97.90,   475.16,   725.54
94.26,   477.09,   850.47
100.19,   598.20,   598.63
96.56,   600.13,   723.56
92.92,   602.07,   848.49
98.85,   723.17,   596.65
95.21,   725.11,   721.58
91.57,   727.05,   846.52
226.48,   474.62,   604.22
222.84,   476.56,   729.15
219.20,   478.49,   854.09
225.13,   599.60,   602.25
221.50,   601.53,   727.18
217.86,   603.47,   852.11
223.79,   724.58,   600.27
220.15,   726.51,   725.20
216.51,   728.45,   850.13
351.42,   476.02,   607.84
347.78,   477.96,   732.77
344.14,   479.90,   857.70
350.07,   601.00,   605.86
346.43,   602.94,   730.80
342.80,   604.87,   855.73
348.73,   725.98,   603.89
345.09,   727.91,   728.82
341.45,   729.85,   853.75
100.72,   598.95,   98.67
96.97,   601.41,   223.59
93.22,   603.87,   348.51
97.59,   723.89,   96.12
93.84,   726.34,   221.04
90.09,   728.80,   345.96
94.46,   848.82,   93.57
90.71,   851.28,   218.49
86.96,   853.74,   343.41
225.63,   602.16,   102.36
221.88,   604.61,   227.28
218.13,   607.07,   352.20
222.49,   727.09,   99.81
218.75,   729.55,   224.72
215.00,   732.01,   349.64
219.36,   852.03,   97.25
215.61,   854.48,   222.17
211.86,   856.94,   347.09
350.53,   605.36,   106.04
346.78,   607.82,   230.96
343.03,   610.28,   355.88
347.40,   730.30,   103.49
343.65,   732.75,   228.41
339.90,   735.21,   353.33
344.27,   855.23,   100.94
340.52,   857.69,   225.86
336.77,   860.15,   350.78
99.64,   599.98,   223.65
101.08,   598.13,   348.63
102.52,   596.28,   473.61
97.13,   724.94,   225.53
98.56,   723.09,   350.51
100.00,   721.24,   475.49
94.61,   849.90,   227.41
96.05,   848.05,   352.39
97.49,   846.20,   477.37
224.61,   602.52,   222.25
226.05,   600.66,   347.23
227.48,   598.81,   472.21
222.09,   727.48,   224.13
223.53,   725.62,   349.11
224.97,   723.77,   474.09
219.58,   852.44,   226.01
221.02,   850.59,   350.99
222.46,   848.73,   475.97
349.57,   605.05,   220.85
351.01,   603.20,   345.83
352.45,   601.35,   470.81
347.06,   730.01,   222.73
348.50,   728.16,   347.71
349.94,   726.31,   472.69
344.55,   854.97,   224.61
345.98,   853.12,   349.59
347.42,   851.27,   474.57
101.76,   600.50,   349.50
105.13,   602.30,   474.44
108.51,   604.10,   599.38
105.22,   725.44,   347.60
108.60,   727.24,   472.54
111.97,   729.03,   597.49
108.69,   850.37,   345.71
112.06,   852.17,   470.65
115.44,   853.97,   595.59
226.67,   596.98,   346.17
230.04,   598.78,   471.11
233.42,   600.58,   596.06
230.13,   721.92,   344.28
233.50,   723.72,   469.22
236.88,   725.52,   594.16
233.59,   846.86,   342.39
236.97,   848.66,   467.33
240.34,   850.46,   592.27
351.57,   593.47,   342.85
354.95,   595.27,   467.79
358.32,   597.07,   592.73
355.04,   718.41,   340.96
358.41,   720.21,   465.90
361.79,   722.01,   590.84
358.50,   843.35,   339.06
361.88,   845.14,   464.00
365.25,   846.94,   588.95
99.56,   599.86,   474.89
96.74,   598.11,   599.84
93.92,   596.35,   724.80
100.94,   724.84,   476.67
98.12,   723.08,   601.63
95.31,   721.33,   726.58
102.33,   849.82,   478.46
99.51,   848.06,   603.41
96.69,   846.31,   728.37
224.52,   598.43,   477.69
221.70,   596.68,   602.64
218.88,   594.93,   727.60
225.90,   723.41,   479.47
223.08,   721.66,   604.43
220.27,   719.91,   729.38
227.29,   848.39,   481.26
224.47,   846.64,   606.21
221.65,   844.89,   731.17
349.48,   597.01,   480.48
346.66,   595.26,   605.44
343.84,   593.50,   730.40
350.86,   721.99,   482.27
348.05,   720.24,   607.23
345.23,   718.48,   732.18
352.25,   846.97,   484.06
349.43,   845.21,   609.01
346.61,   843.46,   733.97
101.94,   600.62,   599.68
105.61,   597.18,   724.58
109.28,   593.73,   849.48
101.77,   725.57,   603.13
105.44,   722.13,   728.03
109.11,   718.68,   852.93
101.60,   850.52,   606.58
105.27,   847.08,   731.48
108.94,   843.64,   856.38
226.89,   600.89,   596.02
230.56,   597.45,   720.92
234.22,   594.00,   845.82
226.72,   725.84,   599.47
230.39,   722.40,   724.37
234.05,   718.96,   849.27
226.55,   850.79,   602.92
230.22,   847.35,   727.82
233.88,   843.91,   852.72
351.84,   601.16,   592.36
355.50,   597.72,   717.26
359.17,   594.27,   842.16
351.67,   726.11,   595.81
355.33,   722.67,   720.71
359.00,   719.23,   845.61
351.50,   851.07,   599.26
355.16,   847.62,   724.16
358.83,   844.18,   849.06
226.87,   99.06,   98.97
224.11,   100.24,   223.94
221.34,   101.41,   348.90
223.22,   224.00,   97.72
220.46,   225.18,   222.68
217.69,   226.35,   347.65
219.58,   348.94,   96.46
216.81,   350.12,   221.43
214.05,   351.29,   346.39
351.79,   102.74,   101.70
349.02,   103.91,   226.67
346.26,   105.08,   351.63
348.14,   227.68,   100.45
345.38,   228.85,   225.41
342.61,   230.02,   350.38
344.49,   352.62,   99.19
341.73,   353.79,   224.16
338.96,   354.96,   349.12
476.70,   106.41,   104.43
473.94,   107.58,   229.39
471.17,   108.76,   354.36
473.06,   231.35,   103.18
470.29,   232.52,   228.14
467.53,   233.70,   353.10
469.41,   356.29,   101.92
466.64,   357.46,   226.89
463.88,   358.64,   351.85
223.79,   100.15,   226.64
221.75,   102.40,   351.60
219.71,   104.65,   476.56
221.97,   225.11,   224.35
219.93,   227.36,   349.32
217.88,   229.62,   474.28
220.15,   350.08,   222.07
218.11,   352.33,   347.04
216.06,   354.58,   472.00
348.76,   102.01,   228.65
346.72,   104.26,   353.61
344.68,   106.51,   478.57
346.94,   226.97,   226.36
344.90,   229.22,   351.33
342.85,   231.48,   476.29
345.12,   351.94,   224.08
343.08,   354.19,   349.05
341.03,   356.44,   474.01
473.73,   103.86,   230.66
471.69,   106.12,   355.62
469.65,   108.37,   480.58
471.91,   228.83,   228.37
469.87,   231.08,   353.34
467.82,   233.33,   478.30
470.09,   353.80,   226.09
468.05,   356.05,   351.06
466.00,   358.30,   476.02
223.96,   100.36,   349.72
224.15,   99.47,   474.72
224.34,   98.58,   599.71
226.82,   225.32,   350.60
227.01,   224.43,   475.60
227.20,   223.55,   600.60
229.67,   350.29,   351.49
229.86,   349.40,   476.48
230.05,   348.51,   601.48
348.93,   97.51,   349.51
349.12,   96.62,   474.51
349.31,   95.73,   599.50
351.78,   222.47,   350.39
351.97,   221.58,   475.39
352.16,   220.69,   600.39
354.64,   347.43,   351.28
354.83,   346.55,   476.27
355.02,   345.66,   601.27
473.90,   94.65,   349.30
474.09,   93.77,   474.29
474.28,   92.88,   599.29
476.75,   219.62,   350.18
476.94,   218.73,   475.18
477.13,   217.84,   600.17
479.60,   344.58,   351.06
479.79,   343.70,   476.06
479.98,   342.81,   601.06
223.31,   99.98,   473.77
220.07,   96.47,   598.68
216.82,   92.96,   723.58
224.82,   224.92,   477.31
221.57,   221.41,   602.22
218.33,   217.90,   727.13
226.32,   349.86,   480.86
223.08,   346.35,   605.77
219.84,   342.85,   730.68
348.26,   98.38,   476.97
345.01,   94.87,   601.88
341.77,   91.37,   726.78
349.77,   223.32,   480.51
346.52,   219.81,   605.42
343.28,   216.31,   730.33
351.27,   348.26,   484.06
348.03,   344.75,   608.97
344.78,   341.25,   733.88
473.21,   96.78,   480.17
469.96,   93.28,   605.08
466.72,   89.77,   729.98
474.71,   221.72,   483.71
471.47,   218.22,   608.62
468.23,   214.71,   733.53
476.22,   346.66,   487.26
472.98,   343.16,   612.17
469.73,   339.65,   737.08
223.29,   98.61,   598.92
221.70,   95.87,   723.88
220.10,   93.12,   848.84
222.89,   223.58,   601.66
221.30,   220.84,   726.62
219.70,   218.09,   851.58
222.49,   348.55,   604.40
220.90,   345.80,   729.36
219.30,   343.06,   854.32
348.28,   98.98,   600.53
346.69,   96.23,   725.48
345.09,   93.49,   850.44
347.88,   223.94,   603.27
346.28,   221.20,   728.22
344.69,   218.46,   853.18
347.48,   348.91,   606.01
345.88,   346.17,   730.97
344.29,   343.42,   855.92
473.27,   99.34,   602.13
471.67,   96.60,   727.09
470.08,   93.85,   852.05
472.87,   224.31,   604.87
471.27,   221.56,   729.83
469.68,   218.82,   854.79
472.47,   349.28,   607.61
470.87,   346.53,   732.57
469.28,   343.79,   857.53
226.61,   225.98,   99.30
223.96,   226.94,   224.26
221.31,   227.90,   349.23
228.62,   350.96,   98.38
225.98,   351.92,   223.35
223.33,   352.88,   348.32
230.64,   475.94,   97.46
227.99,   476.90,   222.43
225.35,   477.86,   347.40
351.56,   223.98,   101.96
348.92,   224.94,   226.93
346.27,   225.90,   351.89
353.58,   348.96,   101.04
350.93,   349.92,   226.01
348.29,   350.88,   350.98
355.60,   473.94,   100.13
352.95,   474.90,   225.09
350.30,   475.86,   350.06
476.52,   221.99,   104.62
473.87,   222.95,   229.59
471.23,   223.90,   354.56
478.54,   346.97,   103.70
475.89,   347.93,   228.67
473.24,   348.88,   353.64
480.55,   471.95,   102.79
477.91,   472.91,   227.76
475.26,   473.86,   352.72
226.32,   223.74,   223.83
227.77,   222.36,   348.82
229.22,   220.98,   473.80
226.42,   348.73,   225.21
227.87,   347.35,   350.19
229.32,   345.97,   475.18
226.52,   473.72,   226.59
227.97,   472.34,   351.57
229.41,   470.97,   476.56
351.31,   223.66,   222.38
352.76,   222.28,   347.37
354.21,   220.90,   472.35
351.41,   348.65,   223.76
352.86,   347.27,   348.74
354.31,   345.89,   473.73
351.51,   473.64,   225.14
352.96,   472.26,   350.12
354.41,   470.88,   475.11
476.31,   223.58,   220.93
477.75,   222.20,   345.92
479.20,   220.82,   470.90
476.40,   348.57,   222.31
477.85,   347.19,   347.30
479.30,   345.81,   472.28
476.50,   473.56,   223.69
477.95,   472.18,   348.67
479.40,   470.80,   473.66
225.23,   225.09,   350.77
222.06,   223.72,   475.72
218.89,   222.35,   600.67
221.91,   350.04,   352.06
218.74,   348.67,   477.01
215.57,   347.30,   601.96
218.59,   474.99,   353.34
215.42,   473.62,   478.29
212.25,   472.25,   603.25
350.14,   228.38,   353.97
346.98,   227.01,   478.93
343.81,   225.64,   603.88
346.82,   353.33,   355.26
343.66,   351.96,   480.21
340.49,   350.58,   605.16
343.51,   478.27,   356.54
340.34,   476.90,   481.50
337.17,   475.53,   606.45
475.06,   231.66,   357.18
471.89,   230.29,   482.13
468.72,   228.92,   607.08
471.74,   356.61,   358.46
468.57,   355.24,   483.42
465.40,   353.87,   608.37
468.42,   481.56,   359.75
465.25,   480.19,   484.70
462.08,   478.82,   609.65
226.34,   223.17,   476.45
228.05,   224.95,   601.43
229.77,   226.73,   726.40
229.29,   348.13,   474.63
231.00,   349.90,   599.61
232.71,   351.68,   724.59
232.24,   473.08,   472.82
233.95,   474.85,   597.79
235.66,   476.63,   722.77
351.30,   220.20,   474.78
353.01,   221.98,   599.76
354.72,   223.75,   724.73
354.24,   345.15,   472.97
355.96,   346.93,   597.94
357.67,   348.71,   722.92
357.19,   470.11,   471.15
358.90,   471.88,   596.12
360.61,   473.66,   721.10
476.25,   217.23,   473.11
477.96,   219.01,   598.09
479.67,   220.78,   723.06
479.20,   342.18,   471.30
480.91,   343.96,   596.27
482.62,   345.73,   721.25
482.14,   467.13,   469.48
483.86,   468.91,   594.46
485.57,   470.69,   719.43
224.05,   225.24,   600.37
226.53,   224.11,   725.34
229.01,   222.99,   850.31
224.92,   350.23,   601.48
227.40,   349.11,   726.45
229.88,   347.98,   851.42
225.79,   475.22,   602.58
228.27,   474.10,   727.55
230.76,   472.97,   852.52
349.02,   224.39,   597.88
351.50,   223.26,   722.85
353.99,   222.14,   847.82
349.89,   349.38,   598.98
352.37,   348.26,   723.95
354.86,   347.13,   848.93
350.76,   474.37,   600.09
353.24,   473.25,   725.06
355.73,   472.13,   850.03
473.99,   223.54,   595.39
476.47,   222.42,   720.36
478.96,   221.29,   845.33
474.86,   348.53,   596.49
477.35,   347.41,   721.46
479.83,   346.28,   846.43
475.73,   473.52,   597.60
478.22,   472.40,   722.57
480.70,   471.28,   847.54
225.66,   351.47,   98.79
224.98,   350.17,   223.78
224.30,   348.88,   348.78
224.98,   476.46,   100.08
224.30,   475.17,   225.08
223.62,   473.87,   350.07
224.30,   601.45,   101.38
223.62,   600.16,   226.37
222.94,   598.86,   351.36
350.66,   352.14,   99.48
349.98,   350.85,   224.47
349.30,   349.55,   349.46
349.97,   477.14,   100.77
349.30,   475.84,   225.76
348.62,   474.54,   350.75
349.29,   602.13,   102.06
348.61,   600.83,   227.05
347.94,   599.54,   352.04
475.65,   352.82,   100.16
474.97,   351.52,   225.15
474.30,   350.23,   350.14
474.97,   477.81,   101.45
474.29,   476.51,   226.44
473.62,   475.22,   351.44
474.29,   602.80,   102.74
473.61,   601.51,   227.74
472.93,   600.21,   352.73
224.51,   348.36,   224.62
220.84,   344.87,   349.51
217.18,   341.38,   474.41
224.73,   473.31,   228.12
221.07,   469.82,   353.01
217.40,   466.33,   477.91
224.95,   598.26,   231.61
221.29,   594.77,   356.51
217.62,   591.28,   481.41
349.46,   348.03,   228.28
345.79,   344.54,   353.17
342.12,   341.05,   478.07
349.68,   472.99,   231.77
346.01,   469.50,   356.67
342.34,   466.00,   481.57
349.90,   597.94,   235.27
346.23,   594.45,   360.17
342.57,   590.96,   485.07
474.40,   347.71,   231.93
470.74,   344.22,   356.83
467.07,   340.73,   481.73
474.62,   472.66,   235.43
470.96,   469.17,   360.33
467.29,   465.68,   485.23
474.85,   597.61,   238.93
471.18,   594.12,   363.83
467.51,   590.63,   488.73
223.82,   351.26,   349.03
224.04,   352.54,   474.02
224.27,   353.83,   599.02
220.61,   476.21,   347.75
220.84,   477.49,   472.74
221.06,   478.78,   597.74
217.41,   601.16,   346.47
217.64,   602.45,   471.46
217.86,   603.73,   596.45
348.77,   354.45,   348.77
349.00,   355.74,   473.76
349.22,   357.03,   598.76
345.57,   479.41,   347.49
345.80,   480.69,   472.48
346.02,   481.98,   597.48
342.37,   604.36,   346.21
342.60,   605.65,   471.20
342.82,   606.93,   596.20
473.73,   357.65,   348.51
473.96,   358.94,   473.51
474.18,   360.23,   598.50
470.53,   482.61,   347.23
470.76,   483.89,   472.23
470.98,   485.18,   597.22
467.33,   607.56,   345.95
467.55,   608.85,   470.94
467.78,   610.13,   595.94
223.39,   350.81,   473.41
220.65,   353.36,   598.35
217.91,   355.90,   723.30
226.68,   475.74,   470.94
223.94,   478.29,   595.88
221.20,   480.83,   720.82
229.97,   600.68,   468.46
227.23,   603.22,   593.41
224.49,   605.77,   718.35
348.31,   347.58,   476.21
345.57,   350.12,   601.16
342.84,   352.67,   726.10
351.60,   472.51,   473.74
348.87,   475.05,   598.68
346.13,   477.60,   723.63
354.90,   597.44,   471.27
352.16,   599.98,   596.21
349.42,   602.53,   721.15
473.24,   344.34,   479.01
470.50,   346.88,   603.96
467.76,   349.43,   728.90
476.53,   469.27,   476.54
473.79,   471.82,   601.49
471.06,   474.36,   726.43
479.82,   594.20,   474.07
477.09,   596.75,   599.01
474.35,   599.29,   723.96
224.89,   348.54,   598.84
222.21,   345.38,   723.77
219.52,   342.22,   848.70
225.30,   473.50,   602.01
222.62,   470.34,   726.94
219.93,   467.18,   851.87
225.71,   598.46,   605.17
223.02,   595.30,   730.11
220.34,   592.14,   855.04
349.86,   348.06,   601.51
347.18,   344.91,   726.44
344.49,   341.75,   851.37
350.27,   473.02,   604.68
347.59,   469.87,   729.61
344.90,   466.71,   854.54
350.68,   597.98,   607.85
347.99,   594.82,   732.78
345.31,   591.67,   857.71
474.83,   347.59,   604.18
472.15,   344.43,   729.11
469.47,   341.27,   854.05
475.24,   472.55,   607.35
472.56,   469.39,   732.28
469.87,   466.23,   857.21
475.65,   597.51,   610.52
472.96,   594.35,   735.45
470.28,   591.19,   860.38
225.95,   474.88,   101.19
227.42,   478.62,   226.13
228.89,   482.36,   351.06
226.74,   599.82,   97.44
228.21,   603.56,   222.38
229.68,   607.30,   347.31
227.52,   724.76,   93.69
228.99,   728.50,   218.63
230.46,   732.24,   343.56
350.94,   474.05,   99.74
352.41,   477.79,   224.68
353.88,   481.53,   349.62
351.73,   598.99,   95.99
353.19,   602.73,   220.93
354.66,   606.47,   345.87
352.51,   723.93,   92.24
353.98,   727.67,   217.18
355.45,   731.41,   342.12
475.93,   473.22,   98.30
477.40,   476.96,   223.23
478.87,   480.70,   348.17
476.71,   598.16,   94.55
478.18,   601.90,   219.48
479.65,   605.64,   344.42
477.50,   723.10,   90.80
478.97,   726.84,   215.73
480.44,   730.58,   340.67
225.72,   476.47,   223.24
227.91,   478.06,   348.21
230.10,   479.66,   473.18
227.66,   601.44,   221.61
229.85,   603.04,   346.58
232.04,   604.63,   471.55
229.60,   726.42,   219.98
231.79,   728.01,   344.96
233.98,   729.61,   469.93
350.69,   474.50,   221.08
352.87,   476.10,   346.05
355.06,   477.69,   471.02
352.63,   599.48,   219.45
354.81,   601.07,   344.42
357.00,   602.66,   469.39
354.57,   724.45,   217.82
356.76,   726.04,   342.79
358.94,   727.64,   467.76
475.65,   472.53,   218.91
477.84,   474.13,   343.88
480.03,   475.72,   468.86
477.59,   597.51,   217.29
479.78,   599.10,   342.26
481.97,   600.70,   467.23
479.53,   722.48,   215.66
481.72,   724.08,   340.63
483.91,   725.67,   465.60
226.32,   474.32,   350.12
225.11,   474.46,   475.11
223.90,   474.60,   600.10
223.64,   599.29,   349.95
222.43,   599.43,   474.94
221.22,   599.57,   599.94
220.96,   724.26,   349.78
219.75,   724.40,   474.78
218.55,   724.55,   599.77
351.28,   477.00,   351.32
350.07,   477.14,   476.31
348.87,   477.28,   601.31
348.61,   601.97,   351.15
347.40,   602.11,   476.15
346.19,   602.25,   601.14
345.93,   726.94,   350.99
344.72,   727.08,   475.98
343.51,   727.22,   600.97
476.25,   479.68,   352.53
475.04,   479.82,   477.52
473.83,   479.96,   602.51
473.57,   604.65,   352.36
472.36,   604.79,   477.35
471.16,   604.93,   602.35
470.89,   729.62,   352.19
469.69,   729.76,   477.18
468.48,   729.90,   602.18
224.33,   476.86,   475.29
221.24,   478.03,   600.24
218.15,   479.20,   725.20
225.73,   601.84,   474.15
222.64,   603.02,   599.10
219.55,   604.19,   724.06
227.14,   726.83,   473.01
224.04,   728.00,   597.96
220.95,   729.18,   722.92
349.29,   475.48,   478.39
346.19,   476.66,   603.35
343.10,   477.83,   728.30
350.69,   600.47,   477.25
347.60,   601.64,   602.21
344.50,   602.82,   727.16
352.09,   725.46,   476.11
349.00,   726.63,   601.07
345.90,   727.80,   726.03
474.24,   474.11,   481.50
471.15,   475.28,   606.45
468.05,   476.46,   731.41
475.64,   599.10,   480.36
472.55,   600.27,   605.31
469.46,   601.44,   730.27
477.04,   724.08,   479.22
473.95,   725.26,   604.18
470.86,   726.43,   729.13
226.54,   473.37,   600.16
229.85,   475.39,   725.10
233.15,   477.42,   850.04
229.31,   598.32,   598.06
232.61,   600.35,   723.00
235.92,   602.37,   847.94
232.08,   723.27,   595.96
235.38,   725.30,   720.90
238.69,   727.33,   845.84
351.47,   470.54,   596.90
354.77,   472.57,   721.84
358.08,   474.60,   846.78
354.23,   595.49,   594.80
357.54,   597.52,   719.74
360.85,   599.55,   844.68
357.00,   720.45,   592.70
360.31,   722.47,   717.64
363.61,   724.50,   842.58
476.39,   467.72,   593.64
479.70,   469.75,   718.58
483.00,   471.78,   843.52
479.16,   592.67,   591.54
482.47,   594.70,   716.48
485.77,   596.73,   841.42
481.93,   717.62,   589.44
485.23,   719.65,   714.38
488.54,   721.68,   839.32
224.68,   601.92,   98.99
222.76,   603.61,   223.97
220.83,   605.29,   348.94
223.83,   726.91,   97.30
221.91,   728.59,   222.27
219.98,   730.27,   347.24
222.98,   851.90,   95.60
221.06,   853.58,   220.57
219.13,   855.26,   345.55
349.66,   602.80,   100.91
347.74,   604.48,   225.88
345.81,   606.16,   350.85
348.82,   727.79,   99.21
346.89,   729.47,   224.18
344.96,   731.15,   349.16
347.97,   852.77,   97.52
346.04,   854.45,   222.49
344.11,   856.14,   347.46
474.65,   603.67,   102.82
472.72,   605.36,   227.80
470.79,   607.04,   352.77
473.80,   728.66,   101.13
471.87,   730.34,   226.10
469.94,   732.02,   351.07
472.95,   853.65,   99.43
471.02,   855.33,   224.40
469.10,   857.01,   349.38
225.75,   598.17,   223.60
222.17,   598.35,   348.54
218.59,   598.53,   473.49
227.34,   723.16,   223.46
223.76,   723.34,   348.41
220.18,   723.52,   473.36
228.93,   848.15,   223.33
225.35,   848.33,   348.28
221.77,   848.51,   473.23
350.69,   596.58,   227.18
347.11,   596.76,   352.12
343.53,   596.94,   477.07
352.28,   721.57,   227.04
348.70,   721.75,   351.99
345.12,   721.93,   476.94
353.87,   846.56,   226.91
350.29,   846.74,   351.86
346.71,   846.92,   476.81
475.63,   595.00,   230.76
472.05,   595.18,   355.71
468.47,   595.35,   480.65
477.22,   719.99,   230.62
473.64,   720.17,   355.57
470.06,   720.34,   480.52
478.81,   844.98,   230.49
475.23,   845.16,   355.44
471.65,   845.33,   480.39
224.85,   601.53,   350.28
228.29,   601.82,   475.23
231.74,   602.11,   600.18
224.03,   726.52,   350.01
227.48,   726.81,   474.96
230.93,   727.10,   599.91
223.22,   851.52,   349.74
226.67,   851.81,   474.69
230.11,   852.10,   599.65
349.80,   602.33,   346.83
353.24,   602.62,   471.78
356.69,   602.91,   596.73
348.98,   727.33,   346.56
352.43,   727.62,   471.52
355.88,   727.91,   596.47
348.17,   852.33,   346.30
351.62,   852.62,   471.25
355.06,   852.91,   596.20
474.75,   603.14,   343.38
478.19,   603.43,   468.34
481.64,   603.72,   593.29
473.93,   728.14,   343.12
477.38,   728.43,   468.07
480.83,   728.72,   593.02
473.12,   853.13,   342.85
476.57,   853.42,   467.80
480.01,   853.71,   592.75
226.07,   598.22,   476.48
228.46,   594.83,   601.41
230.86,   591.43,   726.34
228.43,   723.15,   479.83
230.82,   719.76,   604.76
233.22,   716.36,   729.69
230.79,   848.09,   483.17
233.18,   844.69,   608.10
235.58,   841.30,   733.04
351.02,   595.93,   474.02
353.42,   592.53,   598.95
355.81,   589.14,   723.88
353.38,   720.86,   477.37
355.78,   717.47,   602.30
358.17,   714.07,   727.23
355.74,   845.79,   480.72
358.14,   842.40,   605.65
360.53,   839.00,   730.58
475.98,   593.63,   471.56
478.37,   590.24,   596.50
480.77,   586.84,   721.43
478.34,   718.57,   474.91
480.73,   715.17,   599.84
483.13,   711.78,   724.77
480.70,   843.50,   478.26
483.09,   840.10,   603.19
485.48,   836.71,   728.12
226.84,   598.33,   598.53
227.13,   595.94,   723.51
227.41,   593.56,   848.48
224.35,   723.28,   600.92
224.63,   720.89,   725.89
224.91,   718.51,   850.87
221.85,   848.23,   603.31
222.13,   845.85,   728.28
222.42,   843.46,   853.26
351.82,   600.83,   598.29
352.10,   598.44,   723.27
352.39,   596.06,   848.25
349.32,   725.78,   600.68
349.61,   723.40,   725.66
349.89,   721.01,   850.64
346.82,   850.73,   603.07
347.11,   848.35,   728.05
347.39,   845.96,   853.02
476.79,   603.33,   598.06
477.08,   600.95,   723.03
477.36,   598.56,   848.01
474.30,   728.28,   600.45
474.58,   725.90,   725.42
474.86,   723.51,   850.40
471.80,   853.23,   602.84
472.08,   850.85,   727.81
472.37,   848.47,   852.79
348.34,   99.28,   100.17
348.63,   101.79,   225.15
348.93,   104.30,   350.12
350.77,   224.23,   97.66
351.06,   226.74,   222.63
351.36,   229.25,   347.60
353.20,   349.18,   95.14
353.49,   351.69,   220.11
353.79,   354.20,   345.09
473.32,   96.84,   99.93
473.61,   99.35,   224.90
473.91,   101.86,   349.87
475.74,   221.79,   97.41
476.04,   224.31,   222.38
476.34,   226.82,   347.36
478.17,   346.75,   94.89
478.47,   349.26,   219.87
478.76,   351.77,   344.84
598.29,   94.41,   99.68
598.59,   96.92,   224.65
598.88,   99.43,   349.63
600.72,   219.36,   97.16
601.02,   221.87,   222.14
601.31,   224.38,   347.11
603.15,   344.31,   94.65
603.45,   346.82,   219.62
603.74,   349.33,   344.60
349.24,   99.64,   226.58
352.98,   99.75,   351.52
356.72,   99.86,   476.47
349.53,   224.64,   226.46
353.27,   224.75,   351.40
357.01,   224.86,   476.35
349.82,   349.64,   226.34
353.55,   349.75,   351.29
357.29,   349.86,   476.23
474.19,   99.35,   222.84
477.93,   99.46,   347.78
481.66,   99.57,   472.73
474.47,   224.35,   222.72
478.21,   224.46,   347.67
481.95,   224.57,   472.61
474.76,   349.35,   222.60
478.50,   349.46,   347.55
482.24,   349.57,   472.49
599.13,   99.06,   219.10
602.87,   99.17,   344.05
606.61,   99.28,   468.99
599.42,   224.06,   218.98
603.16,   224.17,   343.93
606.89,   224.28,   468.87
599.70,   349.06,   218.87
603.44,   349.17,   343.81
607.18,   349.28,   468.75
351.64,   101.41,   349.72
355.37,   99.69,   474.65
359.10,   97.96,   599.59
349.64,   226.38,   351.50
353.37,   224.66,   476.44
357.10,   222.94,   601.37
347.65,   351.35,   353.29
351.38,   349.63,   478.22
355.11,   347.91,   603.15
476.57,   103.46,   346.02
480.30,   101.74,   470.95
484.03,   100.01,   595.88
474.57,   228.43,   347.80
478.30,   226.71,   472.74
482.03,   224.99,   597.67
472.57,   353.40,   349.59
476.30,   351.68,   474.52
480.04,   349.96,   599.45
601.50,   105.51,   342.32
605.23,   103.79,   467.25
608.96,   102.06,   592.18
599.50,   230.48,   344.10
603.23,   228.76,   469.03
606.96,   227.03,   593.97
597.50,   355.45,   345.88
601.23,   353.73,   470.82
604.96,   352.01,   595.75
348.75,   100.71,   476.94
351.45,   100.42,   601.91
354.15,   100.13,   726.88
345.24,   225.66,   477.31
347.94,   225.37,   602.28
350.65,   225.08,   727.25
341.74,   350.61,   477.68
344.44,   350.32,   602.65
347.14,   350.03,   727.62
473.67,   104.23,   474.25
476.37,   103.93,   599.22
479.07,   103.64,   724.19
470.16,   229.18,   474.62
472.87,   228.88,   599.59
475.57,   228.59,   724.56
466.66,   354.13,   474.98
469.36,   353.84,   599.95
472.06,   353.54,   724.92
598.59,   107.74,   471.56
601.29,   107.45,   596.53
604.00,   107.16,   721.50
595.09,   232.69,   471.92
597.79,   232.40,   596.90
600.49,   232.11,   721.87
591.58,   357.64,   472.29
594.28,   357.35,   597.26
596.98,   357.06,   722.23
348.26,   99.84,   599.00
351.65,   97.31,   723.93
355.03,   94.79,   848.86
346.76,   224.80,   601.57
350.14,   222.28,   726.50
353.52,   219.75,   851.42
345.25,   349.76,   604.13
348.63,   347.24,   729.06
352.02,   344.72,   853.99
473.21,   101.41,   595.65
476.59,   98.89,   720.58
479.98,   96.36,   845.51
471.70,   226.38,   598.21
475.09,   223.85,   723.14
478.47,   221.33,   848.07
470.19,   351.34,   600.78
473.58,   348.82,   725.71
476.96,   346.29,   850.64
598.15,   102.99,   592.30
601.54,   100.46,   717.22
604.92,   97.94,   842.15
596.65,   227.95,   594.86
600.03,   225.43,   719.79
603.41,   222.91,   844.72
595.14,   352.92,   597.43
598.52,   350.39,   722.35
601.91,   347.87,   847.28
351.53,   224.03,   100.32
348.26,   224.46,   225.28
344.99,   224.90,   350.23
349.95,   349.02,   99.84
346.68,   349.45,   224.80
343.41,   349.89,   349.76
348.37,   474.01,   99.37
345.09,   474.44,   224.32
341.82,   474.88,   349.28
476.48,   225.62,   103.59
473.21,   226.06,   228.54
469.94,   226.49,   353.50
474.90,   350.61,   103.11
471.62,   351.05,   228.07
468.35,   351.48,   353.02
473.31,   475.60,   102.63
470.04,   476.04,   227.59
466.77,   476.47,   352.55
601.43,   227.22,   106.85
598.16,   227.65,   231.81
594.88,   228.09,   356.77
599.84,   352.21,   106.38
596.57,   352.64,   231.33
593.30,   353.08,   356.29
598.26,   477.20,   105.90
594.99,   477.63,   230.86
591.72,   478.07,   355.81
351.20,   223.84,   224.19
352.65,   225.41,   349.17
354.10,   226.99,   474.15
351.48,   348.83,   222.61
352.93,   350.40,   347.59
354.37,   351.98,   472.58
351.76,   473.82,   221.04
353.20,   475.39,   346.02
354.65,   476.97,   471.00
476.19,   223.55,   222.74
477.64,   225.12,   347.73
479.09,   226.69,   472.71
476.47,   348.54,   221.17
477.92,   350.11,   346.15
479.37,   351.68,   471.13
476.75,   473.53,   219.59
478.20,   475.10,   344.57
479.64,   476.67,   469.56
601.18,   223.25,   221.30
602.63,   224.82,   346.28
604.08,   226.39,   471.26
601.46,   348.24,   219.72
602.91,   349.81,   344.71
604.36,   351.38,   469.69
601.74,   473.23,   218.15
603.19,   474.80,   343.13
604.64,   476.37,   468.11
351.08,   226.87,   349.52
353.80,   223.78,   474.45
356.52,   220.70,   599.38
348.44,   351.80,   352.66
351.16,   348.72,   477.59
353.88,   345.63,   602.53
345.80,   476.74,   355.81
348.52,   473.65,   480.74
351.24,   470.56,   605.67
476.02,   229.58,   346.87
478.74,   226.49,   471.80
481.46,   223.40,   596.73
473.38,   354.51,   350.01
476.10,   351.42,   474.94
478.82,   348.33,   599.87
470.74,   479.44,   353.16
473.46,   476.36,   478.09
476.18,   473.27,   603.02
600.96,   232.28,   344.21
603.68,   229.20,   469.15
606.40,   226.11,   594.08
598.32,   357.22,   347.36
601.04,   354.13,   472.29
603.76,   351.04,   597.22
595.69,   482.15,   350.50
598.41,   479.06,   475.44
601.12,   475.97,   600.37
349.83,   226.52,   473.30
347.44,   224.06,   598.25
345.05,   221.59,   723.21
351.54,   351.49,   475.80
349.15,   349.02,   600.75
346.77,   346.56,   725.70
353.26,   476.45,   478.30
350.87,   473.98,   603.25
348.48,   471.52,   728.20
474.80,   224.76,   475.66
472.41,   222.30,   600.61
470.02,   219.83,   725.56
476.51,   349.73,   478.15
474.12,   347.26,   603.11
471.73,   344.79,   728.06
478.22,   474.69,   480.65
475.83,   472.22,   605.60
473.44,   469.76,   730.56
599.76,   223.00,   478.01
597.37,   220.54,   602.96
594.98,   218.07,   727.92
601.47,   347.96,   480.51
599.09,   345.50,   605.46
596.70,   343.03,   730.41
603.19,   472.93,   483.01
600.80,   470.46,   607.96
598.41,   468.00,   732.91
350.15,   223.05,   598.46
350.93,   221.62,   723.45
351.72,   220.19,   848.44
349.79,   348.04,   599.90
350.57,   346.61,   724.88
351.35,   345.18,   849.87
349.43,   473.03,   601.33
350.21,   471.60,   726.32
350.99,   470.17,   851.31
475.15,   223.42,   597.69
475.93,   221.99,   722.68
476.71,   220.56,   847.66
474.79,   348.41,   599.12
475.57,   346.98,   724.11
476.35,   345.55,   849.10
474.42,   473.40,   600.55
475.21,   471.97,   725.54
475.99,   470.54,   850.53
600.15,   223.79,   596.91
600.93,   222.36,   721.90
601.71,   220.93,   846.89
599.78,   348.78,   598.34
600.57,   347.35,   723.33
601.35,   345.92,   848.32
599.42,   473.77,   599.77
600.20,   472.34,   724.76
600.98,   470.91,   849.75
351.56,   350.29,   99.73
350.33,   353.71,   224.68
349.09,   357.13,   349.63
349.07,   475.21,   96.29
347.84,   478.64,   221.23
346.60,   482.06,   346.18
346.58,   600.14,   92.84
345.35,   603.56,   217.79
344.12,   606.99,   342.74
476.53,   352.81,   100.90
475.29,   356.23,   225.84
474.06,   359.65,   350.79
474.04,   477.74,   97.45
472.81,   481.16,   222.40
471.57,   484.58,   347.34
471.55,   602.66,   94.00
470.32,   606.09,   218.95
469.09,   609.51,   343.90
601.50,   355.33,   102.06
600.26,   358.75,   227.01
599.03,   362.17,   351.95
599.01,   480.26,   98.61
597.78,   483.68,   223.56
596.54,   487.10,   348.51
596.52,   605.18,   95.17
595.29,   608.61,   220.12
594.05,   612.03,   345.06
350.67,   350.71,   223.85
349.77,   351.58,   348.84
348.88,   352.44,   473.84
349.82,   475.70,   222.98
348.92,   476.57,   347.97
348.03,   477.44,   472.97
348.97,   600.70,   222.11
348.08,   601.56,   347.10
347.18,   602.43,   472.09
475.66,   351.56,   224.74
474.77,   352.43,   349.73
473.87,   353.30,   474.73
474.81,   476.56,   223.87
473.92,   477.42,   348.86
473.02,   478.29,   473.86
473.96,   601.55,   223.00
473.07,   602.42,   347.99
472.17,   603.29,   472.98
600.65,   352.42,   225.63
599.76,   353.29,   350.62
598.86,   354.15,   475.62
599.81,   477.41,   224.76
598.91,   478.28,   349.75
598.02,   479.15,   474.74
598.96,   602.41,   223.88
598.06,   603.27,   348.88
597.17,   604.14,   473.87
350.13,   348.69,   350.15
350.71,   345.71,   475.11
351.30,   342.73,   600.08
351.20,   473.65,   353.13
351.78,   470.67,   478.09
352.37,   467.69,   603.05
352.27,   598.61,   356.10
352.86,   595.63,   481.06
353.44,   592.65,   606.03
475.12,   347.63,   349.54
475.71,   344.65,   474.51
476.29,   341.67,   599.47
476.19,   472.59,   352.52
476.78,   469.61,   477.48
477.36,   466.63,   602.44
477.27,   597.55,   355.49
477.85,   594.57,   480.45
478.44,   591.59,   605.42
600.12,   346.57,   348.93
600.70,   343.59,   473.90
601.28,   340.61,   598.86
601.19,   471.53,   351.91
601.77,   468.55,   476.87
602.36,   465.57,   601.83
602.26,   596.49,   354.88
602.85,   593.51,   479.85
603.43,   590.53,   604.81
351.40,   349.24,   474.47
351.81,   350.73,   599.46
352.21,   352.21,   724.45
347.73,   474.18,   472.99
348.13,   475.67,   597.99
348.54,   477.15,   722.98
344.06,   599.12,   471.52
344.46,   600.60,   596.51
344.87,   602.09,   721.50
476.35,   352.91,   474.02
476.75,   354.39,   599.01
477.16,   355.88,   724.00
472.68,   477.85,   472.55
473.08,   479.33,   597.54
473.48,   480.82,   722.53
469.00,   602.78,   471.08
469.41,   604.27,   596.07
469.81,   605.75,   721.06
601.29,   356.58,   473.57
601.70,   358.06,   598.56
602.10,   359.54,   723.55
597.62,   481.51,   472.10
598.03,   483.00,   597.09
598.43,   484.48,   722.08
593.95,   606.45,   470.63
594.35,   607.93,   595.62
594.76,   609.42,   720.61
349.07,   348.92,   600.36
350.73,   351.64,   725.32
352.40,   354.35,   850.28
351.96,   473.86,   597.60
353.63,   476.57,   722.56
355.30,   479.29,   847.52
354.86,   598.79,   594.85
356.52,   601.51,   719.81
358.19,   604.22,   844.77
474.02,   345.99,   598.76
475.69,   348.71,   723.71
477.36,   351.42,   848.67
476.92,   470.93,   596.00
478.58,   473.64,   720.96
480.25,   476.36,   845.92
479.81,   595.86,   593.25
481.48,   598.58,   718.21
483.15,   601.29,   843.17
598.98,   343.06,   597.15
600.65,   345.77,   722.11
602.31,   348.49,   847.07
601.87,   468.00,   594.40
603.54,   470.71,   719.36
605.21,   473.42,   844.32
604.77,   592.93,   591.65
606.44,   595.65,   716.61
608.10,   598.36,   841.57
349.17,   474.02,   101.12
345.82,   473.91,   226.07
342.47,   473.80,   351.03
349.14,   599.02,   101.23
345.79,   598.91,   226.18
342.44,   598.80,   351.14
349.11,   724.02,   101.34
345.76,   723.91,   226.29
342.41,   723.80,   351.25
474.12,   474.05,   104.47
470.77,   473.94,   229.42
467.43,   473.83,   354.38
474.09,   599.05,   104.57
470.75,   598.94,   229.53
467.40,   598.83,   354.49
474.06,   724.05,   104.68
470.72,   723.94,   229.64
467.37,   723.83,   354.59
599.08,   474.07,   107.81
595.73,   473.96,   232.77
592.38,   473.85,   357.72
599.05,   599.07,   107.92
595.70,   598.96,   232.88
592.35,   598.85,   357.83
599.02,   724.07,   108.03
595.67,   723.96,   232.99
592.32,   723.85,   357.94
349.40,   476.47,   223.29
346.65,   479.05,   348.24
343.90,   481.64,   473.18
346.03,   601.40,   220.64
343.28,   603.98,   345.58
340.53,   606.56,   470.52
342.66,   726.32,   217.98
339.91,   728.91,   342.92
337.16,   731.49,   467.86
474.33,   479.90,   225.97
471.58,   482.48,   350.91
468.82,   485.06,   475.86
470.96,   604.82,   223.31
468.20,   607.41,   348.26
465.45,   609.99,   473.20
467.59,   729.75,   220.66
464.83,   732.33,   345.60
462.08,   734.92,   470.54
599.25,   483.33,   228.65
596.50,   485.91,   353.59
593.75,   488.49,   478.54
595.88,   608.25,   225.99
593.13,   610.83,   350.94
590.38,   613.42,   475.88
592.51,   733.18,   223.34
589.76,   735.76,   348.28
587.01,   738.34,   473.22
348.43,   476.73,   351.91
350.20,   477.88,   476.89
351.96,   479.03,   601.88
347.53,   601.72,   350.78
349.30,   602.87,   475.76
351.07,   604.02,   600.74
346.64,   726.72,   349.64
348.41,   727.86,   474.62
350.17,   729.01,   599.61
473.41,   477.61,   350.14
475.18,   478.76,   475.12
476.95,   479.91,   600.10
472.52,   602.60,   349.00
474.28,   603.75,   473.99
476.05,   604.90,   598.97
471.62,   727.59,   347.87
473.39,   728.74,   472.85
475.16,   729.89,   597.83
598.40,   478.49,   348.36
600.16,   479.64,   473.35
601.93,   480.79,   598.33
597.50,   603.48,   347.23
599.27,   604.63,   472.21
601.04,   605.78,   597.19
596.61,   728.47,   346.09
598.37,   729.62,   471.08
600.14,   730.77,   596.06
348.65,   474.42,   476.89
349.60,   475.71,   601.88
350.55,   476.99,   726.87
348.04,   599.41,   475.60
349.00,   600.70,   600.59
349.95,   601.99,   725.58
347.44,   724.40,   474.32
348.39,   725.69,   599.31
349.34,   726.98,   724.30
473.64,   475.01,   475.93
474.59,   476.30,   600.92
475.55,   477.59,   725.91
473.04,   600.00,   474.65
473.99,   601.29,   599.63
474.94,   602.58,   724.62
472.43,   725.00,   473.36
473.39,   726.28,   598.35
474.34,   727.57,   723.34
598.64,   475.61,   474.97
599.59,   476.90,   599.96
600.54,   478.18,   724.95
598.03,   600.60,   473.69
598.98,   601.89,   598.68
599.94,   603.18,   723.67
597.43,   725.59,   472.40
598.38,   726.88,   597.39
599.33,   728.17,   722.38
350.09,   473.41,   599.11
346.37,   472.99,   724.06
342.65,   472.58,   849.00
349.44,   598.41,   599.51
345.72,   597.99,   724.46
342.01,   597.57,   849.40
348.80,   723.41,   599.91
345.08,   722.99,   724.85
341.36,   722.57,   849.80
475.03,   474.05,   602.83
471.31,   473.63,   727.78
467.59,   473.21,   852.72
474.39,   599.04,   603.23
470.67,   598.62,   728.17
466.95,   598.21,   853.12
473.74,   724.04,   603.63
470.02,   723.62,   728.57
466.30,   723.20,   853.52
599.97,   474.68,   606.55
596.26,   474.26,   731.50
592.54,   473.84,   856.44
599.33,   599.68,   606.95
595.61,   599.26,   731.89
591.89,   598.84,   856.84
598.68,   724.67,   607.35
594.97,   724.26,   732.29
591.25,   723.84,   857.24
351.09,   599.58,   98.42
354.48,   596.27,   223.33
357.87,   592.96,   348.24
354.03,   724.50,   101.65
357.42,   721.19,   226.56
360.81,   717.88,   351.47
356.97,   849.42,   104.88
360.36,   846.12,   229.79
363.75,   842.81,   354.70
476.01,   596.73,   94.96
479.40,   593.42,   219.87
482.79,   590.11,   344.78
478.95,   721.65,   98.18
482.34,   718.34,   223.09
485.73,   715.03,   348.01
481.89,   846.57,   101.41
485.28,   843.27,   226.32
488.67,   839.96,   351.23
600.93,   593.88,   91.49
604.32,   590.57,   216.40
607.71,   587.26,   341.31
603.87,   718.80,   94.72
607.26,   715.49,   219.63
610.65,   712.18,   344.54
606.81,   843.72,   97.95
610.20,   840.42,   222.86
613.59,   837.11,   347.77
351.94,   598.06,   226.03
352.76,   599.06,   351.02
353.58,   600.05,   476.02
349.59,   723.03,   225.05
350.41,   724.03,   350.04
351.23,   725.03,   475.04
347.25,   848.01,   224.07
348.07,   849.00,   349.06
348.89,   850.00,   474.06
476.92,   600.40,   225.19
477.74,   601.40,   350.18
478.56,   602.39,   475.18
474.57,   725.37,   224.21
475.39,   726.37,   349.20
476.21,   727.37,   474.20
472.22,   850.35,   223.23
473.04,   851.34,   348.22
473.86,   852.34,   473.22
601.89,   602.74,   224.35
602.71,   603.74,   349.35
603.53,   604.73,   474.34
599.55,   727.71,   223.37
600.37,   728.71,   348.37
601.19,   729.71,   473.36
597.20,   852.69,   222.39
598.02,   853.68,   347.38
598.84,   854.68,   472.38
350.98,   601.17,   348.46
353.56,   601.64,   473.43
356.14,   602.12,   598.41
348.92,   726.15,   348.03
351.50,   726.62,   473.00
354.08,   727.10,   597.98
346.86,   851.13,   347.60
349.44,   851.61,   472.57
352.02,   852.08,   597.55
475.94,   603.22,   345.87
478.52,   603.69,   470.85
481.10,   604.17,   595.82
473.87,   728.20,   345.44
476.46,   728.68,   470.42
479.04,   729.15,   595.39
471.81,   853.19,   345.01
474.40,   853.66,   469.98
476.98,   854.13,   594.96
600.89,   605.27,   343.28
603.47,   605.75,   468.26
606.06,   606.22,   593.23
598.83,   730.25,   342.85
601.41,   730.73,   467.83
603.99,   731.20,   592.80
596.77,   855.24,   342.42
599.35,   855.71,   467.40
601.93,   856.18,   592.37
349.32,   598.75,   475.87
346.79,   601.00,   600.83
344.26,   603.25,   725.78
349.26,   723.73,   473.62
346.72,   725.98,   598.58
344.19,   728.23,   723.53
349.19,   848.71,   471.37
346.65,   850.96,   596.32
344.12,   853.21,   721.28
474.30,   598.87,   478.41
471.76,   601.12,   603.36
469.23,   603.37,   728.31
474.23,   723.85,   476.15
471.70,   726.10,   601.11
469.16,   728.34,   726.06
474.16,   848.82,   473.90
471.63,   851.07,   598.86
469.09,   853.32,   723.81
599.27,   598.98,   480.94
596.74,   601.23,   605.89
594.20,   603.48,   730.85
599.21,   723.96,   478.69
596.67,   726.21,   603.64
594.14,   728.46,   728.60
599.14,   848.94,   476.44
596.60,   851.19,   601.39
594.07,   853.44,   726.34
348.17,   601.03,   600.98
351.34,   598.72,   725.92
354.50,   596.40,   850.86
346.81,   726.00,   603.33
349.97,   723.69,   728.27
353.14,   721.37,   853.21
345.45,   850.97,   605.68
348.61,   848.66,   730.62
351.78,   846.34,   855.56
473.13,   602.45,   597.85
476.29,   600.13,   722.78
479.45,   597.82,   847.72
471.77,   727.42,   600.20
474.93,   725.11,   725.13
478.09,   722.79,   850.07
470.41,   852.39,   602.55
473.57,   850.08,   727.49
476.73,   847.76,   852.42
598.08,   603.87,   594.71
601.24,   601.55,   719.65
604.40,   599.24,   844.59
596.72,   728.84,   597.06
599.88,   726.52,   722.00
603.04,   724.21,   846.94
595.36,   853.81,   599.41
598.52,   851.49,   724.35
601.68,   849.18,   849.29
473.92,   99.10,   101.81
477.06,   95.66,   226.72
480.20,   92.23,   351.64
477.55,   224.00,   105.15
480.69,   220.57,   230.07
483.83,   217.13,   354.98
481.19,   348.90,   108.50
484.33,   345.47,   233.41
487.47,   342.03,   358.32
598.83,   95.55,   98.57
601.97,   92.11,   223.49
605.11,   88.68,   348.40
602.46,   220.45,   101.92
605.60,   217.01,   226.83
608.74,   213.58,   351.74
606.10,   345.35,   105.26
609.24,   341.92,   230.17
612.38,   338.48,   355.09
723.73,   92.00,   95.34
726.87,   88.56,   220.25
730.01,   85.13,   345.16
727.37,   216.90,   98.68
730.51,   213.46,   223.59
733.65,   210.03,   348.51
731.01,   341.80,   102.02
734.15,   338.37,   226.94
737.29,   334.93,   351.85
474.19,   101.20,   225.71
477.54,   100.76,   350.67
480.90,   100.32,   475.62
473.08,   226.19,   226.18
476.43,   225.75,   351.14
479.79,   225.31,   476.09
471.97,   351.19,   226.65
475.33,   350.75,   351.61
478.68,   350.31,   476.56
599.14,   102.32,   222.36
602.49,   101.88,   347.32
605.85,   101.44,   472.27
598.03,   227.31,   222.83
601.38,   226.88,   347.79
604.74,   226.44,   472.74
596.92,   352.31,   223.30
600.28,   351.87,   348.26
603.63,   351.43,   473.21
724.09,   103.44,   219.01
727.44,   103.00,   343.97
730.80,   102.56,   468.92
722.98,   228.44,   219.48
726.34,   228.00,   344.44
729.69,   227.56,   469.39
721.87,   353.43,   219.95
725.23,   352.99,   344.90
728.58,   352.55,   469.86
475.12,   101.34,   350.00
475.76,   104.65,   474.96
476.39,   107.96,   599.91
477.18,   226.27,   346.68
477.82,   229.59,   471.63
478.45,   232.90,   596.59
479.24,   351.21,   343.35
479.88,   354.53,   468.31
480.52,   357.84,   593.26
600.10,   99.26,   349.42
600.74,   102.57,   474.37
601.37,   105.89,   599.33
602.16,   224.20,   346.10
602.80,   227.51,   471.05
603.44,   230.83,   596.00
604.23,   349.14,   342.77
604.86,   352.45,   467.73
605.50,   355.76,   592.68
725.08,   97.18,   348.84
725.72,   100.49,   473.79
726.36,   103.81,   598.75
727.15,   222.12,   345.51
727.78,   225.43,   470.47
728.42,   228.75,   595.42
729.21,   347.06,   342.19
729.84,   350.37,   467.14
730.48,   353.69,   592.10
474.15,   101.99,   475.95
470.63,   103.36,   600.90
467.11,   104.73,   725.84
472.40,   226.97,   474.53
468.88,   228.34,   599.47
465.36,   229.71,   724.42
470.66,   351.95,   473.11
467.14,   353.32,   598.05
463.62,   354.69,   723.00
599.09,   103.78,   479.45
595.57,   105.15,   604.40
592.05,   106.52,   729.34
597.34,   228.76,   478.03
593.82,   230.13,   602.97
590.30,   231.50,   727.92
595.59,   353.74,   476.61
592.07,   355.11,   601.55
588.55,   356.48,   726.50
724.03,   105.56,   482.95
720.51,   106.93,   607.90
716.99,   108.31,   732.84
722.28,   230.54,   481.53
718.76,   231.91,   606.48
715.24,   233.29,   731.42
720.53,   355.52,   480.11
717.01,   356.89,   605.05
713.49,   358.27,   730.00
473.49,   100.19,   601.80
472.53,   97.56,   726.77
471.57,   94.94,   851.74
476.11,   225.13,   604.44
475.15,   222.51,   729.41
474.19,   219.89,   854.38
478.73,   350.08,   607.08
477.77,   347.45,   732.05
476.82,   344.83,   857.02
598.45,   97.55,   602.70
597.50,   94.92,   727.67
596.54,   92.30,   852.64
601.08,   222.49,   605.34
600.12,   219.87,   730.31
599.16,   217.24,   855.28
603.70,   347.43,   607.99
602.74,   344.81,   732.96
601.79,   342.19,   857.92
723.42,   94.90,   603.60
722.47,   92.28,   728.57
721.51,   89.66,   853.54
726.05,   219.85,   606.25
725.09,   217.22,   731.21
724.13,   214.60,   856.18
728.67,   344.79,   608.89
727.71,   342.17,   733.86
726.75,   339.54,   858.83
474.39,   226.66,   99.05
476.21,   227.02,   224.03
478.03,   227.37,   349.02
474.02,   351.66,   98.70
475.85,   352.01,   223.68
477.67,   352.37,   348.67
473.66,   476.66,   98.35
475.48,   477.01,   223.33
477.30,   477.37,   348.32
599.37,   227.02,   97.22
601.20,   227.37,   222.21
603.02,   227.73,   347.20
599.01,   352.02,   96.87
600.83,   352.37,   221.86
602.66,   352.73,   346.84
598.65,   477.02,   96.52
600.47,   477.37,   221.51
602.29,   477.73,   346.49
724.36,   227.38,   95.40
726.18,   227.73,   220.39
728.01,   228.09,   345.37
724.00,   352.38,   95.05
725.82,   352.73,   220.04
727.64,   353.09,   345.02
723.63,   477.38,   94.70
725.45,   477.73,   219.68
727.28,   478.09,   344.67
475.24,   223.48,   224.96
477.43,   227.05,   349.89
479.62,   230.62,   474.82
473.09,   348.41,   221.43
475.28,   351.98,   346.36
477.47,   355.55,   471.29
470.94,   473.34,   217.90
473.13,   476.91,   342.83
475.33,   480.48,   467.76
600.20,   225.56,   222.71
602.39,   229.13,   347.64
604.59,   232.70,   472.57
598.05,   350.49,   219.18
600.24,   354.06,   344.11
602.44,   357.64,   469.04
595.90,   475.43,   215.65
598.10,   479.00,   340.58
600.29,   482.57,   465.50
725.16,   227.65,   220.46
727.35,   231.22,   345.39
729.55,   234.79,   470.32
723.01,   352.58,   216.92
725.21,   356.15,   341.85
727.40,   359.72,   466.78
720.86,   477.51,   213.39
723.06,   481.08,   338.32
725.25,   484.65,   463.25
474.61,   223.90,   349.28
474.73,   221.11,   474.25
474.85,   218.32,   599.22
478.28,   348.82,   352.07
478.40,   346.03,   477.03
478.52,   343.24,   602.00
481.96,   473.73,   354.85
482.08,   470.94,   479.82
482.20,   468.15,   604.79
599.55,   220.23,   349.08
599.68,   217.44,   474.05
599.80,   214.65,   599.01
603.23,   345.15,   351.86
603.35,   342.36,   476.83
603.47,   339.56,   601.80
606.90,   470.06,   354.65
607.02,   467.27,   479.62
607.15,   464.48,   604.59
724.50,   216.56,   348.87
724.62,   213.77,   473.84
724.74,   210.98,   598.81
728.18,   341.47,   351.66
728.30,   338.68,   476.63
728.42,   335.89,   601.60
731.85,   466.39,   354.45
731.97,   463.60,   479.41
732.09,   460.81,   604.38
476.75,   225.82,   475.03
480.41,   228.18,   599.95
484.07,   230.53,   724.87
478.31,   350.79,   472.62
481.97,   353.14,   597.55
485.63,   355.50,   722.47
479.86,   475.76,   470.22
483.52,   478.11,   595.15
487.18,   480.47,   720.07
601.69,   224.20,   471.40
605.35,   226.56,   596.32
609.01,   228.91,   721.25
603.24,   349.17,   468.99
606.90,   351.52,   593.92
610.56,   353.88,   718.84
604.80,   474.13,   466.59
608.46,   476.49,   591.52
612.11,   478.85,   716.44
726.63,   222.58,   467.77
730.29,   224.93,   592.69
733.95,   227.29,   717.62
728.18,   347.54,   465.37
731.84,   349.90,   590.29
735.50,   352.26,   715.21
729.73,   472.51,   462.96
733.39,   474.87,   587.89
737.05,   477.22,   712.81
473.03,   226.84,   600.43
469.60,   229.60,   725.35
466.17,   232.36,   850.28
472.00,   351.81,   597.64
468.57,   354.57,   722.56
465.14,   357.33,   847.49
470.98,   476.77,   594.85
467.55,   479.53,   719.78
464.12,   482.29,   844.70
597.98,   227.95,   603.84
594.55,   230.71,   728.76
591.12,   233.47,   853.68
596.95,   352.91,   601.05
593.52,   355.67,   725.97
590.09,   358.43,   850.89
595.92,   477.87,   598.26
592.49,   480.63,   723.18
589.06,   483.39,   848.10
722.93,   229.05,   607.24
719.50,   231.81,   732.17
716.07,   234.57,   857.09
721.90,   354.01,   604.46
718.47,   356.77,   729.38
715.04,   359.53,   854.30
720.87,   478.98,   601.67
717.44,   481.74,   726.59
714.01,   484.50,   851.51
476.84,   351.76,   101.04
473.30,   349.40,   225.96
469.77,   347.03,   350.89
473.58,   476.70,   103.31
470.04,   474.33,   228.24
466.50,   471.97,   353.17
470.32,   601.64,   105.58
466.78,   599.27,   230.51
463.24,   596.90,   355.44
601.75,   354.96,   104.63
598.21,   352.59,   229.56
594.67,   350.23,   354.49
598.49,   479.89,   106.91
594.95,   477.53,   231.83
591.41,   475.16,   356.76
595.22,   604.83,   109.18
591.69,   602.47,   234.11
588.15,   600.10,   359.04
726.65,   358.15,   108.23
723.12,   355.79,   233.16
719.58,   353.42,   358.09
723.39,   483.09,   110.50
719.86,   480.72,   235.43
716.32,   478.36,   360.36
720.13,   608.03,   112.78
716.59,   605.66,   237.71
713.06,   603.30,   362.63
476.75,   351.53,   223.77
479.48,   351.40,   348.74
482.20,   351.27,   473.71
476.28,   476.53,   223.92
479.01,   476.40,   348.89
481.73,   476.27,   473.86
475.81,   601.53,   224.06
478.53,   601.40,   349.03
481.26,   601.27,   474.00
601.72,   352.01,   221.05
604.45,   351.88,   346.02
607.17,   351.74,   470.99
601.25,   477.01,   221.19
603.97,   476.88,   346.16
606.70,   476.74,   471.13
600.78,   602.01,   221.33
603.50,   601.87,   346.30
606.23,   601.74,   471.27
726.69,   352.48,   218.32
729.42,   352.35,   343.30
732.14,   352.22,   468.27
726.22,   477.48,   218.47
728.94,   477.35,   343.44
731.67,   477.22,   468.41
725.75,   602.48,   218.61
728.47,   602.35,   343.58
731.20,   602.22,   468.55
475.50,   348.59,   348.34
471.82,   351.42,   473.25
468.13,   354.26,   598.17
477.47,   473.55,   345.56
473.79,   476.38,   470.48
470.11,   479.21,   595.39
479.45,   598.50,   342.79
475.76,   601.33,   467.70
472.08,   604.16,   592.62
600.43,   346.70,   352.07
596.75,   349.53,   476.98
593.06,   352.37,   601.89
602.40,   471.66,   349.29
598.72,   474.49,   474.20
595.04,   477.32,   599.12
604.38,   596.61,   346.52
600.69,   599.44,   471.43
597.01,   602.27,   596.34
725.36,   344.81,   355.79
721.68,   347.64,   480.71
717.99,   350.48,   605.62
727.33,   469.76,   353.02
723.65,   472.60,   477.93
719.97,   475.43,   602.85
729.31,   594.72,   350.24
725.62,   597.55,   475.16
721.94,   600.38,   600.07
473.77,   348.26,   475.82
472.42,   350.73,   600.79
471.07,   353.20,   725.76
471.51,   473.22,   473.33
470.16,   475.69,   598.30
468.81,   478.16,   723.26
469.24,   598.17,   470.83
467.90,   600.64,   595.80
466.55,   603.11,   720.77
598.74,   350.55,   477.13
597.39,   353.02,   602.09
596.04,   355.49,   727.06
596.48,   475.50,   474.63
595.13,   477.98,   599.60
593.78,   480.45,   724.57
594.22,   600.46,   472.13
592.87,   602.93,   597.10
591.52,   605.40,   722.07
723.71,   352.84,   478.43
722.36,   355.31,   603.40
721.02,   357.78,   728.37
721.45,   477.79,   475.93
720.10,   480.27,   600.90
718.75,   482.74,   725.87
719.19,   602.75,   473.44
717.84,   605.22,   598.41
716.49,   607.69,   723.37
473.23,   349.31,   598.90
472.05,   352.98,   723.84
470.87,   356.64,   848.78
475.74,   474.23,   595.26
474.56,   477.90,   720.20
473.38,   481.57,   845.14
478.25,   599.15,   591.61
477.07,   602.82,   716.55
475.89,   606.49,   841.49
598.20,   346.83,   600.15
597.02,   350.50,   725.09
595.84,   354.17,   850.04
600.71,   471.75,   596.51
599.53,   475.42,   721.45
598.35,   479.09,   846.39
603.22,   596.68,   592.87
602.04,   600.34,   717.81
600.86,   604.01,   842.75
723.17,   344.36,   601.41
721.99,   348.03,   726.35
720.81,   351.69,   851.29
725.68,   469.28,   597.76
724.50,   472.95,   722.71
723.32,   476.61,   847.65
728.19,   594.20,   594.12
727.01,   597.87,   719.06
725.83,   601.54,   844.00
475.17,   476.27,   98.53
477.31,   479.41,   223.47
479.45,   482.54,   348.41
472.60,   601.21,   95.44
474.73,   604.34,   220.38
476.87,   607.47,   345.33
470.02,   726.14,   92.35
472.16,   729.28,   217.30
474.30,   732.41,   342.24
600.13,   478.80,   96.33
602.27,   481.93,   221.27
604.41,   485.06,   346.21
597.55,   603.73,   93.24
599.69,   606.86,   218.18
601.83,   609.99,   343.12
594.97,   728.67,   90.15
597.11,   731.80,   215.09
599.25,   734.93,   340.03
725.08,   481.32,   94.12
727.22,   484.45,   219.06
729.36,   487.58,   344.01
722.51,   606.25,   91.03
724.65,   609.38,   215.98
726.78,   612.52,   340.92
719.93,   731.19,   87.95
722.07,   734.32,   212.89
724.21,   737.45,   337.83
473.82,   475.75,   224.18
473.11,   474.71,   349.18
472.40,   473.66,   474.17
470.54,   600.70,   225.21
469.83,   599.66,   350.20
469.12,   598.62,   475.19
467.25,   725.65,   226.23
466.54,   724.61,   351.22
465.84,   723.57,   476.22
598.77,   479.02,   224.92
598.07,   477.98,   349.91
597.36,   476.94,   474.91
595.49,   603.98,   225.94
594.78,   602.93,   350.94
594.07,   601.89,   475.93
592.21,   728.93,   226.97
591.50,   727.89,   351.96
590.79,   726.85,   476.95
723.73,   482.30,   225.65
723.02,   481.26,   350.65
722.31,   480.22,   475.64
720.45,   607.25,   226.68
719.74,   606.21,   351.67
719.03,   605.17,   476.67
717.16,   732.21,   227.70
716.45,   731.16,   352.70
715.75,   730.12,   477.69
473.37,   474.81,   351.77
472.67,   471.16,   476.72
471.96,   467.51,   601.66
472.83,   599.75,   355.42
472.13,   596.11,   480.36
471.42,   592.46,   605.31
472.29,   724.70,   359.06
471.59,   721.05,   484.01
470.88,   717.40,   608.95
598.37,   475.33,   352.49
597.66,   471.68,   477.44
596.95,   468.03,   602.38
597.83,   600.27,   356.14
597.12,   596.62,   481.08
596.41,   592.98,   606.03
597.29,   725.22,   359.79
596.58,   721.57,   484.73
595.87,   717.92,   609.68
723.37,   475.85,   353.22
722.66,   472.20,   478.16
721.95,   468.55,   603.11
722.83,   600.79,   356.86
722.12,   597.14,   481.81
721.41,   593.50,   606.75
722.29,   725.74,   360.51
721.58,   722.09,   485.45
720.87,   718.44,   610.40
474.21,   476.34,   474.92
475.87,   479.46,   599.87
477.53,   482.58,   724.82
470.92,   601.26,   471.85
472.57,   604.38,   596.80
474.23,   607.50,   721.75
467.62,   726.18,   468.77
469.28,   729.30,   593.72
470.94,   732.42,   718.67
599.16,   479.60,   473.18
600.82,   482.72,   598.13
602.48,   485.84,   723.08
595.86,   604.52,   470.10
597.52,   607.63,   595.05
599.18,   610.75,   720.01
592.56,   729.43,   467.03
594.22,   732.55,   591.98
595.88,   735.67,   716.93
724.10,   482.85,   471.44
725.76,   485.97,   596.39
727.42,   489.09,   721.34
720.81,   607.77,   468.36
722.47,   610.89,   593.31
724.12,   614.01,   718.26
717.51,   732.69,   465.29
719.17,   735.81,   590.24
720.83,   738.93,   715.19
475.98,   473.25,   599.82
479.38,   474.50,   724.77
482.78,   475.76,   849.72
473.68,   598.22,   598.63
477.08,   599.48,   723.58
480.47,   600.73,   848.53
471.38,   723.20,   597.44
474.78,   724.45,   722.39
478.17,   725.70,   847.34
600.92,   475.52,   596.41
604.31,   476.77,   721.35
607.71,   478.02,   846.30
598.61,   600.49,   595.21
602.01,   601.74,   720.16
605.41,   603.00,   845.11
596.31,   725.46,   594.02
599.71,   726.72,   718.97
603.11,   727.97,   843.92
725.85,   477.78,   592.99
729.24,   479.04,   717.93
732.64,   480.29,   842.88
723.55,   602.76,   591.80
726.94,   604.01,   716.74
730.34,   605.26,   841.69
721.25,   727.73,   590.60
724.64,   728.98,   715.55
728.04,   730.24,   840.50
475.99,   601.83,   99.46
477.51,   603.89,   224.43
479.04,   605.95,   349.40
475.28,   726.81,   97.40
476.80,   728.87,   222.38
478.32,   730.93,   347.35
474.56,   851.79,   95.35
476.08,   853.85,   220.32
477.61,   855.91,   345.30
600.98,   602.52,   97.92
602.50,   604.58,   222.90
604.03,   606.64,   347.87
600.26,   727.50,   95.87
601.79,   729.56,   220.84
603.31,   731.62,   345.82
599.55,   852.48,   93.82
601.07,   854.54,   218.79
602.59,   856.60,   343.76
725.97,   603.21,   96.39
727.49,   605.27,   221.36
729.01,   607.33,   346.33
725.25,   728.19,   94.33
726.78,   730.25,   219.31
728.30,   732.31,   344.28
724.54,   853.17,   92.28
726.06,   855.23,   217.26
727.58,   857.29,   342.23
476.47,   599.91,   223.48
477.65,   601.51,   348.46
478.82,   603.10,   473.45
474.12,   724.88,   221.91
475.29,   726.48,   346.89
476.47,   728.07,   471.88
471.76,   849.85,   220.34
472.94,   851.44,   345.32
474.11,   853.04,   470.30
601.44,   602.25,   222.28
602.62,   603.85,   347.26
603.80,   605.44,   472.24
599.09,   727.22,   220.70
600.26,   728.81,   345.69
601.44,   730.41,   470.67
596.73,   852.19,   219.13
597.91,   853.78,   344.11
599.09,   855.38,   469.10
726.42,   604.59,   221.07
727.59,   606.19,   346.06
728.77,   607.78,   471.04
724.06,   729.56,   219.50
725.24,   731.15,   344.48
726.41,   732.75,   469.47
721.71,   854.53,   217.93
722.88,   856.12,   342.91
724.06,   857.72,   467.89
475.77,   601.51,   351.75
472.93,   598.44,   476.68
470.09,   595.38,   601.61
477.22,   726.46,   354.85
474.38,   723.39,   479.78
471.54,   720.33,   604.71
478.67,   851.41,   357.95
475.83,   848.35,   482.88
472.99,   845.28,   607.81
600.73,   599.99,   354.55
597.89,   596.92,   479.48
595.05,   593.86,   604.41
602.18,   724.94,   357.65
599.34,   721.88,   482.58
596.50,   718.81,   607.51
603.63,   849.89,   360.75
600.79,   846.83,   485.68
597.95,   843.76,   610.61
725.69,   598.47,   357.36
722.85,   595.40,   482.29
720.01,   592.34,   607.22
727.14,   723.42,   360.46
724.30,   720.36,   485.39
721.46,   717.29,   610.32
728.59,   848.37,   363.55
725.75,   845.31,   488.48
722.91,   842.24,   613.41
476.73,   598.89,   475.63
473.58,   599.75,   600.59
470.44,   600.62,   725.54
473.80,   723.85,   474.69
470.66,   724.72,   599.64
467.51,   725.58,   724.60
470.88,   848.81,   473.75
467.73,   849.68,   598.70
464.59,   850.55,   723.66
601.65,   601.83,   478.75
598.51,   602.70,   603.71
595.36,   603.57,   728.67
598.73,   726.80,   477.81
595.59,   727.66,   602.77
592.44,   728.53,   727.73
595.81,   851.76,   476.87
592.66,   852.63,   601.83
589.52,   853.49,   726.78
726.58,   604.78,   481.88
723.44,   605.65,   606.83
720.29,   606.52,   731.79
723.66,   729.74,   480.94
720.51,   730.61,   605.89
717.37,   731.48,   730.85
720.73,   854.70,   479.99
717.59,   855.57,   604.95
714.44,   856.44,   729.91
473.10,   601.30,   600.26
475.24,   597.81,   725.19
477.38,   594.32,   850.12
473.48,   726.26,   603.74
475.62,   722.76,   728.68
477.76,   719.27,   853.61
473.85,   851.21,   607.23
475.99,   847.71,   732.16
478.13,   844.22,   857.10
598.08,   600.99,   598.11
600.22,   597.50,   723.04
602.36,   594.00,   847.97
598.46,   725.94,   601.59
600.60,   722.45,   726.53
602.74,   718.96,   851.46
598.83,   850.89,   605.08
600.97,   847.40,   730.02
603.11,   843.91,   854.95
723.07,   600.68,   595.96
725.21,   597.18,   720.89
727.35,   593.69,   845.82
723.44,   725.63,   599.44
725.58,   722.14,   724.38
727.72,   718.64,   849.31
723.81,   850.58,   602.93
725.95,   847.09,   727.87
728.09,   843.59,   852.80
598.27,   99.01,   101.39
600.54,   99.84,   226.36
602.82,   100.67,   351.34
596.16,   223.99,   100.59
598.44,   224.82,   225.57
600.71,   225.65,   350.55
594.05,   348.97,   99.80
596.33,   349.80,   224.78
598.61,   350.63,   349.76
723.23,   101.10,   99.10
725.50,   101.93,   224.07
727.78,   102.76,   349.05
721.12,   226.08,   98.30
723.40,   226.91,   223.28
725.68,   227.74,   348.26
719.02,   351.06,   97.51
721.29,   351.89,   222.49
723.57,   352.72,   347.46
848.19,   103.19,   96.80
850.47,   104.02,   221.78
852.74,   104.85,   346.76
846.08,   228.17,   96.01
848.36,   229.00,   220.99
850.64,   229.83,   345.97
843.98,   353.15,   95.22
846.25,   353.98,   220.20
848.53,   354.81,   345.17
599.36,   99.84,   223.76
600.48,   101.13,   348.75
601.60,   102.42,   473.74
596.29,   224.80,   222.50
597.41,   226.09,   347.49
598.53,   227.37,   472.48
593.23,   349.75,   221.24
594.35,   351.04,   346.23
595.47,   352.33,   471.22
724.32,   102.90,   222.61
725.44,   104.18,   347.60
726.56,   105.47,   472.59
721.25,   227.85,   221.35
722.37,   229.14,   346.34
723.49,   230.43,   471.33
718.18,   352.81,   220.09
719.30,   354.10,   345.08
720.42,   355.38,   470.07
849.27,   105.95,   221.46
850.39,   107.24,   346.45
851.51,   108.53,   471.44
846.21,   230.91,   220.20
847.33,   232.19,   345.19
848.45,   233.48,   470.18
843.14,   355.86,   218.94
844.26,   357.15,   343.93
845.38,   358.44,   468.92
598.40,   99.95,   349.34
599.19,   103.05,   474.30
599.97,   106.15,   599.26
598.89,   224.91,   346.24
599.67,   228.01,   471.20
600.46,   231.11,   596.16
599.38,   349.87,   343.14
600.16,   352.97,   468.09
600.94,   356.07,   593.05
723.40,   99.45,   348.57
724.18,   102.55,   473.53
724.97,   105.65,   598.49
723.89,   224.41,   345.47
724.67,   227.51,   470.43
725.45,   230.61,   595.39
724.37,   349.37,   342.36
725.16,   352.47,   467.32
725.94,   355.57,   592.28
848.40,   98.94,   347.80
849.18,   102.04,   472.76
849.96,   105.14,   597.72
848.88,   223.90,   344.70
849.67,   227.00,   469.66
850.45,   230.10,   594.61
849.37,   348.86,   341.59
850.15,   351.96,   466.55
850.94,   355.06,   591.51
598.71,   98.42,   475.53
602.18,   101.48,   600.45
605.64,   104.53,   725.36
600.91,   223.37,   472.42
604.38,   226.42,   597.33
607.85,   229.47,   722.25
603.12,   348.31,   469.31
606.59,   351.36,   594.22
610.06,   354.41,   719.14
723.64,   96.13,   472.12
727.11,   99.18,   597.04
730.58,   102.23,   721.95
725.85,   221.07,   469.01
729.31,   224.12,   593.92
732.78,   227.18,   718.84
728.05,   346.02,   465.89
731.52,   349.07,   590.81
734.99,   352.12,   715.72
848.57,   93.84,   468.71
852.04,   96.89,   593.62
855.51,   99.94,   718.54
850.78,   218.78,   465.60
854.25,   221.83,   590.51
857.72,   224.88,   715.42
852.99,   343.72,   462.48
856.45,   346.77,   587.40
859.92,   349.83,   712.31
600.76,   99.69,   600.98
599.03,   101.73,   725.95
597.30,   103.76,   850.93
603.27,   224.65,   598.98
601.53,   226.68,   723.95
599.80,   228.72,   848.92
605.77,   349.61,   596.98
604.04,   351.64,   721.95
602.31,   353.68,   846.92
725.73,   97.21,   602.76
723.99,   99.25,   727.73
722.26,   101.28,   852.70
728.23,   222.17,   600.75
726.50,   224.21,   725.73
724.76,   226.24,   850.70
730.74,   347.13,   598.75
729.00,   349.17,   723.73
727.27,   351.20,   848.70
850.69,   94.74,   604.53
848.95,   96.77,   729.50
847.22,   98.81,   854.47
853.19,   219.69,   602.53
851.46,   221.73,   727.50
849.73,   223.77,   852.47
855.70,   344.65,   600.53
853.97,   346.69,   725.50
852.23,   348.72,   850.47
599.14,   225.19,   100.79
600.70,   227.37,   225.76
602.26,   229.55,   350.73
597.21,   350.16,   98.63
598.76,   352.34,   223.60
600.32,   354.52,   348.57
595.27,   475.12,   96.47
596.83,   477.30,   221.44
598.39,   479.48,   346.42
724.12,   227.10,   99.19
725.68,   229.28,   224.16
727.24,   231.46,   349.14
722.18,   352.06,   97.04
723.74,   354.25,   222.01
725.30,   356.43,   346.98
720.24,   477.03,   94.88
721.80,   479.21,   219.85
723.36,   481.39,   344.82
849.09,   229.01,   97.60
850.65,   231.19,   222.57
852.21,   233.37,   347.54
847.16,   353.97,   95.44
848.72,   356.15,   220.41
850.27,   358.33,   345.39
845.22,   478.94,   93.29
846.78,   481.12,   218.26
848.34,   483.30,   343.23
601.42,   223.43,   225.84
603.54,   222.37,   350.82
605.66,   221.31,   475.80
604.39,   348.39,   226.85
606.50,   347.33,   351.83
608.62,   346.27,   476.81
607.35,   473.35,   227.86
609.46,   472.29,   352.84
611.58,   471.23,   477.82
726.37,   220.49,   223.70
728.49,   219.43,   348.68
730.61,   218.37,   473.66
729.33,   345.45,   224.71
731.45,   344.39,   349.69
733.57,   343.33,   474.67
732.29,   470.41,   225.72
734.41,   469.35,   350.70
736.53,   468.29,   475.67
851.32,   217.54,   221.56
853.44,   216.48,   346.54
855.55,   215.43,   471.51
854.28,   342.51,   222.57
856.40,   341.45,   347.55
858.51,   340.39,   472.52
857.24,   467.47,   223.58
859.36,   466.41,   348.55
861.48,   465.35,   473.53
601.67,   226.48,   349.44
598.91,   229.54,   474.38
596.16,   232.59,   599.31
600.88,   351.44,   346.37
598.13,   354.50,   471.30
595.37,   357.55,   596.23
600.09,   476.40,   343.30
597.34,   479.45,   468.23
594.58,   482.51,   593.16
726.64,   227.34,   352.18
723.88,   230.39,   477.11
721.13,   233.44,   602.04
725.85,   352.30,   349.11
723.09,   355.35,   474.04
720.34,   358.40,   598.97
725.06,   477.26,   346.03
722.30,   480.31,   470.96
719.55,   483.36,   595.90
851.60,   228.19,   354.91
848.85,   231.25,   479.85
846.09,   234.30,   604.78
850.81,   353.15,   351.84
848.06,   356.20,   476.77
845.30,   359.26,   601.70
850.03,   478.11,   348.77
847.27,   481.16,   473.70
844.52,   484.22,   598.63
598.84,   224.65,   473.70
598.74,   223.86,   598.69
598.65,   223.08,   723.69
598.33,   349.64,   474.48
598.24,   348.86,   599.48
598.14,   348.07,   724.48
597.83,   474.64,   475.27
597.73,   473.86,   600.26
597.63,   473.07,   725.26
723.84,   225.15,   473.80
723.74,   224.37,   598.79
723.65,   223.58,   723.79
723.33,   350.15,   474.58
723.24,   349.37,   599.58
723.14,   348.58,   724.58
722.82,   475.15,   475.37
722.73,   474.36,   600.36
722.63,   473.58,   725.36
848.84,   225.66,   473.90
848.74,   224.87,   598.89
848.64,   224.09,   723.89
848.33,   350.66,   474.68
848.23,   349.87,   599.68
848.14,   349.09,   724.68
847.82,   475.65,   475.47
847.73,   474.87,   600.46
847.63,   474.08,   725.46
599.29,   223.56,   600.16
602.27,   220.80,   725.10
605.25,   218.03,   850.03
599.15,   348.53,   602.93
602.13,   345.77,   727.86
605.11,   343.00,   852.80
599.01,   473.50,   605.70
601.99,   470.74,   730.63
604.97,   467.97,   855.56
724.26,   223.77,   597.19
727.24,   221.00,   722.12
730.22,   218.24,   847.05
724.12,   348.74,   599.95
727.10,   345.97,   724.89
730.08,   343.21,   849.82
723.97,   473.71,   602.72
726.95,   470.94,   727.65
729.93,   468.18,   852.59
849.22,   223.98,   594.21
852.20,   221.21,   719.14
855.18,   218.45,   844.08
849.08,   348.94,   596.98
852.06,   346.18,   721.91
855.04,   343.42,   846.84
848.94,   473.91,   599.74
851.92,   471.15,   724.68
854.90,   468.39,   849.61
599.40,   351.88,   100.06
598.74,   350.06,   225.04
598.07,   348.24,   350.03
600.81,   476.86,   101.89
600.14,   475.04,   226.87
599.47,   473.21,   351.86
602.21,   601.84,   103.72
601.54,   600.02,   228.70
600.88,   598.19,   353.69
724.39,   350.47,   100.70
723.73,   348.65,   225.69
723.06,   346.82,   350.67
725.80,   475.45,   102.54
725.13,   473.63,   227.52
724.46,   471.80,   352.50
727.20,   600.43,   104.37
726.53,   598.60,   229.35
725.87,   596.78,   354.34
849.38,   349.06,   101.35
848.72,   347.24,   226.34
848.05,   345.41,   351.32
850.79,   474.04,   103.18
850.12,   472.21,   228.17
849.45,   470.39,   353.15
852.19,   599.02,   105.01
851.52,   597.19,   230.00
850.86,   595.37,   354.98
598.14,   350.56,   225.33
595.44,   350.99,   350.30
592.74,   351.42,   475.27
594.53,   475.50,   224.82
591.83,   475.93,   349.79
589.13,   476.36,   474.76
590.92,   600.45,   224.31
588.22,   600.88,   349.28
585.52,   601.31,   474.25
723.06,   354.18,   228.01
720.36,   354.61,   352.98
717.66,   355.04,   477.95
719.45,   479.12,   227.51
716.75,   479.55,   352.48
714.05,   479.98,   477.45
715.84,   604.07,   227.00
713.14,   604.50,   351.97
710.44,   604.93,   476.94
847.98,   357.80,   230.70
845.28,   358.23,   355.67
842.58,   358.66,   480.64
844.37,   482.75,   230.19
841.67,   483.17,   355.16
838.97,   483.60,   480.13
840.76,   607.69,   229.69
838.06,   608.12,   354.66
835.36,   608.55,   479.63
599.46,   351.48,   349.37
599.80,   348.39,   474.33
600.14,   345.31,   599.29
598.49,   476.44,   352.46
598.83,   473.35,   477.42
599.16,   470.27,   602.38
597.51,   601.40,   355.55
597.85,   598.31,   480.51
598.19,   595.22,   605.47
724.46,   352.46,   349.05
724.80,   349.38,   474.01
725.13,   346.29,   598.98
723.48,   477.42,   352.14
723.82,   474.34,   477.10
724.16,   471.25,   602.07
722.51,   602.38,   355.23
722.85,   599.29,   480.20
723.19,   596.21,   605.16
849.45,   353.45,   348.74
849.79,   350.36,   473.70
850.13,   347.27,   598.66
848.48,   478.40,   351.83
848.82,   475.32,   476.79
849.16,   472.23,   601.75
847.50,   603.36,   354.92
847.84,   600.28,   479.88
848.18,   597.19,   604.84
599.54,   348.92,   475.92
598.98,   352.53,   600.87
598.42,   356.14,   725.82
597.01,   473.84,   472.30
596.45,   477.45,   597.25
595.88,   481.06,   722.19
594.47,   598.76,   468.68
593.91,   602.37,   593.62
593.35,   605.99,   718.57
724.51,   351.47,   476.41
723.95,   355.08,   601.36
723.39,   358.69,   726.31
721.98,   476.39,   472.79
721.42,   480.00,   597.74
720.86,   483.61,   722.68
719.45,   601.31,   469.17
718.89,   604.92,   594.11
718.32,   608.53,   719.06
849.49,   354.01,   476.90
848.92,   357.63,   601.85
848.36,   361.24,   726.79
846.95,   478.94,   473.28
846.39,   482.55,   598.22
845.83,   486.16,   723.17
844.42,   603.86,   469.65
843.86,   607.47,   594.60
843.30,   611.08,   719.55
599.43,   351.64,   599.77
599.07,   349.08,   724.74
598.71,   346.53,   849.71
598.11,   476.61,   602.32
597.75,   474.05,   727.29
597.40,   471.50,   852.27
596.80,   601.57,   604.87
596.44,   599.02,   729.84
596.08,   596.46,   854.82
724.43,   352.95,   600.15
724.07,   350.40,   725.13
723.71,   347.84,   850.10
723.11,   477.92,   602.71
722.75,   475.36,   727.68
722.39,   472.81,   852.65
721.79,   602.88,   605.26
721.43,   600.33,   730.23
721.07,   597.77,   855.20
849.42,   354.26,   600.54
849.06,   351.71,   725.51
848.70,   349.15,   850.49
848.10,   479.23,   603.09
847.74,   476.67,   728.07
847.38,   474.12,   853.04
846.78,   604.20,   605.64
846.42,   601.64,   730.62
846.06,   599.09,   855.59
599.12,   474.47,   99.90
596.94,   473.71,   224.88
594.75,   472.96,   349.86
599.63,   599.47,   100.66
597.45,   598.71,   225.64
595.26,   597.96,   350.62
600.14,   724.46,   101.43
597.95,   723.71,   226.41
595.77,   722.95,   351.38
724.10,   473.95,   102.08
721.92,   473.19,   227.06
719.73,   472.44,   352.04
724.61,   598.94,   102.85
722.42,   598.19,   227.82
720.24,   597.43,   352.80
725.12,   723.94,   103.61
722.93,   723.18,   228.59
720.75,   722.43,   353.57
849.08,   473.42,   104.26
846.90,   472.67,   229.24
844.71,   471.91,   354.22
849.59,   598.42,   105.03
847.40,   597.66,   230.01
845.22,   596.91,   354.98
850.10,   723.42,   105.79
847.91,   722.66,   230.77
845.73,   721.91,   355.75
600.58,   473.71,   223.30
602.10,   474.76,   348.29
603.62,   475.82,   473.27
599.09,   598.70,   222.26
600.61,   599.75,   347.25
602.13,   600.80,   472.24
597.60,   723.68,   221.23
599.12,   724.74,   346.21
600.63,   725.79,   471.20
725.57,   475.19,   221.77
727.08,   476.24,   346.76
728.60,   477.30,   471.74
724.07,   600.18,   220.73
725.59,   601.23,   345.72
727.11,   602.28,   470.71
722.58,   725.16,   219.70
724.10,   726.22,   344.68
725.61,   727.27,   469.67
850.55,   476.67,   220.24
852.06,   477.72,   345.23
853.58,   478.78,   470.21
849.05,   601.66,   219.21
850.57,   602.71,   344.19
852.09,   603.76,   469.18
847.56,   726.64,   218.17
849.08,   727.70,   343.16
850.60,   728.75,   468.14
600.91,   476.52,   348.84
597.23,   476.07,   473.78
593.54,   475.63,   598.73
598.79,   601.50,   349.22
595.11,   601.05,   474.17
591.42,   600.61,   599.11
596.67,   726.48,   349.60
592.99,   726.04,   474.55
589.30,   725.59,   599.49
725.84,   478.62,   352.53
722.15,   478.18,   477.48
718.47,   477.74,   602.42
723.72,   603.61,   352.91
720.03,   603.16,   477.86
716.35,   602.72,   602.80
721.60,   728.59,   353.29
717.92,   728.14,   478.24
714.23,   727.70,   603.18
850.77,   480.73,   356.22
847.08,   480.29,   481.17
843.40,   479.84,   606.11
848.65,   605.71,   356.60
844.96,   605.27,   481.55
841.28,   604.82,   606.49
846.53,   730.69,   356.99
842.84,   730.25,   481.93
839.16,   729.81,   606.88
599.59,   475.63,   475.94
602.82,   472.97,   600.87
606.04,   470.31,   725.80
598.64,   600.60,   478.62
601.87,   597.94,   603.55
605.10,   595.28,   728.48
597.70,   725.56,   481.31
600.93,   722.91,   606.24
604.15,   720.25,   731.17
724.54,   476.64,   472.74
727.77,   473.98,   597.67
731.00,   471.33,   722.60
723.60,   601.61,   475.42
726.83,   598.95,   600.35
730.05,   596.29,   725.28
722.65,   726.58,   478.10
725.88,   723.92,   603.03
729.11,   721.26,   727.96
849.50,   477.66,   469.53
852.72,   475.00,   594.46
855.95,   472.34,   719.39
848.55,   602.62,   472.22
851.78,   599.96,   597.15
855.01,   597.31,   722.08
847.61,   727.59,   474.90
850.83,   724.93,   599.83
854.06,   722.27,   724.76
598.98,   475.89,   601.19
597.57,   476.06,   726.18
596.16,   476.23,   851.17
598.22,   600.89,   601.01
596.81,   601.06,   726.00
595.40,   601.23,   850.99
597.45,   725.88,   600.83
596.04,   726.05,   725.82
594.64,   726.22,   850.81
723.97,   476.65,   602.59
722.56,   476.82,   727.59
721.15,   476.99,   852.58
723.20,   601.65,   602.41
721.80,   601.82,   727.41
720.39,   601.99,   852.40
722.44,   726.65,   602.23
721.03,   726.82,   727.23
719.63,   726.99,   852.22
848.96,   477.42,   604.00
847.55,   477.59,   728.99
846.14,   477.76,   853.98
848.19,   602.42,   603.82
846.79,   602.59,   728.81
845.38,   602.76,   853.80
847.43,   727.41,   603.64
846.02,   727.58,   728.63
844.62,   727.75,   853.63
600.40,   600.38,   98.72
599.99,   599.80,   223.72
599.58,   599.22,   348.71
603.36,   725.34,   99.30
602.95,   724.76,   224.30
602.54,   724.19,   349.30
606.31,   850.30,   99.89
605.90,   849.73,   224.89
605.49,   849.15,   349.89
725.36,   597.42,   99.11
724.96,   596.84,   224.11
724.55,   596.26,   349.11
728.32,   722.38,   99.70
727.91,   721.80,   224.70
727.50,   721.23,   349.70
731.28,   847.35,   100.29
730.87,   846.77,   225.28
730.46,   846.19,   350.28
850.33,   594.46,   99.51
849.92,   593.88,   224.51
849.51,   593.31,   349.50
853.28,   719.42,   100.09
852.88,   718.85,   225.09
852.47,   718.27,   350.09
856.24,   844.39,   100.68
855.83,   843.81,   225.68
855.42,   843.23,   350.68
599.66,   599.91,   223.97
602.14,   598.27,   348.94
604.61,   596.64,   473.90
602.11,   724.88,   225.56
604.59,   723.24,   350.53
607.07,   721.60,   475.49
604.57,   849.84,   227.15
607.05,   848.21,   352.11
609.52,   846.57,   477.08
724.61,   597.49,   221.47
727.09,   595.85,   346.43
729.57,   594.22,   471.39
727.07,   722.45,   223.05
729.54,   720.82,   348.02
732.02,   719.18,   472.98
729.52,   847.42,   224.64
732.00,   845.78,   349.61
734.47,   844.15,   474.57
849.56,   595.07,   218.96
852.04,   593.43,   343.92
854.52,   591.79,   468.89
852.02,   720.03,   220.54
854.49,   718.40,   345.51
856.97,   716.76,   470.47
854.47,   845.00,   222.13
856.95,   843.36,   347.10
859.42,   841.73,   472.06
600.61,   600.30,   348.56
601.52,   601.71,   473.54
602.43,   603.13,   598.53
598.46,   725.27,   347.15
599.38,   726.69,   472.14
600.29,   728.10,   597.13
596.32,   850.24,   345.75
597.23,   851.66,   470.74
598.14,   853.08,   595.73
725.59,   602.43,   347.62
726.50,   603.85,   472.61
727.41,   605.26,   597.60
723.44,   727.40,   346.22
724.35,   728.82,   471.21
725.26,   730.24,   596.20
721.30,   852.38,   344.82
722.21,   853.79,   469.81
723.12,   855.21,   594.79
850.56,   604.56,   346.69
851.48,   605.98,   471.67
852.39,   607.40,   596.66
848.42,   729.54,   345.28
849.33,   730.95,   470.27
850.24,   732.37,   595.26
846.28,   854.51,   343.88
847.19,   855.93,   468.87
848.10,   857.34,   593.86
598.24,   601.09,   475.75
596.44,   597.63,   600.69
594.63,   594.18,   725.63
597.79,   726.04,   479.20
595.99,   722.58,   604.14
594.19,   719.13,   729.08
597.34,   850.99,   482.65
595.54,   847.54,   607.59
593.74,   844.08,   732.53
723.22,   601.49,   477.57
721.42,   598.03,   602.51
719.62,   594.58,   727.45
722.78,   726.44,   481.02
720.98,   722.98,   605.96
719.17,   719.53,   730.90
722.33,   851.39,   484.47
720.53,   847.93,   609.41
718.73,   844.48,   734.34
848.21,   601.88,   479.38
846.41,   598.43,   604.32
844.61,   594.97,   729.26
847.76,   726.83,   482.83
845.96,   723.38,   607.77
844.16,   719.93,   732.71
847.32,   851.79,   486.28
845.51,   848.33,   611.22
843.71,   844.88,   736.16
600.24,   600.04,   601.73
602.54,   599.25,   726.70
604.83,   598.45,   851.68
597.14,   725.00,   602.58
599.43,   724.20,   727.55
601.72,   723.41,   852.53
594.03,   849.95,   603.43
596.32,   849.16,   728.40
598.62,   848.37,   853.38
725.18,   603.16,   599.45
727.48,   602.37,   724.43
729.77,   601.57,   849.41
722.08,   728.12,   600.30
724.37,   727.33,   725.28
726.66,   726.53,   850.26
718.97,   853.08,   601.15
721.26,   852.28,   726.13
723.56,   851.49,   851.10
850.12,   606.28,   597.18
852.42,   605.49,   722.16
854.71,   604.70,   847.13
847.02,   731.24,   598.03
849.31,   730.45,   723.00
851.60,   729.65,   847.98
843.91,   856.20,   598.88
846.20,   855.40,   723.85
848.50,   854.61,   848.83
