27, 125, pa2-debug-e-output-1.txt
185.81,   194.66,   190.45
393.04,   393.03,   189.42
98.17,   99.65,   101.20
96.25,   102.34,   226.16
94.34,   105.03,   351.12
98.36,   224.62,   98.52
96.45,   227.31,   223.47
94.54,   230.00,   348.43
98.55,   349.59,   95.83
96.64,   352.28,   220.79
94.73,   354.97,   345.75
223.15,   99.50,   103.12
221.24,   102.19,   228.07
219.33,   104.87,   353.03
223.34,   224.47,   100.43
221.43,   227.16,   225.39
219.52,   229.84,   350.35
223.54,   349.44,   97.75
221.63,   352.13,   222.71
219.72,   354.82,   347.66
348.14,   99.35,   105.03
346.22,   102.03,   229.99
344.31,   104.72,   354.95
348.33,   224.32,   102.35
346.42,   227.00,   227.30
344.51,   229.69,   352.26
348.52,   349.29,   99.66
346.61,   351.98,   224.62
344.70,   354.66,   349.58
101.79,   100.51,   224.99
103.30,   100.20,   349.98
104.82,   99.89,   474.97
99.44,   225.49,   225.33
100.95,   225.18,   350.32
102.46,   224.87,   475.31
97.08,   350.47,   225.67
98.59,   350.16,   350.66
100.10,   349.84,   475.65
226.76,   102.87,   223.48
228.27,   102.56,   348.47
229.78,   102.25,   473.46
224.40,   227.85,   223.82
225.92,   227.54,   348.81
227.43,   227.23,   473.80
222.05,   352.83,   224.17
223.56,   352.52,   349.16
225.07,   352.20,   474.15
351.73,   105.23,   221.98
353.24,   104.92,   346.97
354.75,   104.61,   471.96
349.37,   230.21,   222.32
350.88,   229.90,   347.31
352.40,   229.59,   472.30
347.02,   355.19,   222.66
348.53,   354.88,   347.65
350.04,   354.56,   472.64
99.28,   99.80,   350.01
101.45,   97.99,   474.98
103.62,   96.19,   599.95
97.98,   224.78,   351.84
100.16,   222.97,   476.81
102.33,   221.17,   601.77
96.69,   349.76,   353.67
98.86,   347.95,   478.64
101.03,   346.15,   603.60
224.25,   101.13,   347.86
226.43,   99.32,   472.82
228.60,   97.51,   597.79
222.96,   226.11,   349.68
225.13,   224.30,   474.65
227.30,   222.49,   599.62
221.66,   351.09,   351.51
223.83,   349.28,   476.48
226.01,   347.47,   601.45
349.23,   102.45,   345.70
351.40,   100.65,   470.67
353.57,   98.84,   595.64
347.93,   227.43,   347.53
350.10,   225.63,   472.50
352.28,   223.82,   597.47
346.64,   352.41,   349.36
348.81,   350.61,   474.33
350.98,   348.80,   599.30
101.83,   100.30,   474.50
98.41,   101.29,   599.45
94.98,   102.29,   724.40
104.51,   225.27,   473.58
101.08,   226.26,   598.53
97.66,   227.26,   723.48
107.18,   350.23,   472.65
103.76,   351.23,   597.60
100.33,   352.23,   722.55
226.76,   97.65,   477.94
223.33,   98.65,   602.89
219.91,   99.64,   727.84
229.43,   222.62,   477.02
226.01,   223.61,   601.97
222.58,   224.61,   726.92
232.10,   347.59,   476.10
228.68,   348.58,   601.05
225.26,   349.58,   726.00
351.68,   95.00,   481.39
348.26,   96.00,   606.34
344.83,   97.00,   731.29
354.35,   219.97,   480.47
350.93,   220.97,   605.41
347.51,   221.96,   730.36
357.03,   344.94,   479.54
353.61,   345.94,   604.49
350.18,   346.93,   729.44
98.45,   99.94,   599.40
97.13,   100.74,   724.39
95.81,   101.54,   849.38
100.06,   224.92,   598.62
98.74,   225.72,   723.61
97.42,   226.52,   848.60
101.68,   349.91,   597.84
100.36,   350.71,   722.83
99.04,   351.51,   847.82
223.43,   98.33,   600.73
222.11,   99.13,   725.72
220.79,   99.93,   850.71
225.05,   223.31,   599.95
223.73,   224.12,   724.94
222.41,   224.92,   849.93
226.66,   348.30,   599.17
225.34,   349.10,   724.16
224.02,   349.90,   849.15
348.41,   96.72,   602.06
347.09,   97.52,   727.05
345.77,   98.32,   852.04
350.03,   221.71,   601.28
348.71,   222.51,   726.27
347.39,   223.31,   851.26
351.65,   346.69,   600.49
350.33,   347.49,   725.49
349.01,   348.29,   850.48
99.40,   224.36,   101.11
98.52,   224.19,   226.11
97.64,   224.01,   351.10
98.21,   349.35,   101.27
97.33,   349.18,   226.27
96.45,   349.01,   351.27
97.01,   474.35,   101.44
96.13,   474.17,   226.44
95.25,   474.00,   351.43
224.39,   225.55,   101.99
223.51,   225.38,   226.99
222.63,   225.21,   351.99
223.20,   350.55,   102.16
222.32,   350.37,   227.15
221.44,   350.20,   352.15
222.00,   475.54,   102.32
221.12,   475.37,   227.32
220.24,   475.19,   352.32
349.38,   226.75,   102.88
348.50,   226.57,   227.87
347.62,   226.40,   352.87
348.19,   351.74,   103.04
347.31,   351.57,   228.04
346.43,   351.39,   353.03
346.99,   476.73,   103.20
346.11,   476.56,   228.20
345.23,   476.39,   353.20
101.24,   224.44,   225.00
103.73,   222.40,   349.96
106.23,   220.36,   474.92
97.80,   349.37,   227.11
100.29,   347.33,   352.07
102.79,   345.29,   477.03
94.36,   474.31,   229.22
96.86,   472.27,   354.18
99.35,   470.23,   479.14
226.16,   227.92,   222.56
228.66,   225.88,   347.52
231.16,   223.84,   472.48
222.73,   352.85,   224.67
225.22,   350.81,   349.63
227.72,   348.77,   474.59
219.29,   477.79,   226.78
221.78,   475.75,   351.74
224.28,   473.71,   476.70
351.09,   231.40,   220.12
353.59,   229.36,   345.08
356.09,   227.32,   470.04
347.65,   356.33,   222.23
350.15,   354.29,   347.19
352.65,   352.25,   472.15
344.21,   481.27,   224.34
346.71,   479.23,   349.30
349.21,   477.18,   474.26
99.66,   224.36,   348.33
99.50,   226.22,   473.31
99.33,   228.09,   598.30
96.34,   349.30,   346.46
96.17,   351.17,   471.45
96.00,   353.03,   596.43
93.01,   474.24,   344.59
92.84,   476.11,   469.58
92.67,   477.97,   594.56
224.62,   227.69,   348.45
224.45,   229.55,   473.43
224.28,   231.42,   598.42
221.29,   352.63,   346.58
221.12,   354.50,   471.56
220.96,   356.36,   596.55
217.97,   477.57,   344.71
217.80,   479.44,   469.70
217.63,   481.30,   594.68
349.58,   231.02,   348.56
349.41,   232.88,   473.55
349.24,   234.75,   598.54
346.25,   355.96,   346.70
346.08,   357.82,   471.68
345.91,   359.69,   596.67
342.92,   480.90,   344.83
342.75,   482.77,   469.82
342.58,   484.63,   594.80
101.38,   223.99,   474.78
104.01,   221.78,   599.73
106.64,   219.57,   724.69
100.60,   348.97,   477.01
103.23,   346.76,   601.96
105.86,   344.55,   726.92
99.82,   473.95,   479.24
102.45,   471.74,   604.19
105.08,   469.52,   729.15
226.35,   224.82,   472.17
228.98,   222.61,   597.12
231.61,   220.40,   722.07
225.57,   349.80,   474.39
228.20,   347.59,   599.35
230.83,   345.37,   724.30
224.79,   474.77,   476.62
227.42,   472.56,   601.58
230.05,   470.35,   726.53
351.32,   225.65,   469.55
353.95,   223.43,   594.50
356.58,   221.22,   719.46
350.54,   350.62,   471.78
353.17,   348.41,   596.73
355.80,   346.20,   721.68
349.76,   475.60,   474.01
352.39,   473.39,   598.96
355.02,   471.18,   723.91
98.74,   226.62,   600.86
96.33,   222.94,   725.78
93.92,   219.26,   850.70
101.01,   351.54,   604.58
98.60,   347.86,   729.50
96.19,   344.18,   854.42
103.28,   476.47,   608.30
100.87,   472.79,   733.22
98.46,   469.11,   858.15
223.70,   224.28,   603.20
221.29,   220.60,   728.12
218.88,   216.92,   853.04
225.97,   349.20,   606.92
223.56,   345.52,   731.84
221.15,   341.85,   856.77
228.23,   474.13,   610.64
225.82,   470.45,   735.56
223.42,   466.77,   860.49
348.65,   221.94,   605.54
346.24,   218.26,   730.46
343.83,   214.58,   855.38
350.92,   346.86,   609.26
348.51,   343.18,   734.18
346.10,   339.51,   859.11
353.19,   471.79,   612.98
350.78,   468.11,   737.91
348.37,   464.43,   862.83
99.18,   351.69,   101.30
96.58,   352.87,   226.26
93.99,   354.04,   351.23
96.17,   476.64,   100.06
93.58,   477.82,   225.02
90.99,   479.00,   349.99
93.17,   601.60,   98.81
90.58,   602.78,   223.78
87.98,   603.96,   348.75
224.11,   354.72,   103.86
221.52,   355.89,   228.83
218.93,   357.07,   353.79
221.11,   479.67,   102.62
218.52,   480.85,   227.59
215.92,   482.03,   352.55
218.11,   604.63,   101.38
215.51,   605.81,   226.35
212.92,   606.99,   351.31
349.05,   357.74,   106.42
346.46,   358.92,   231.39
343.86,   360.10,   356.36
346.05,   482.70,   105.18
343.45,   483.88,   230.15
340.86,   485.06,   355.12
343.04,   607.66,   103.94
340.45,   608.84,   228.91
337.86,   610.02,   353.88
101.98,   351.83,   224.38
101.00,   352.85,   349.37
100.02,   353.87,   474.36
99.43,   476.80,   223.34
98.46,   477.82,   348.33
97.48,   478.84,   473.32
96.89,   601.77,   222.29
95.91,   602.79,   347.29
94.94,   603.81,   472.28
226.95,   354.38,   225.34
225.97,   355.40,   350.33
224.99,   356.42,   475.32
224.40,   479.35,   224.29
223.43,   480.37,   349.28
222.45,   481.39,   474.28
221.86,   604.32,   223.25
220.88,   605.34,   348.24
219.91,   606.36,   473.23
351.92,   356.93,   226.29
350.94,   357.95,   351.28
349.96,   358.98,   476.28
349.37,   481.90,   225.25
348.40,   482.92,   350.24
347.42,   483.95,   475.23
346.83,   606.87,   224.21
345.85,   607.89,   349.20
344.88,   608.92,   474.19
101.33,   349.36,   350.58
103.91,   348.36,   475.55
106.49,   347.36,   600.52
100.25,   474.35,   351.60
102.83,   473.35,   476.57
105.42,   472.35,   601.54
99.17,   599.34,   352.62
101.76,   598.34,   477.59
104.34,   597.34,   602.56
226.30,   350.46,   348.01
228.88,   349.46,   472.98
231.46,   348.46,   597.94
225.22,   475.45,   349.03
227.80,   474.45,   474.00
230.39,   473.45,   598.97
224.14,   600.44,   350.05
226.73,   599.44,   475.02
229.31,   598.44,   599.99
351.26,   351.56,   345.43
353.85,   350.56,   470.40
356.43,   349.56,   595.37
350.19,   476.55,   346.45
352.77,   475.55,   471.42
355.35,   474.55,   596.39
349.11,   601.54,   347.47
351.69,   600.54,   472.44
354.28,   599.54,   597.41
100.93,   349.50,   473.31
101.48,   349.86,   598.31
102.03,   350.22,   723.31
100.79,   474.49,   472.95
101.33,   474.86,   597.95
101.88,   475.22,   722.95
100.64,   599.49,   472.59
101.19,   599.86,   597.59
101.74,   600.22,   722.58
225.93,   349.64,   472.76
226.48,   350.00,   597.76
227.03,   350.36,   722.76
225.79,   474.64,   472.40
226.33,   475.00,   597.40
226.88,   475.36,   722.40
225.64,   599.64,   472.04
226.19,   600.00,   597.04
226.74,   600.36,   722.04
350.93,   349.78,   472.22
351.48,   350.14,   597.21
352.02,   350.51,   722.21
350.78,   474.78,   471.85
351.33,   475.14,   596.85
351.88,   475.51,   721.85
350.64,   599.78,   471.49
351.19,   600.14,   596.49
351.74,   600.51,   721.49
98.58,   351.80,   599.16
100.00,   353.48,   724.14
101.41,   355.17,   849.12
95.79,   476.75,   597.50
97.20,   478.44,   722.48
98.62,   480.13,   847.46
93.00,   601.71,   595.85
94.41,   603.40,   720.83
95.83,   605.09,   845.81
223.54,   354.57,   597.71
224.96,   356.26,   722.69
226.37,   357.94,   847.67
220.75,   479.53,   596.05
222.17,   481.21,   721.03
223.58,   482.90,   846.01
217.96,   604.48,   594.40
219.37,   606.17,   719.38
220.79,   607.86,   844.36
348.50,   357.34,   596.26
349.92,   359.03,   721.24
351.33,   360.72,   846.22
345.71,   482.30,   594.60
347.13,   483.99,   719.58
348.54,   485.67,   844.56
342.92,   607.25,   592.94
344.34,   608.94,   717.93
345.75,   610.63,   842.91
98.35,   476.67,   101.94
94.62,   476.16,   226.88
90.90,   475.65,   351.83
96.98,   601.66,   102.41
93.25,   601.15,   227.35
89.53,   600.65,   352.30
95.61,   726.66,   102.88
91.88,   726.15,   227.82
88.16,   725.64,   352.77
223.29,   478.03,   105.67
219.56,   477.52,   230.62
215.83,   477.01,   355.56
221.92,   603.02,   106.14
218.19,   602.51,   231.09
214.46,   602.00,   356.03
220.55,   728.01,   106.61
216.82,   727.50,   231.55
213.09,   726.99,   356.50
348.22,   479.38,   109.40
344.50,   478.87,   234.35
340.77,   478.36,   359.29
346.85,   604.37,   109.87
343.13,   603.87,   234.82
339.40,   603.36,   359.76
345.48,   729.37,   110.34
341.76,   728.86,   235.29
338.03,   728.35,   360.23
101.28,   475.81,   226.69
103.21,   475.91,   351.67
105.15,   476.00,   476.66
98.36,   600.78,   226.64
100.29,   600.87,   351.63
102.23,   600.97,   476.61
95.43,   725.75,   226.59
97.37,   725.84,   351.58
99.31,   725.93,   476.56
226.23,   478.73,   224.75
228.17,   478.83,   349.74
230.10,   478.92,   474.72
223.31,   603.70,   224.70
225.24,   603.79,   349.69
227.18,   603.89,   474.67
220.38,   728.67,   224.65
222.32,   728.76,   349.64
224.26,   728.85,   474.62
351.18,   481.65,   222.81
353.12,   481.75,   347.80
355.05,   481.84,   472.78
348.26,   606.62,   222.76
350.19,   606.71,   347.75
352.13,   606.81,   472.73
345.34,   731.59,   222.71
347.27,   731.68,   347.70
349.21,   731.77,   472.68
101.38,   476.09,   350.85
100.94,   474.05,   475.84
100.50,   472.01,   600.82
98.92,   601.05,   352.89
98.48,   599.01,   477.87
98.04,   596.97,   602.85
96.46,   726.01,   354.92
96.02,   723.97,   479.90
95.58,   721.93,   604.88
226.35,   478.54,   351.33
225.91,   476.50,   476.32
225.47,   474.46,   601.30
223.90,   603.50,   353.37
223.46,   601.46,   478.35
223.02,   599.42,   603.33
221.44,   728.46,   355.40
221.00,   726.42,   480.38
220.56,   724.38,   605.36
351.33,   481.00,   351.81
350.89,   478.95,   476.80
350.45,   476.91,   601.78
348.87,   605.95,   353.85
348.43,   603.91,   478.83
347.99,   601.87,   603.81
346.41,   730.91,   355.88
345.97,   728.87,   480.86
345.53,   726.83,   605.84
101.63,   474.38,   475.84
99.67,   471.24,   600.78
97.71,   468.10,   725.73
104.52,   599.31,   479.02
102.56,   596.17,   603.97
100.61,   593.02,   728.91
107.42,   724.23,   482.21
105.46,   721.09,   607.15
103.50,   717.95,   732.10
226.58,   471.44,   477.72
224.62,   468.30,   602.66
222.66,   465.15,   727.61
229.47,   596.36,   480.91
227.52,   593.22,   605.85
225.56,   590.08,   730.80
232.37,   721.29,   484.09
230.41,   718.15,   609.04
228.45,   715.01,   733.98
351.53,   468.49,   479.60
349.57,   465.35,   604.55
347.61,   462.21,   729.49
354.42,   593.42,   482.79
352.47,   590.28,   607.73
350.51,   587.14,   732.68
357.32,   718.35,   485.98
355.36,   715.20,   610.92
353.41,   712.06,   735.87
99.49,   474.51,   600.89
100.10,   471.13,   725.84
100.70,   467.75,   850.80
97.81,   599.45,   604.28
98.41,   596.07,   729.23
99.01,   592.69,   854.19
96.12,   724.39,   607.67
96.72,   721.01,   732.62
97.32,   717.63,   857.57
224.48,   476.21,   600.34
225.08,   472.83,   725.29
225.68,   469.45,   850.24
222.80,   601.15,   603.73
223.40,   597.77,   728.68
224.00,   594.39,   853.63
221.11,   726.09,   607.11
221.71,   722.71,   732.07
222.31,   719.33,   857.02
349.47,   477.91,   599.78
350.07,   474.53,   724.73
350.67,   471.15,   849.69
347.78,   602.85,   603.17
348.38,   599.47,   728.12
348.98,   596.09,   853.08
346.10,   727.80,   606.56
346.70,   724.41,   731.51
347.30,   721.03,   856.46
101.34,   599.29,   101.77
98.25,   596.73,   226.71
95.17,   594.16,   351.64
104.49,   724.22,   104.41
101.40,   721.66,   229.34
98.31,   719.10,   354.28
107.64,   849.15,   107.05
104.55,   846.59,   231.98
101.46,   844.03,   356.92
226.26,   596.08,   104.79
223.18,   593.51,   229.73
220.09,   590.95,   354.66
229.41,   721.01,   107.43
226.33,   718.45,   232.37
223.24,   715.88,   357.30
232.56,   845.94,   110.07
229.47,   843.38,   235.01
226.39,   840.82,   359.94
351.19,   592.86,   107.81
348.10,   590.30,   232.75
345.01,   587.74,   357.68
354.34,   717.79,   110.45
351.25,   715.23,   235.39
348.16,   712.67,   360.32
357.48,   842.73,   113.09
354.40,   840.17,   238.03
351.31,   837.60,   362.96
100.87,   600.34,   224.53
97.52,   600.59,   349.49
94.17,   600.83,   474.44
100.71,   725.34,   224.28
97.36,   725.59,   349.24
94.01,   725.83,   474.19
100.55,   850.34,   224.04
97.20,   850.59,   348.99
93.85,   850.83,   473.95
225.83,   600.51,   227.88
222.48,   600.75,   352.84
219.12,   601.00,   477.79
225.67,   725.51,   227.63
222.32,   725.75,   352.59
218.96,   726.00,   477.54
225.51,   850.51,   227.39
222.16,   850.75,   352.34
218.80,   851.00,   477.30
350.78,   600.68,   231.23
347.43,   600.92,   356.19
344.08,   601.16,   481.14
350.62,   725.68,   230.98
347.27,   725.92,   355.94
343.92,   726.16,   480.89
350.46,   850.68,   230.74
347.11,   850.92,   355.69
343.76,   851.16,   480.65
101.83,   599.03,   350.42
100.64,   602.30,   475.37
99.45,   605.57,   600.32
102.61,   723.98,   347.16
101.42,   727.25,   472.11
100.24,   730.52,   597.06
103.39,   848.94,   343.90
102.21,   852.21,   468.85
101.02,   855.48,   593.80
226.82,   598.28,   351.63
225.64,   601.55,   476.58
224.45,   604.82,   601.53
227.61,   723.24,   348.37
226.42,   726.50,   473.32
225.23,   729.77,   598.27
228.39,   848.19,   345.11
227.20,   851.46,   470.06
226.01,   854.73,   595.01
351.82,   597.53,   352.84
350.63,   600.80,   477.79
349.44,   604.07,   602.74
352.60,   722.49,   349.57
351.41,   725.75,   474.53
350.22,   729.02,   599.48
353.38,   847.44,   346.31
352.19,   850.71,   471.27
351.00,   853.98,   596.22
98.38,   598.28,   476.49
100.17,   599.17,   601.48
101.95,   600.07,   726.46
96.14,   723.25,   475.63
97.93,   724.15,   600.61
99.72,   725.05,   725.60
93.91,   848.23,   474.76
95.70,   849.13,   599.75
97.48,   850.02,   724.73
223.35,   600.50,   474.69
225.13,   601.40,   599.67
226.92,   602.29,   724.66
221.11,   725.48,   473.82
222.90,   726.37,   598.81
224.69,   727.27,   723.79
218.88,   850.45,   472.96
220.66,   851.35,   597.94
222.45,   852.25,   722.93
348.31,   602.72,   472.89
350.10,   603.62,   597.87
351.89,   604.51,   722.85
346.08,   727.70,   472.02
347.87,   728.59,   597.01
349.65,   729.49,   721.99
343.84,   852.68,   471.16
345.63,   853.57,   596.14
347.42,   854.47,   721.12
99.71,   598.69,   599.74
98.26,   597.25,   724.72
96.81,   595.82,   849.71
100.71,   723.68,   601.19
99.26,   722.24,   726.17
97.82,   720.81,   851.15
101.71,   848.66,   602.63
100.27,   847.23,   727.62
98.82,   845.80,   852.60
224.69,   597.67,   601.18
223.25,   596.23,   726.16
221.80,   594.80,   851.14
225.70,   722.66,   602.62
224.25,   721.22,   727.60
222.80,   719.79,   852.59
226.70,   847.64,   604.07
225.25,   846.21,   729.05
223.81,   844.78,   854.03
349.68,   596.65,   602.61
348.23,   595.21,   727.59
346.79,   593.78,   852.58
350.68,   721.64,   604.06
349.24,   720.20,   729.04
347.79,   718.77,   854.02
351.69,   846.62,   605.50
350.24,   845.19,   730.48
348.80,   843.76,   855.47
224.21,   98.52,   99.30
225.80,   98.69,   224.29
227.39,   98.85,   349.28
223.72,   223.52,   99.14
225.31,   223.68,   224.13
226.90,   223.85,   349.12
223.24,   348.52,   98.98
224.82,   348.68,   223.97
226.41,   348.85,   348.96
349.20,   99.00,   97.71
350.79,   99.17,   222.70
352.38,   99.34,   347.69
348.71,   224.00,   97.55
350.30,   224.17,   222.54
351.89,   224.34,   347.53
348.22,   349.00,   97.39
349.81,   349.17,   222.38
351.40,   349.33,   347.37
474.19,   99.49,   96.12
475.78,   99.66,   221.11
477.37,   99.82,   346.10
473.70,   224.49,   95.96
475.29,   224.66,   220.95
476.88,   224.82,   345.94
473.21,   349.49,   95.80
474.80,   349.65,   220.79
476.39,   349.82,   345.78
226.03,   99.27,   226.42
228.39,   97.13,   351.38
230.74,   94.99,   476.34
224.48,   224.25,   228.60
226.83,   222.10,   353.56
229.19,   219.96,   478.51
222.92,   349.22,   230.77
225.28,   347.08,   355.73
227.64,   344.93,   480.69
351.00,   100.87,   224.09
353.36,   98.73,   349.05
355.71,   96.58,   474.01
349.45,   225.84,   226.27
351.80,   223.70,   351.23
354.16,   221.56,   476.19
347.89,   350.81,   228.44
350.25,   348.67,   353.40
352.60,   346.53,   478.36
475.97,   102.46,   221.77
478.32,   100.32,   346.72
480.68,   98.18,   471.68
474.41,   227.43,   223.94
476.77,   225.29,   348.90
479.13,   223.15,   473.86
472.86,   352.41,   226.11
475.22,   350.26,   351.07
477.57,   348.12,   476.03
223.08,   98.13,   351.65
221.98,   96.87,   476.64
220.87,   95.61,   601.63
222.60,   223.12,   352.91
221.50,   221.86,   477.90
220.40,   220.60,   602.89
222.12,   348.12,   354.17
221.02,   346.85,   479.16
219.92,   345.59,   604.14
348.08,   98.60,   352.76
346.97,   97.34,   477.75
345.87,   96.08,   602.74
347.60,   223.59,   354.02
346.49,   222.33,   479.01
345.39,   221.07,   604.00
347.12,   348.58,   355.28
346.01,   347.32,   480.26
344.91,   346.06,   605.25
473.07,   99.07,   353.87
471.97,   97.81,   478.86
470.86,   96.55,   603.85
472.59,   224.06,   355.13
471.49,   222.80,   480.12
470.38,   221.54,   605.11
472.11,   349.05,   356.39
471.01,   347.79,   481.37
469.90,   346.53,   606.36
225.94,   98.81,   473.53
225.11,   99.05,   598.52
224.28,   99.28,   723.52
227.91,   223.80,   473.31
227.08,   224.03,   598.31
226.25,   224.26,   723.30
229.88,   348.78,   473.09
229.05,   349.01,   598.09
228.22,   349.25,   723.08
350.92,   96.85,   474.36
350.09,   97.08,   599.36
349.26,   97.31,   724.36
352.89,   221.83,   474.14
352.06,   222.06,   599.14
351.23,   222.29,   724.14
354.86,   346.81,   473.93
354.03,   347.05,   598.92
353.20,   347.28,   723.92
475.91,   94.88,   475.20
475.07,   95.11,   600.20
474.24,   95.34,   725.19
477.88,   219.86,   474.98
477.04,   220.09,   599.98
476.21,   220.33,   724.98
479.85,   344.85,   474.76
479.01,   345.08,   599.76
478.18,   345.31,   724.76
225.75,   99.69,   598.93
229.46,   98.41,   723.87
233.18,   97.13,   848.80
228.87,   224.65,   600.11
232.59,   223.37,   725.05
236.31,   222.09,   849.99
232.00,   349.60,   601.30
235.71,   348.32,   726.24
239.43,   347.05,   851.18
350.65,   96.60,   595.18
354.37,   95.33,   720.12
358.09,   94.05,   845.05
353.78,   221.56,   596.36
357.49,   220.28,   721.30
361.21,   219.00,   846.24
356.90,   346.51,   597.55
360.62,   345.24,   722.49
364.34,   343.96,   847.43
475.56,   93.52,   591.43
479.28,   92.24,   716.37
482.99,   90.96,   841.31
478.68,   218.47,   592.62
482.40,   217.19,   717.55
486.12,   215.91,   842.49
481.81,   343.43,   593.80
485.53,   342.15,   718.74
489.24,   340.87,   843.68
223.22,   226.93,   98.53
223.43,   223.23,   223.47
223.64,   219.53,   348.42
226.40,   351.84,   102.23
226.61,   348.13,   227.17
226.82,   344.43,   352.12
229.58,   476.74,   105.92
229.79,   473.04,   230.87
230.00,   469.34,   355.81
348.18,   223.76,   98.23
348.39,   220.06,   223.17
348.60,   216.35,   348.12
351.36,   348.66,   101.92
351.57,   344.96,   226.87
351.78,   341.26,   351.81
354.54,   473.57,   105.62
354.75,   469.87,   230.57
354.96,   466.16,   355.51
473.14,   220.59,   97.92
473.34,   216.88,   222.87
473.55,   213.18,   347.81
476.32,   345.49,   101.62
476.53,   341.79,   226.56
476.74,   338.08,   351.51
479.50,   470.40,   105.32
479.71,   466.69,   230.26
479.92,   462.99,   355.21
226.05,   226.76,   225.94
224.33,   223.32,   350.88
222.62,   219.87,   475.82
222.34,   351.66,   229.33
220.62,   348.22,   354.27
218.91,   344.77,   479.22
218.63,   476.56,   232.73
216.91,   473.12,   357.67
215.20,   469.67,   482.61
350.98,   230.43,   227.76
349.27,   226.98,   352.70
347.55,   223.53,   477.64
347.27,   355.32,   231.15
345.56,   351.88,   356.09
343.84,   348.43,   481.03
343.56,   480.22,   234.55
341.85,   476.78,   359.49
340.13,   473.33,   484.43
475.92,   234.09,   229.58
474.20,   230.64,   354.52
472.48,   227.20,   479.46
472.21,   358.99,   232.97
470.49,   355.54,   357.91
468.77,   352.10,   482.85
468.50,   483.89,   236.36
466.78,   480.44,   361.30
465.06,   476.99,   486.24
224.71,   224.02,   348.38
221.30,   221.47,   473.31
217.90,   218.93,   598.24
221.25,   348.94,   350.83
217.84,   346.40,   475.76
214.44,   343.86,   600.68
217.79,   473.87,   353.28
214.38,   471.33,   478.20
210.98,   468.79,   603.13
349.61,   227.41,   351.85
346.21,   224.86,   476.78
342.80,   222.32,   601.71
346.15,   352.33,   354.30
342.75,   349.79,   479.23
339.35,   347.25,   604.16
342.69,   477.26,   356.75
339.29,   474.72,   481.68
335.89,   472.18,   606.60
474.52,   230.80,   355.32
471.11,   228.25,   480.25
467.71,   225.71,   605.18
471.06,   355.72,   357.77
467.66,   353.18,   482.70
464.25,   350.64,   607.63
467.60,   480.65,   360.22
464.20,   478.11,   485.15
460.79,   475.57,   610.08
224.78,   224.95,   475.27
225.27,   226.02,   600.26
225.76,   227.10,   725.25
222.98,   349.93,   474.20
223.47,   351.01,   599.19
223.96,   352.08,   724.19
221.18,   474.91,   473.13
221.67,   475.99,   598.13
222.16,   477.06,   723.12
349.76,   226.74,   474.76
350.26,   227.82,   599.75
350.75,   228.89,   724.75
347.96,   351.73,   473.69
348.46,   352.80,   598.68
348.95,   353.88,   723.68
346.16,   476.71,   472.62
346.66,   477.78,   597.62
347.15,   478.86,   722.61
474.75,   228.54,   474.25
475.24,   229.61,   599.24
475.74,   230.69,   724.24
472.95,   353.52,   473.18
473.44,   354.60,   598.18
473.94,   355.67,   723.17
471.15,   478.50,   472.11
471.64,   479.58,   597.11
472.14,   480.65,   722.10
224.42,   224.73,   599.44
225.99,   224.71,   724.43
227.56,   224.68,   849.42
226.71,   349.71,   599.43
228.28,   349.69,   724.42
229.85,   349.66,   849.41
228.99,   474.69,   599.43
230.56,   474.66,   724.42
232.13,   474.64,   849.41
349.39,   222.44,   597.87
350.96,   222.42,   722.86
352.53,   222.39,   847.85
351.68,   347.42,   597.86
353.25,   347.40,   722.85
354.82,   347.37,   847.84
353.96,   472.40,   597.86
355.53,   472.38,   722.85
357.10,   472.35,   847.84
474.36,   220.16,   596.30
475.93,   220.13,   721.29
477.50,   220.11,   846.28
476.65,   345.14,   596.29
478.22,   345.11,   721.28
479.78,   345.09,   846.27
478.93,   470.12,   596.29
480.50,   470.09,   721.28
482.07,   470.07,   846.27
224.00,   351.51,   99.95
221.98,   353.71,   224.91
219.96,   355.91,   349.87
221.68,   476.47,   97.71
219.66,   478.67,   222.67
217.64,   480.87,   347.64
219.37,   601.43,   95.47
217.35,   603.63,   220.44
215.33,   605.83,   345.40
348.96,   353.87,   101.92
346.94,   356.06,   226.89
344.92,   358.26,   351.85
346.65,   478.82,   99.69
344.63,   481.02,   224.65
342.61,   483.22,   349.62
344.33,   603.78,   97.45
342.31,   605.98,   222.42
340.29,   608.18,   347.38
473.92,   356.22,   103.90
471.90,   358.41,   228.87
469.88,   360.61,   353.83
471.61,   481.17,   101.67
469.59,   483.37,   226.63
467.57,   485.57,   351.60
469.29,   606.13,   99.43
467.27,   608.33,   224.40
465.25,   610.53,   349.36
225.20,   351.91,   224.91
227.51,   352.06,   349.89
229.83,   352.20,   474.86
224.80,   476.91,   224.77
227.11,   477.06,   349.75
229.43,   477.20,   474.73
224.40,   601.91,   224.64
226.71,   602.06,   349.61
229.03,   602.20,   474.59
350.18,   352.31,   222.59
352.49,   352.46,   347.57
354.80,   352.60,   472.55
349.78,   477.31,   222.46
352.09,   477.45,   347.44
354.40,   477.60,   472.41
349.38,   602.31,   222.32
351.69,   602.45,   347.30
354.00,   602.60,   472.28
475.16,   352.71,   220.28
477.47,   352.85,   345.26
479.78,   353.00,   470.24
474.76,   477.71,   220.14
477.07,   477.85,   345.12
479.38,   478.00,   470.10
474.35,   602.71,   220.01
476.67,   602.85,   344.99
478.98,   603.00,   469.96
225.52,   350.84,   351.21
223.24,   347.46,   476.14
220.95,   344.07,   601.08
223.25,   475.78,   354.56
220.97,   472.39,   479.49
218.68,   469.00,   604.43
220.98,   600.71,   357.91
218.70,   597.32,   482.84
216.41,   593.94,   607.77
350.48,   353.05,   353.56
348.20,   349.66,   478.49
345.91,   346.27,   603.42
348.21,   477.99,   356.91
345.93,   474.60,   481.84
343.64,   471.21,   606.77
345.94,   602.92,   360.25
343.66,   599.53,   485.19
341.37,   596.14,   610.12
475.44,   355.26,   355.90
473.15,   351.87,   480.84
470.87,   348.48,   605.77
473.17,   480.19,   359.25
470.88,   476.80,   484.18
468.60,   473.42,   609.12
470.90,   605.13,   362.60
468.62,   601.74,   487.53
466.33,   598.35,   612.46
223.99,   349.08,   474.59
227.63,   345.36,   599.48
231.27,   341.65,   724.37
222.61,   474.01,   478.34
226.25,   470.30,   603.23
229.89,   466.58,   728.13
221.23,   598.95,   482.10
224.87,   595.23,   606.99
228.51,   591.52,   731.88
348.93,   350.56,   470.99
352.57,   346.85,   595.88
356.21,   343.14,   720.77
347.55,   475.50,   474.74
351.19,   471.79,   599.64
354.83,   468.07,   724.53
346.17,   600.44,   478.50
349.81,   596.72,   603.39
353.45,   593.01,   728.28
473.87,   352.05,   467.39
477.51,   348.34,   592.28
481.15,   344.63,   717.17
472.49,   476.99,   471.15
476.13,   473.28,   596.04
479.77,   469.56,   720.93
471.11,   601.93,   474.90
474.75,   598.21,   599.79
478.39,   594.50,   724.68
223.23,   348.19,   601.41
223.27,   344.73,   726.37
223.31,   341.26,   851.32
220.96,   473.13,   604.88
221.00,   469.66,   729.83
221.04,   466.19,   854.78
218.69,   598.06,   608.35
218.74,   594.59,   733.30
218.78,   591.13,   858.25
348.21,   350.46,   601.43
348.25,   347.00,   726.39
348.29,   343.53,   851.34
345.94,   475.39,   604.90
345.98,   471.93,   729.85
346.02,   468.46,   854.80
343.67,   600.33,   608.37
343.72,   596.86,   733.32
343.76,   593.39,   858.27
473.19,   352.73,   601.46
473.23,   349.26,   726.41
473.27,   345.80,   851.36
470.92,   477.66,   604.92
470.96,   474.20,   729.87
471.00,   470.73,   854.83
468.65,   602.59,   608.39
468.69,   599.13,   733.34
468.74,   595.66,   858.29
223.58,   473.66,   100.66
224.34,   471.52,   225.64
225.10,   469.38,   350.62
220.26,   598.59,   102.81
221.01,   596.46,   227.79
221.77,   594.32,   352.77
216.93,   723.53,   104.97
217.69,   721.39,   229.95
218.45,   719.26,   354.93
348.53,   476.99,   99.95
349.29,   474.86,   224.93
350.05,   472.72,   349.91
345.21,   601.93,   102.11
345.97,   599.79,   227.09
346.73,   597.66,   352.07
341.89,   726.87,   104.27
342.64,   724.73,   229.24
343.40,   722.59,   354.22
473.49,   480.33,   99.25
474.24,   478.19,   224.23
475.00,   476.06,   349.21
470.16,   605.27,   101.41
470.92,   603.13,   226.39
471.68,   600.99,   351.37
466.84,   730.20,   103.56
467.60,   728.07,   228.54
468.36,   725.93,   353.52
223.88,   477.00,   223.15
225.20,   473.52,   348.09
226.52,   470.05,   473.04
224.78,   601.94,   226.61
226.10,   598.47,   351.56
227.42,   595.00,   476.50
225.68,   726.89,   230.08
227.00,   723.42,   355.02
228.32,   719.94,   479.97
348.87,   476.13,   221.80
350.19,   472.66,   346.75
351.51,   469.18,   471.69
349.77,   601.08,   225.27
351.09,   597.61,   350.21
352.41,   594.13,   475.16
350.67,   726.03,   228.73
351.99,   722.55,   353.68
353.31,   719.08,   478.62
473.86,   475.27,   220.46
475.18,   471.79,   345.40
476.50,   468.32,   470.35
474.76,   600.22,   223.92
476.08,   596.74,   348.87
477.40,   593.27,   473.81
475.66,   725.17,   227.39
476.98,   721.69,   352.33
478.30,   718.22,   477.28
225.24,   476.89,   351.51
221.94,   474.75,   476.45
218.64,   472.62,   601.38
222.77,   601.85,   353.58
219.47,   599.71,   478.52
216.17,   597.58,   603.46
220.30,   726.80,   355.65
217.00,   724.67,   480.59
213.69,   722.53,   605.53
350.17,   479.30,   354.85
346.87,   477.17,   479.79
343.57,   475.03,   604.73
347.70,   604.26,   356.92
344.40,   602.13,   481.86
341.10,   599.99,   606.80
345.23,   729.22,   358.99
341.93,   727.09,   483.93
338.63,   724.95,   608.87
475.11,   481.72,   358.19
471.80,   479.59,   483.13
468.50,   477.45,   608.07
472.63,   606.68,   360.27
469.33,   604.54,   485.20
466.03,   602.41,   610.14
470.16,   731.64,   362.34
466.86,   729.50,   487.27
463.56,   727.37,   612.21
225.96,   475.52,   475.39
229.68,   478.73,   600.29
233.40,   481.93,   725.20
226.21,   600.48,   472.17
229.93,   603.68,   597.08
233.65,   606.89,   721.98
226.46,   725.44,   468.96
230.18,   728.64,   593.86
233.90,   731.85,   718.77
350.90,   475.17,   471.68
354.62,   478.38,   596.58
358.34,   481.59,   721.48
351.16,   600.13,   468.46
354.88,   603.34,   593.37
358.60,   606.54,   718.27
351.41,   725.09,   465.25
355.13,   728.30,   590.15
358.85,   731.50,   715.05
475.85,   474.83,   467.97
479.57,   478.03,   592.87
483.29,   481.24,   717.77
476.10,   599.78,   464.75
479.82,   602.99,   589.65
483.54,   606.20,   714.56
476.35,   724.74,   461.54
480.07,   727.95,   586.44
483.79,   731.16,   711.34
224.45,   475.97,   599.25
223.06,   472.82,   724.21
221.68,   469.66,   849.16
226.30,   600.92,   602.43
224.92,   597.76,   727.38
223.53,   594.61,   852.33
228.16,   725.86,   605.60
226.77,   722.71,   730.55
225.39,   719.55,   855.51
349.43,   474.08,   600.59
348.04,   470.93,   725.54
346.66,   467.77,   850.49
351.28,   599.03,   603.76
349.90,   595.87,   728.72
348.51,   592.72,   853.67
353.13,   723.97,   606.94
351.75,   720.82,   731.89
350.37,   717.67,   856.84
474.40,   472.19,   601.93
473.02,   469.04,   726.88
471.64,   465.89,   851.83
476.26,   597.14,   605.10
474.88,   593.98,   730.05
473.49,   590.83,   855.00
478.11,   722.08,   608.27
476.73,   718.93,   733.23
475.35,   715.78,   858.18
223.37,   601.28,   99.19
226.31,   605.01,   224.10
229.26,   608.74,   349.01
221.98,   726.22,   95.50
224.92,   729.95,   220.40
227.86,   733.67,   345.31
220.58,   851.15,   91.80
223.53,   854.88,   216.71
226.47,   858.61,   341.62
348.33,   602.59,   96.21
351.27,   606.31,   221.12
354.21,   610.04,   346.03
346.94,   727.52,   92.51
349.88,   731.25,   217.42
352.82,   734.98,   342.33
345.54,   852.46,   88.82
348.48,   856.19,   213.73
351.43,   859.92,   338.64
473.29,   603.89,   93.23
476.23,   607.62,   218.14
479.17,   611.35,   343.05
471.89,   728.83,   89.53
474.84,   732.56,   214.44
477.78,   736.29,   339.35
470.50,   853.77,   85.83
473.44,   857.50,   210.74
476.38,   861.22,   335.65
224.12,   599.64,   226.93
223.24,   601.07,   351.92
222.36,   602.50,   476.91
220.44,   724.58,   225.47
219.57,   726.01,   350.46
218.69,   727.44,   475.45
216.77,   849.51,   224.02
215.89,   850.94,   349.01
215.01,   852.38,   474.00
349.06,   603.32,   227.77
348.18,   604.75,   352.76
347.30,   606.19,   477.74
345.39,   728.26,   226.31
344.51,   729.69,   351.30
343.63,   731.12,   476.29
341.71,   853.20,   224.85
340.83,   854.63,   349.84
339.95,   856.06,   474.83
474.01,   607.01,   228.60
473.13,   608.44,   353.59
472.25,   609.87,   478.58
470.33,   731.95,   227.15
469.45,   733.38,   352.14
468.57,   734.81,   477.12
466.65,   856.88,   225.69
465.78,   858.31,   350.68
464.90,   859.75,   475.67
224.23,   601.43,   349.38
224.25,   605.10,   474.32
224.26,   608.77,   599.27
221.03,   726.34,   345.71
221.05,   730.01,   470.65
221.07,   733.67,   595.60
217.84,   851.24,   342.04
217.85,   854.91,   466.99
217.87,   858.58,   591.93
349.19,   604.63,   349.27
349.21,   608.30,   474.21
349.22,   611.96,   599.16
345.99,   729.53,   345.60
346.01,   733.20,   470.54
346.03,   736.87,   595.49
342.80,   854.44,   341.93
342.81,   858.11,   466.88
342.83,   861.78,   591.82
474.15,   607.82,   349.16
474.17,   611.49,   474.10
474.18,   615.16,   599.05
470.95,   732.73,   345.49
470.97,   736.40,   470.43
470.99,   740.07,   595.38
467.76,   857.63,   341.82
467.77,   861.30,   466.77
467.79,   864.97,   591.71
225.95,   598.31,   476.40
229.24,   601.45,   601.32
232.53,   604.58,   726.23
226.49,   723.27,   473.25
229.78,   726.41,   598.17
233.06,   729.54,   723.08
227.03,   848.23,   470.10
230.31,   851.37,   595.02
233.60,   854.50,   719.93
350.91,   597.69,   473.13
354.20,   600.83,   598.04
357.48,   603.96,   722.96
351.44,   722.65,   469.98
354.73,   725.79,   594.89
358.02,   728.92,   719.81
351.98,   847.61,   466.83
355.27,   850.75,   591.74
358.55,   853.88,   716.66
475.86,   597.08,   469.85
479.15,   600.21,   594.77
482.44,   603.34,   719.69
476.40,   722.03,   466.70
479.69,   725.17,   591.62
482.97,   728.30,   716.54
476.94,   846.99,   463.55
480.22,   850.13,   588.47
483.51,   853.26,   713.39
224.27,   600.63,   601.46
226.23,   603.04,   726.42
228.18,   605.45,   851.38
227.31,   725.57,   599.00
229.26,   727.98,   723.96
231.22,   730.39,   848.93
230.34,   850.51,   596.55
232.30,   852.92,   721.51
234.26,   855.33,   846.47
349.22,   597.56,   599.56
351.18,   599.97,   724.52
353.13,   602.37,   849.48
352.26,   722.50,   597.11
354.21,   724.91,   722.07
356.17,   727.31,   847.03
355.29,   847.44,   594.65
357.25,   849.85,   719.61
359.20,   852.25,   844.58
474.17,   594.49,   597.67
476.12,   596.89,   722.63
478.08,   599.30,   847.59
477.20,   719.43,   595.21
479.16,   721.83,   720.17
481.12,   724.24,   845.13
480.24,   844.37,   592.76
482.20,   846.77,   717.72
484.15,   849.18,   842.68
351.54,   100.53,   98.30
355.03,   103.56,   223.21
358.52,   106.58,   348.13
353.42,   225.48,   95.22
356.91,   228.51,   220.13
360.40,   231.53,   345.05
355.29,   350.43,   92.14
358.78,   353.45,   217.06
362.27,   356.48,   341.97
476.48,   98.57,   94.85
479.97,   101.60,   219.77
483.46,   104.62,   344.68
478.35,   223.52,   91.78
481.84,   226.55,   216.69
485.33,   229.57,   341.61
480.23,   348.47,   88.70
483.72,   351.49,   213.61
487.21,   354.52,   338.53
601.41,   96.61,   91.41
604.90,   99.64,   216.32
608.39,   102.66,   341.24
603.29,   221.56,   88.33
606.78,   224.58,   213.25
610.27,   227.61,   338.16
605.17,   346.51,   85.26
608.66,   349.53,   210.17
612.15,   352.56,   335.08
349.55,   101.45,   226.26
351.83,   101.20,   351.24
354.12,   100.94,   476.22
349.11,   226.45,   226.52
351.39,   226.20,   351.50
353.68,   225.94,   476.48
348.67,   351.45,   226.78
350.96,   351.19,   351.76
353.24,   350.94,   476.74
474.52,   101.89,   223.98
476.81,   101.64,   348.95
479.10,   101.39,   473.93
474.09,   226.89,   224.24
476.37,   226.64,   349.22
478.66,   226.38,   474.19
473.65,   351.89,   224.50
475.94,   351.64,   349.48
478.22,   351.38,   474.45
599.50,   102.33,   221.69
601.79,   102.08,   346.67
604.08,   101.83,   471.65
599.06,   227.33,   221.95
601.35,   227.08,   346.93
603.64,   226.83,   471.91
598.63,   352.33,   222.21
600.91,   352.08,   347.19
603.20,   351.83,   472.17
348.06,   99.20,   349.62
348.22,   95.86,   474.58
348.39,   92.52,   599.53
348.93,   224.15,   352.96
349.09,   220.81,   477.92
349.25,   217.47,   602.87
349.79,   349.10,   356.30
349.95,   345.76,   481.26
350.11,   342.42,   606.21
473.06,   98.34,   349.44
473.22,   95.00,   474.39
473.38,   91.66,   599.35
473.92,   223.29,   352.78
474.09,   219.95,   477.73
474.25,   216.61,   602.69
474.79,   348.24,   356.12
474.95,   344.90,   481.07
475.11,   341.56,   606.03
598.06,   97.48,   349.25
598.22,   94.14,   474.21
598.38,   90.80,   599.16
598.92,   222.43,   352.59
599.08,   219.09,   477.55
599.24,   215.75,   602.50
599.78,   347.38,   355.93
599.95,   344.04,   480.89
600.11,   340.70,   605.84
348.75,   101.19,   475.92
347.44,   97.66,   600.87
346.13,   94.13,   725.81
352.43,   226.09,   479.49
351.12,   222.55,   604.44
349.81,   219.02,   729.38
356.12,   350.98,   483.06
354.81,   347.45,   608.01
353.50,   343.92,   732.95
473.69,   97.47,   477.13
472.38,   93.94,   602.07
471.07,   90.41,   727.01
477.37,   222.37,   480.70
476.06,   218.83,   605.64
474.75,   215.30,   730.58
481.06,   347.26,   484.27
479.75,   343.73,   609.21
478.44,   340.20,   734.15
598.63,   93.75,   478.33
597.32,   90.22,   603.28
596.01,   86.69,   728.22
602.31,   218.64,   481.90
601.00,   215.11,   606.84
599.69,   211.58,   731.79
606.00,   343.54,   485.47
604.69,   340.01,   610.41
603.38,   336.47,   735.36
349.80,   101.92,   598.23
350.89,   98.48,   723.18
351.99,   95.04,   848.13
351.95,   226.85,   601.65
353.05,   223.41,   726.60
354.14,   219.97,   851.55
354.10,   351.79,   605.08
355.20,   348.35,   730.02
356.30,   344.91,   854.97
474.77,   99.79,   597.08
475.87,   96.35,   722.03
476.96,   92.91,   846.97
476.93,   224.73,   600.50
478.02,   221.29,   725.45
479.12,   217.85,   850.40
479.08,   349.66,   603.92
480.18,   346.22,   728.87
481.27,   342.78,   853.82
599.75,   97.67,   595.92
600.84,   94.23,   720.87
601.94,   90.79,   845.82
601.90,   222.60,   599.35
603.00,   219.16,   724.29
604.09,   215.72,   849.24
604.06,   347.54,   602.77
605.15,   344.10,   727.71
606.25,   340.66,   852.66
348.70,   223.88,   99.27
347.85,   227.43,   224.21
347.00,   230.99,   349.16
345.47,   348.79,   95.69
344.62,   352.34,   220.64
343.77,   355.90,   345.58
342.24,   473.69,   92.11
341.39,   477.25,   217.06
340.54,   480.80,   342.01
473.65,   227.13,   100.02
472.80,   230.68,   224.97
471.95,   234.24,   349.92
470.42,   352.04,   96.45
469.57,   355.59,   221.39
468.73,   359.15,   346.34
467.20,   476.94,   92.87
466.35,   480.50,   217.82
465.50,   484.05,   342.76
598.61,   230.38,   100.78
597.76,   233.94,   225.73
596.91,   237.49,   350.67
595.38,   355.29,   97.20
594.53,   358.84,   222.15
593.68,   362.40,   347.10
592.15,   480.19,   93.63
591.30,   483.75,   218.57
590.45,   487.31,   343.52
349.76,   225.87,   223.08
351.79,   224.53,   348.06
353.82,   223.20,   473.04
349.45,   350.86,   224.43
351.48,   349.53,   349.40
353.51,   348.19,   474.38
349.13,   475.86,   225.77
351.16,   474.52,   350.75
353.19,   473.18,   475.72
474.74,   226.21,   221.06
476.77,   224.87,   346.03
478.80,   223.53,   471.01
474.43,   351.20,   222.40
476.46,   349.86,   347.38
478.49,   348.52,   472.35
474.12,   476.19,   223.74
476.15,   474.85,   348.72
478.18,   473.52,   473.70
599.73,   226.54,   219.03
601.76,   225.21,   344.01
603.79,   223.87,   468.98
599.41,   351.54,   220.37
601.44,   350.20,   345.35
603.47,   348.86,   470.33
599.10,   476.53,   221.72
601.13,   475.19,   346.69
603.16,   473.85,   471.67
349.59,   223.95,   351.17
350.95,   221.88,   476.15
352.32,   219.82,   601.13
350.88,   348.93,   353.23
352.25,   346.86,   478.20
353.62,   344.79,   603.18
352.18,   473.90,   355.28
353.55,   471.84,   480.26
354.91,   469.77,   605.23
474.57,   222.68,   349.79
475.94,   220.61,   474.76
477.31,   218.54,   599.74
475.87,   347.65,   351.84
477.24,   345.59,   476.81
478.60,   343.52,   601.79
477.16,   472.63,   353.89
478.53,   470.56,   478.87
479.90,   468.50,   603.84
599.56,   221.40,   348.40
600.93,   219.34,   473.37
602.29,   217.27,   598.35
600.85,   346.38,   350.45
602.22,   344.31,   475.42
603.59,   342.25,   600.40
602.15,   471.36,   352.50
603.52,   469.29,   477.48
604.89,   467.22,   602.45
350.05,   223.35,   475.47
352.33,   222.50,   600.44
354.62,   221.65,   725.42
350.83,   348.35,   476.31
353.12,   347.49,   601.28
355.40,   346.64,   726.26
351.62,   473.34,   477.15
353.90,   472.49,   602.12
356.18,   471.64,   727.10
475.03,   222.58,   473.18
477.31,   221.73,   598.16
479.59,   220.88,   723.13
475.81,   347.58,   474.02
478.09,   346.73,   598.99
480.38,   345.87,   723.97
476.59,   472.57,   474.86
478.88,   471.72,   599.83
481.16,   470.87,   724.81
600.00,   221.82,   470.89
602.29,   220.96,   595.87
604.57,   220.11,   720.84
600.79,   346.81,   471.73
603.07,   345.96,   596.71
605.35,   345.11,   721.68
601.57,   471.81,   472.57
603.85,   470.95,   597.54
606.14,   470.10,   722.52
348.71,   223.68,   598.03
345.91,   224.79,   722.99
343.12,   225.91,   847.96
347.66,   348.67,   596.89
344.86,   349.79,   721.85
342.07,   350.90,   846.82
346.61,   473.66,   595.75
343.81,   474.78,   720.71
341.01,   475.89,   845.67
473.67,   224.75,   600.82
470.88,   225.87,   725.78
468.08,   226.99,   850.74
472.62,   349.74,   599.67
469.83,   350.86,   724.64
467.03,   351.98,   849.60
471.57,   474.73,   598.53
468.77,   475.85,   723.50
465.98,   476.97,   848.46
598.64,   225.83,   603.60
595.84,   226.95,   728.57
593.05,   228.07,   853.53
597.59,   350.82,   602.46
594.79,   351.94,   727.42
592.00,   353.06,   852.39
596.54,   475.81,   601.32
593.74,   476.93,   726.28
590.94,   478.05,   851.25
348.89,   348.33,   102.00
351.74,   350.51,   226.95
354.58,   352.69,   351.90
351.56,   473.28,   99.76
354.40,   475.46,   224.71
357.25,   477.64,   349.66
354.22,   598.23,   97.52
357.07,   600.41,   222.47
359.91,   602.60,   347.41
473.83,   345.62,   99.20
476.68,   347.80,   224.15
479.52,   349.98,   349.10
476.50,   470.57,   96.96
479.34,   472.75,   221.91
482.19,   474.93,   346.86
479.16,   595.52,   94.72
482.01,   597.70,   219.67
484.85,   599.88,   344.62
598.77,   342.90,   96.41
601.62,   345.08,   221.36
604.46,   347.26,   346.30
601.44,   467.85,   94.17
604.28,   470.04,   219.11
607.12,   472.22,   344.06
604.10,   592.81,   91.92
606.94,   594.99,   216.87
609.79,   597.17,   341.82
348.34,   349.05,   225.52
346.76,   352.76,   350.46
345.18,   356.46,   475.39
349.85,   473.99,   221.84
348.27,   477.69,   346.77
346.70,   481.40,   471.71
351.36,   598.93,   218.15
349.78,   602.63,   343.09
348.21,   606.33,   468.02
473.32,   347.59,   227.14
471.74,   351.29,   352.08
470.16,   355.00,   477.01
474.83,   472.52,   223.46
473.25,   476.23,   348.39
471.68,   479.93,   473.33
476.34,   597.46,   219.77
474.76,   601.17,   344.71
473.19,   604.87,   469.64
598.30,   346.12,   228.76
596.72,   349.83,   353.70
595.15,   353.53,   478.63
599.81,   471.06,   225.08
598.23,   474.76,   350.01
596.66,   478.47,   474.95
601.32,   596.00,   221.39
599.75,   599.70,   346.33
598.17,   603.40,   471.26
351.52,   348.74,   349.86
350.99,   345.86,   474.82
350.47,   342.98,   599.79
349.90,   473.70,   352.73
349.37,   470.82,   477.69
348.85,   467.94,   602.66
348.28,   598.65,   355.60
347.75,   595.77,   480.57
347.23,   592.89,   605.53
476.51,   350.35,   350.42
475.98,   347.47,   475.38
475.46,   344.59,   600.35
474.89,   475.30,   353.29
474.36,   472.43,   478.26
473.84,   469.55,   603.22
473.26,   600.26,   356.16
472.74,   597.38,   481.13
472.22,   594.50,   606.09
601.49,   351.96,   350.98
600.97,   349.08,   475.94
600.45,   346.20,   600.91
599.87,   476.91,   353.85
599.35,   474.03,   478.82
598.83,   471.15,   603.78
598.25,   601.87,   356.72
597.73,   598.99,   481.69
597.21,   596.11,   606.66
351.88,   351.01,   476.29
351.72,   350.17,   601.29
351.57,   349.34,   726.28
348.27,   475.95,   477.12
348.11,   475.12,   602.11
347.96,   474.29,   727.11
344.66,   600.90,   477.94
344.50,   600.06,   602.94
344.35,   599.23,   727.94
476.83,   354.61,   476.47
476.67,   353.78,   601.47
476.51,   352.95,   726.46
473.22,   479.56,   477.30
473.06,   478.73,   602.29
472.90,   477.89,   727.29
469.61,   604.50,   478.12
469.45,   603.67,   603.12
469.30,   602.84,   728.12
601.77,   358.22,   476.65
601.62,   357.39,   601.65
601.46,   356.56,   726.64
598.16,   483.17,   477.48
598.01,   482.33,   602.47
597.85,   481.50,   727.47
594.56,   608.11,   478.30
594.40,   607.28,   603.30
594.24,   606.45,   728.30
351.35,   348.21,   601.63
351.84,   344.60,   726.58
352.33,   340.99,   851.52
349.79,   473.15,   605.25
350.28,   469.54,   730.20
350.77,   465.93,   855.14
348.23,   598.09,   608.87
348.72,   594.48,   733.81
349.21,   590.86,   858.76
476.34,   349.79,   601.19
476.83,   346.17,   726.13
477.32,   342.56,   851.08
474.78,   474.73,   604.81
475.27,   471.11,   729.75
475.76,   467.50,   854.70
473.22,   599.66,   608.42
473.71,   596.05,   733.37
474.20,   592.44,   858.32
601.33,   351.36,   600.74
601.82,   347.75,   725.69
602.31,   344.14,   850.64
599.77,   476.30,   604.36
600.26,   472.69,   729.31
600.75,   469.07,   854.26
598.21,   601.24,   607.98
598.70,   597.62,   732.93
599.18,   594.01,   857.87
348.79,   474.63,   98.28
352.13,   474.92,   223.23
355.47,   475.22,   348.19
347.59,   599.62,   98.02
350.92,   599.92,   222.97
354.26,   600.21,   347.93
346.38,   724.62,   97.75
349.72,   724.91,   222.71
353.06,   725.21,   347.66
473.74,   475.83,   94.94
477.08,   476.12,   219.89
480.42,   476.42,   344.85
472.54,   600.82,   94.68
475.87,   601.11,   219.63
479.21,   601.41,   344.59
471.33,   725.81,   94.41
474.67,   726.11,   219.37
478.01,   726.40,   344.32
598.69,   477.02,   91.60
602.03,   477.32,   216.55
605.37,   477.61,   341.51
597.49,   602.02,   91.34
600.82,   602.31,   216.29
604.16,   602.61,   341.25
596.28,   727.01,   91.07
599.62,   727.31,   216.03
602.96,   727.60,   340.98
351.15,   474.46,   223.13
351.02,   472.73,   348.12
350.88,   470.99,   473.11
354.01,   599.42,   224.87
353.88,   597.68,   349.86
353.75,   595.95,   474.85
356.88,   724.37,   226.61
356.74,   722.64,   351.60
356.61,   720.90,   476.58
476.11,   471.59,   223.23
475.98,   469.86,   348.21
475.85,   468.12,   473.20
478.98,   596.55,   224.96
478.85,   594.81,   349.95
478.72,   593.08,   474.94
481.84,   721.50,   226.70
481.71,   719.77,   351.69
481.58,   718.03,   476.68
601.08,   468.73,   223.32
600.95,   466.99,   348.30
600.82,   465.26,   473.29
603.95,   593.68,   225.05
603.81,   591.95,   350.04
603.68,   590.21,   475.03
606.81,   718.64,   226.79
606.68,   716.90,   351.78
606.55,   715.17,   476.77
350.89,   475.17,   349.20
352.77,   476.56,   474.17
354.65,   477.95,   599.15
350.22,   600.16,   347.82
352.10,   601.55,   472.79
353.98,   602.94,   597.77
349.56,   725.15,   346.44
351.44,   726.54,   471.41
353.31,   727.93,   596.39
475.87,   475.81,   347.31
477.75,   477.20,   472.29
479.63,   478.59,   597.27
475.21,   600.80,   345.93
477.09,   602.19,   470.91
478.96,   603.58,   595.89
474.54,   725.79,   344.55
476.42,   727.18,   469.53
478.30,   728.57,   594.51
600.86,   476.46,   345.43
602.74,   477.85,   470.40
604.61,   479.24,   595.38
600.19,   601.45,   344.05
602.07,   602.84,   469.02
603.95,   604.23,   594.00
599.53,   726.44,   342.67
601.40,   727.83,   467.64
603.28,   729.22,   592.62
351.02,   475.59,   475.13
347.97,   478.87,   600.05
344.93,   482.15,   724.97
350.85,   600.55,   471.85
347.80,   603.83,   596.77
344.75,   607.10,   721.69
350.67,   725.51,   468.57
347.63,   728.78,   593.49
344.58,   732.06,   718.41
475.98,   475.85,   478.17
472.94,   479.12,   603.09
469.89,   482.40,   728.01
475.81,   600.80,   474.89
472.76,   604.08,   599.81
469.72,   607.36,   724.73
475.64,   725.76,   471.61
472.59,   729.04,   596.53
469.54,   732.31,   721.45
600.94,   476.10,   481.21
597.90,   479.38,   606.13
594.85,   482.65,   731.05
600.77,   601.05,   477.93
597.73,   604.33,   602.85
594.68,   607.61,   727.77
600.60,   726.01,   474.65
597.55,   729.29,   599.57
594.51,   732.57,   724.49
351.01,   476.82,   599.02
353.15,   476.11,   724.00
355.28,   475.41,   848.98
351.24,   601.81,   599.72
353.37,   601.11,   724.70
355.51,   600.40,   849.68
351.46,   726.81,   600.43
353.60,   726.11,   725.41
355.73,   725.40,   850.39
475.99,   476.60,   596.89
478.13,   475.90,   721.87
480.26,   475.19,   846.85
476.22,   601.60,   597.59
478.35,   600.90,   722.57
480.49,   600.19,   847.55
476.44,   726.60,   598.29
478.58,   725.89,   723.27
480.71,   725.19,   848.25
600.98,   476.39,   594.75
603.11,   475.69,   719.73
605.24,   474.98,   844.71
601.20,   601.39,   595.45
603.33,   600.68,   720.43
605.47,   599.98,   845.41
601.42,   726.39,   596.15
603.56,   725.68,   721.13
605.69,   724.98,   846.11
349.38,   601.14,   101.10
346.00,   603.14,   226.04
342.62,   605.14,   350.98
346.54,   726.09,   99.03
343.16,   728.09,   223.96
339.78,   730.09,   348.90
343.71,   851.04,   96.95
340.33,   853.04,   221.89
336.94,   855.04,   346.83
474.30,   604.03,   104.43
470.92,   606.03,   229.37
467.54,   608.03,   354.31
471.47,   728.99,   102.36
468.08,   730.98,   227.30
464.70,   732.98,   352.24
468.63,   853.94,   100.29
465.25,   855.93,   225.22
461.87,   857.93,   350.16
599.23,   606.93,   107.77
595.84,   608.92,   232.71
592.46,   610.92,   357.64
596.39,   731.88,   105.69
593.01,   733.87,   230.63
589.63,   735.87,   355.57
593.55,   856.83,   103.62
590.17,   858.82,   228.56
586.79,   860.82,   353.50
351.40,   600.84,   225.27
351.92,   598.16,   350.24
352.45,   595.48,   475.21
348.45,   725.78,   227.96
348.98,   723.10,   352.93
349.51,   720.42,   477.90
345.51,   850.71,   230.65
346.04,   848.03,   355.62
346.56,   845.36,   480.59
476.36,   603.80,   224.81
476.89,   601.12,   349.78
477.41,   598.44,   474.75
473.42,   728.73,   227.50
473.94,   726.05,   352.47
474.47,   723.37,   477.44
470.47,   853.67,   230.19
471.00,   850.99,   355.16
471.53,   848.31,   480.13
601.32,   606.75,   224.34
601.85,   604.07,   349.31
602.38,   601.39,   474.28
598.38,   731.69,   227.03
598.91,   729.01,   352.00
599.44,   726.33,   476.97
595.44,   856.62,   229.73
595.97,   853.94,   354.70
596.49,   851.26,   479.67
348.10,   598.37,   351.26
351.54,   594.90,   476.16
354.98,   591.43,   601.07
345.12,   723.28,   354.81
348.56,   719.81,   479.72
352.00,   716.34,   604.62
342.13,   848.20,   358.36
345.57,   844.73,   483.27
349.01,   841.26,   608.17
473.02,   601.45,   347.90
476.46,   597.98,   472.81
479.90,   594.51,   597.71
470.03,   726.36,   351.46
473.47,   722.89,   476.36
476.91,   719.42,   601.27
467.05,   851.27,   355.01
470.49,   847.80,   479.91
473.93,   844.33,   604.82
597.94,   604.52,   344.55
601.37,   601.05,   469.45
604.81,   597.59,   594.36
594.95,   729.44,   348.10
598.39,   725.97,   473.01
601.83,   722.50,   597.91
591.97,   854.35,   351.65
595.41,   850.88,   476.56
598.85,   847.41,   601.46
349.69,   599.05,   475.07
346.39,   601.31,   600.00
343.08,   603.57,   724.94
352.31,   724.00,   472.88
349.00,   726.26,   597.81
345.69,   728.52,   722.75
354.92,   848.96,   470.69
351.61,   851.22,   595.62
348.30,   853.48,   720.56
474.62,   596.50,   478.42
471.31,   598.76,   603.36
468.00,   601.02,   728.29
477.24,   721.45,   476.23
473.93,   723.71,   601.17
470.62,   725.97,   726.10
479.85,   846.40,   474.04
476.54,   848.66,   598.98
473.23,   850.92,   723.91
599.55,   593.94,   481.78
596.24,   596.20,   606.71
592.93,   598.46,   731.65
602.16,   718.90,   479.59
598.85,   721.16,   604.52
595.55,   723.42,   729.46
604.78,   843.85,   477.40
601.47,   846.11,   602.33
598.16,   848.37,   727.27
351.49,   598.34,   600.91
348.24,   600.85,   725.84
344.99,   603.37,   850.77
351.04,   723.31,   598.38
347.79,   725.82,   723.31
344.55,   728.34,   848.24
350.59,   848.28,   595.85
347.34,   850.80,   720.78
344.10,   853.31,   845.71
476.44,   598.85,   604.14
473.20,   601.36,   729.07
469.95,   603.88,   854.01
476.00,   723.82,   601.61
472.75,   726.34,   726.55
469.50,   728.85,   851.48
475.55,   848.80,   599.09
472.30,   851.31,   724.02
469.06,   853.83,   848.95
601.40,   599.36,   607.38
598.15,   601.88,   732.31
594.91,   604.39,   857.24
600.95,   724.34,   604.85
597.71,   726.85,   729.78
594.46,   729.37,   854.72
600.50,   849.31,   602.32
597.26,   851.83,   727.25
594.01,   854.34,   852.19
475.28,   100.63,   100.83
471.92,   102.00,   225.78
468.57,   103.38,   350.73
475.61,   225.63,   99.47
472.26,   227.00,   224.42
468.90,   228.37,   349.37
475.95,   350.62,   98.11
472.59,   351.99,   223.05
469.23,   353.36,   348.00
600.23,   100.34,   104.19
596.88,   101.71,   229.14
593.52,   103.08,   354.09
600.57,   225.33,   102.83
597.21,   226.70,   227.78
593.86,   228.07,   352.72
600.90,   350.32,   101.47
597.54,   351.69,   226.41
594.19,   353.06,   351.36
725.19,   100.04,   107.55
721.83,   101.41,   232.50
718.48,   102.78,   357.45
725.52,   225.03,   106.19
722.17,   226.40,   231.14
718.81,   227.78,   356.08
725.85,   350.02,   104.83
722.50,   351.40,   229.77
719.14,   352.77,   354.72
476.32,   101.48,   223.54
479.35,   99.14,   348.48
482.38,   96.80,   473.42
473.18,   226.41,   225.96
476.21,   224.07,   350.90
479.24,   221.73,   475.84
470.05,   351.35,   228.37
473.07,   349.01,   353.31
476.10,   346.67,   478.26
601.25,   104.67,   220.57
604.27,   102.33,   345.52
607.30,   99.99,   470.46
598.11,   229.61,   222.99
601.14,   227.27,   347.93
604.16,   224.93,   472.87
594.97,   354.55,   225.41
598.00,   352.21,   350.35
601.02,   349.87,   475.29
726.17,   107.87,   217.61
729.20,   105.53,   342.55
732.23,   103.19,   467.49
723.03,   232.81,   220.02
726.06,   230.47,   344.96
729.09,   228.13,   469.91
719.89,   357.74,   222.44
722.92,   355.40,   347.38
725.95,   353.06,   472.32
474.16,   100.00,   349.26
474.67,   103.59,   474.21
475.18,   107.19,   599.16
477.65,   224.90,   345.66
478.16,   228.49,   470.60
478.67,   232.09,   595.55
481.15,   349.80,   342.05
481.65,   353.39,   467.00
482.16,   356.98,   591.95
599.11,   96.50,   348.85
599.62,   100.09,   473.80
600.13,   103.68,   598.75
602.60,   221.40,   345.25
603.11,   224.99,   470.20
603.62,   228.58,   595.14
606.10,   346.30,   341.65
606.60,   349.89,   466.59
607.11,   353.48,   591.54
724.06,   92.99,   348.45
724.57,   96.58,   473.39
725.08,   100.18,   598.34
727.55,   217.89,   344.84
728.06,   221.48,   469.79
728.57,   225.07,   594.74
731.05,   342.79,   341.24
731.55,   346.38,   466.19
732.06,   349.97,   591.13
476.63,   100.41,   476.79
477.47,   103.35,   601.75
478.31,   106.29,   726.71
473.23,   225.33,   473.87
474.08,   228.27,   598.83
474.92,   231.21,   723.79
469.84,   350.25,   470.95
470.68,   353.19,   595.92
471.52,   356.13,   720.88
601.58,   103.78,   475.86
602.42,   106.72,   600.83
603.26,   109.66,   725.79
598.18,   228.70,   472.95
599.03,   231.64,   597.91
599.87,   234.58,   722.87
594.79,   353.62,   470.03
595.63,   356.56,   594.99
596.48,   359.50,   719.96
726.53,   107.15,   474.94
727.37,   110.09,   599.90
728.22,   113.03,   724.87
723.14,   232.07,   472.03
723.98,   235.01,   596.99
724.82,   237.95,   721.95
719.74,   356.99,   469.11
720.58,   359.93,   594.07
721.43,   362.87,   719.03
476.65,   101.89,   599.18
479.11,   101.11,   724.16
481.56,   100.34,   849.13
476.76,   226.88,   599.95
479.21,   226.11,   724.93
481.67,   225.34,   849.90
476.86,   351.88,   600.73
479.32,   351.11,   725.70
481.77,   350.34,   850.67
601.63,   101.79,   596.73
604.08,   101.02,   721.70
606.54,   100.25,   846.68
601.73,   226.79,   597.50
604.19,   226.02,   722.47
606.64,   225.25,   847.45
601.84,   351.79,   598.27
604.29,   351.02,   723.24
606.75,   350.24,   848.22
726.60,   101.70,   594.27
729.06,   100.93,   719.25
731.51,   100.16,   844.22
726.71,   226.70,   595.04
729.16,   225.93,   720.02
731.62,   225.16,   844.99
726.82,   351.70,   595.81
729.27,   350.93,   720.79
731.73,   350.15,   845.76
474.26,   223.05,   100.03
477.35,   223.45,   224.99
480.44,   223.85,   349.95
474.35,   348.05,   99.63
477.44,   348.45,   224.59
480.53,   348.85,   349.55
474.44,   473.05,   99.23
477.52,   473.45,   224.19
480.61,   473.85,   349.15
599.22,   222.96,   96.94
602.31,   223.35,   221.90
605.40,   223.75,   346.86
599.31,   347.96,   96.54
602.40,   348.35,   221.50
605.49,   348.75,   346.47
599.40,   472.96,   96.14
602.49,   473.35,   221.11
605.57,   473.75,   346.07
724.19,   222.86,   93.85
727.27,   223.26,   218.81
730.36,   223.65,   343.78
724.27,   347.86,   93.45
727.36,   348.26,   218.42
730.45,   348.65,   343.38
724.36,   472.86,   93.06
727.45,   473.26,   218.02
730.54,   473.65,   342.98
475.71,   224.85,   226.80
473.90,   221.98,   351.75
472.10,   219.11,   476.70
472.63,   349.78,   229.62
470.82,   346.91,   354.58
469.02,   344.04,   479.53
469.55,   474.71,   232.45
467.74,   471.84,   357.40
465.94,   468.97,   482.36
600.65,   227.88,   228.67
598.85,   225.01,   353.62
597.05,   222.14,   478.58
597.58,   352.81,   231.50
595.77,   349.94,   356.45
593.97,   347.07,   481.40
594.50,   477.74,   234.32
592.69,   474.87,   359.28
590.89,   472.00,   484.23
725.60,   230.92,   230.54
723.80,   228.05,   355.50
722.00,   225.18,   480.45
722.52,   355.85,   233.37
720.72,   352.98,   358.32
718.92,   350.11,   483.28
719.45,   480.78,   236.19
717.64,   477.91,   361.15
715.84,   475.04,   486.10
473.70,   223.66,   350.52
470.65,   223.20,   475.48
467.61,   222.74,   600.44
476.98,   348.61,   351.05
473.93,   348.16,   476.02
470.89,   347.70,   600.98
480.26,   473.57,   351.59
477.21,   473.11,   476.55
474.16,   472.66,   601.51
598.62,   220.37,   353.55
595.57,   219.91,   478.51
592.53,   219.45,   603.48
601.90,   345.32,   354.09
598.85,   344.87,   479.05
595.81,   344.41,   604.01
605.18,   470.28,   354.62
602.13,   469.82,   479.59
599.08,   469.37,   604.55
723.54,   217.08,   356.59
720.49,   216.62,   481.55
717.45,   216.16,   606.51
726.82,   342.03,   357.12
723.77,   341.58,   482.08
720.73,   341.12,   607.05
730.10,   466.99,   357.66
727.05,   466.53,   482.62
724.00,   466.08,   607.58
473.10,   226.86,   474.45
473.59,   226.43,   599.45
474.07,   226.00,   724.45
475.35,   351.84,   474.87
475.83,   351.41,   599.87
476.32,   350.98,   724.87
477.59,   476.82,   475.29
478.08,   476.39,   600.29
478.56,   475.96,   725.29
598.08,   224.62,   473.96
598.57,   224.19,   598.96
599.05,   223.76,   723.96
600.33,   349.60,   474.38
600.81,   349.17,   599.38
601.30,   348.74,   724.38
602.57,   474.58,   474.80
603.06,   474.15,   599.80
603.54,   473.72,   724.80
723.06,   222.37,   473.47
723.55,   221.94,   598.47
724.03,   221.52,   723.46
725.31,   347.35,   473.89
725.79,   346.92,   598.89
726.28,   346.49,   723.88
727.55,   472.33,   474.31
728.04,   471.90,   599.31
728.52,   471.47,   724.31
473.29,   224.41,   600.13
474.97,   224.41,   725.11
476.65,   224.41,   850.10
476.05,   349.38,   600.09
477.73,   349.38,   725.08
479.41,   349.38,   850.07
478.81,   474.35,   600.05
480.49,   474.35,   725.04
482.17,   474.35,   850.03
598.25,   221.65,   598.45
599.93,   221.65,   723.43
601.61,   221.65,   848.42
601.01,   346.62,   598.41
602.69,   346.62,   723.40
604.37,   346.62,   848.39
603.77,   471.59,   598.37
605.45,   471.59,   723.36
607.13,   471.59,   848.35
723.21,   218.89,   596.77
724.89,   218.89,   721.75
726.57,   218.89,   846.74
725.97,   343.86,   596.73
727.65,   343.86,   721.72
729.33,   343.86,   846.71
728.73,   468.83,   596.69
730.41,   468.83,   721.68
732.09,   468.83,   846.67
473.27,   351.03,   100.67
475.22,   352.74,   225.64
477.17,   354.44,   350.61
475.26,   476.00,   98.93
477.21,   477.71,   223.90
479.16,   479.41,   348.88
477.24,   600.97,   97.19
479.20,   602.68,   222.17
481.15,   604.39,   347.14
598.24,   349.01,   98.74
600.19,   350.72,   223.72
602.14,   352.43,   348.69
600.22,   473.99,   97.01
602.18,   475.69,   221.98
604.13,   477.40,   346.95
602.21,   598.96,   95.27
604.16,   600.66,   220.24
606.12,   602.37,   345.22
723.20,   347.00,   96.82
725.16,   348.70,   221.79
727.11,   350.41,   346.77
725.19,   471.97,   95.08
727.14,   473.68,   220.06
729.10,   475.38,   345.03
727.18,   596.94,   93.35
729.13,   598.65,   218.32
731.08,   600.35,   343.29
475.00,   350.65,   226.06
477.76,   350.00,   351.03
480.52,   349.35,   476.00
476.30,   475.64,   226.68
479.06,   474.99,   351.65
481.82,   474.34,   476.61
477.60,   600.63,   227.30
480.36,   599.98,   352.27
483.12,   599.33,   477.23
599.96,   349.36,   223.29
602.72,   348.71,   348.26
605.48,   348.06,   473.23
601.26,   474.35,   223.91
604.02,   473.70,   348.88
606.78,   473.05,   473.85
602.56,   599.34,   224.53
605.33,   598.69,   349.50
608.09,   598.05,   474.47
724.92,   348.07,   220.53
727.69,   347.42,   345.49
730.45,   346.78,   470.46
726.23,   473.06,   221.14
728.99,   472.42,   346.11
731.75,   471.77,   471.08
727.53,   598.06,   221.76
730.29,   597.41,   346.73
733.05,   596.76,   471.70
473.12,   351.70,   349.68
469.37,   355.30,   474.57
465.62,   358.90,   599.47
471.82,   476.64,   346.05
468.07,   480.24,   470.94
464.31,   483.84,   595.83
470.52,   601.58,   342.41
466.77,   605.18,   467.30
463.01,   608.78,   592.19
598.06,   353.11,   353.40
594.31,   356.71,   478.29
590.55,   360.31,   603.18
596.76,   478.05,   349.76
593.00,   481.65,   474.65
589.25,   485.25,   599.54
595.45,   602.99,   346.12
591.70,   606.59,   471.01
587.95,   610.19,   595.91
723.00,   354.52,   357.11
719.24,   358.12,   482.00
715.49,   361.72,   606.89
721.69,   479.46,   353.47
717.94,   483.06,   478.36
714.19,   486.66,   603.26
720.39,   604.40,   349.83
716.64,   608.00,   474.73
712.89,   611.60,   599.62
475.84,   348.84,   473.76
472.75,   345.13,   598.67
469.65,   341.42,   723.58
472.84,   473.75,   477.40
469.74,   470.04,   602.30
466.65,   466.33,   727.21
469.83,   598.66,   481.03
466.73,   594.95,   605.94
463.64,   591.24,   730.84
600.77,   351.75,   476.95
597.67,   348.04,   601.85
594.58,   344.33,   726.76
597.76,   476.66,   480.58
594.67,   472.95,   605.49
591.57,   469.25,   730.39
594.75,   601.57,   484.21
591.66,   597.87,   609.12
588.56,   594.16,   734.03
725.69,   354.67,   480.13
722.60,   350.96,   605.03
719.50,   347.25,   729.94
722.69,   479.58,   483.76
719.59,   475.87,   608.67
716.50,   472.16,   733.57
719.68,   604.49,   487.40
716.59,   600.78,   612.30
713.49,   597.07,   737.21
474.78,   350.83,   600.95
474.93,   349.35,   725.94
475.09,   347.87,   850.93
476.55,   475.81,   602.43
476.71,   474.33,   727.42
476.87,   472.85,   852.41
478.33,   600.79,   603.91
478.48,   599.31,   728.90
478.64,   597.83,   853.89
599.76,   349.06,   600.77
599.92,   347.58,   725.77
600.08,   346.10,   850.76
601.54,   474.04,   602.25
601.70,   472.56,   727.24
601.85,   471.08,   852.23
603.31,   599.02,   603.73
603.47,   597.54,   728.72
603.63,   596.06,   853.71
724.75,   347.29,   600.60
724.91,   345.81,   725.59
725.07,   344.33,   850.58
726.53,   472.27,   602.07
726.68,   470.79,   727.06
726.84,   469.31,   852.06
728.30,   597.24,   603.55
728.46,   595.77,   728.54
728.61,   594.29,   853.53
476.63,   474.79,   101.51
475.55,   478.48,   226.45
474.47,   482.16,   351.39
474.38,   599.72,   97.80
473.30,   603.40,   222.74
472.22,   607.09,   347.69
472.13,   724.64,   94.10
471.05,   728.33,   219.04
469.97,   732.01,   343.98
601.61,   477.07,   102.52
600.53,   480.76,   227.46
599.44,   484.44,   352.40
599.36,   602.00,   98.82
598.28,   605.68,   223.76
597.19,   609.37,   348.70
597.11,   726.92,   95.11
596.02,   730.61,   220.06
594.94,   734.29,   345.00
726.58,   479.35,   103.54
725.50,   483.04,   228.48
724.42,   486.72,   353.42
724.33,   604.28,   99.83
723.25,   607.96,   224.77
722.17,   611.65,   349.71
722.08,   729.20,   96.13
721.00,   732.89,   221.07
719.92,   736.57,   346.01
475.26,   475.98,   225.54
476.60,   478.76,   350.50
477.94,   481.54,   475.46
477.74,   600.93,   222.74
479.08,   603.70,   347.70
480.43,   606.48,   472.66
480.23,   725.87,   219.93
481.57,   728.65,   344.90
482.91,   731.42,   469.86
600.23,   473.47,   224.25
601.57,   476.25,   349.22
602.91,   479.02,   474.18
602.71,   598.41,   221.45
604.05,   601.19,   346.41
605.39,   603.97,   471.37
605.20,   723.36,   218.65
606.54,   726.13,   343.61
607.88,   728.91,   468.57
725.19,   470.95,   222.97
726.54,   473.73,   347.93
727.88,   476.51,   472.89
727.68,   595.90,   220.16
729.02,   598.67,   345.13
730.36,   601.45,   470.09
730.16,   720.84,   217.36
731.51,   723.62,   342.32
732.85,   726.40,   467.28
473.46,   474.95,   349.11
474.04,   476.49,   474.09
474.62,   478.02,   599.08
473.89,   599.94,   347.57
474.46,   601.48,   472.56
475.04,   603.01,   597.55
474.31,   724.93,   346.03
474.89,   726.47,   471.02
475.47,   728.00,   596.01
598.46,   474.52,   348.53
599.04,   476.06,   473.52
599.62,   477.59,   598.51
598.88,   599.51,   347.00
599.46,   601.05,   471.99
600.04,   602.58,   596.97
599.31,   724.50,   345.46
599.88,   726.04,   470.45
600.46,   727.57,   595.44
723.46,   474.09,   347.96
724.04,   475.63,   472.95
724.62,   477.16,   597.94
723.88,   599.08,   346.42
724.46,   600.62,   471.41
725.04,   602.15,   596.40
724.30,   724.07,   344.89
724.88,   725.61,   469.88
725.46,   727.14,   594.86
474.92,   475.88,   473.04
476.02,   475.69,   598.04
477.13,   475.49,   723.03
472.99,   600.87,   473.26
474.09,   600.67,   598.25
475.20,   600.47,   723.25
471.06,   725.85,   473.47
472.16,   725.66,   598.46
473.27,   725.46,   723.46
599.90,   477.81,   471.94
601.00,   477.62,   596.94
602.11,   477.42,   721.93
597.97,   602.80,   472.15
599.07,   602.60,   597.15
600.18,   602.41,   722.14
596.04,   727.78,   472.37
597.14,   727.59,   597.36
598.25,   727.39,   722.36
724.88,   479.75,   470.84
725.98,   479.55,   595.83
727.09,   479.35,   720.83
722.95,   604.73,   471.05
724.05,   604.54,   596.05
725.16,   604.34,   721.04
721.02,   729.72,   471.26
722.12,   729.52,   596.26
723.23,   729.32,   721.25
476.58,   474.16,   600.22
473.21,   477.60,   725.13
469.84,   481.05,   850.04
474.16,   599.09,   596.72
470.79,   602.53,   721.62
467.42,   605.97,   846.53
471.74,   724.02,   593.21
468.37,   727.46,   718.11
465.00,   730.90,   843.02
601.51,   476.68,   603.52
598.14,   480.12,   728.43
594.77,   483.56,   853.34
599.09,   601.60,   600.01
595.72,   605.05,   724.92
592.35,   608.49,   849.83
596.67,   726.53,   596.51
593.30,   729.97,   721.41
589.93,   733.41,   846.32
726.44,   479.19,   606.82
723.07,   482.63,   731.73
719.71,   486.07,   856.64
724.02,   604.12,   603.31
720.65,   607.56,   728.22
717.28,   611.00,   853.13
721.60,   729.04,   599.81
718.23,   732.49,   724.71
714.86,   735.93,   849.62
475.25,   599.38,   100.11
477.16,   600.80,   225.09
479.08,   602.21,   350.07
473.33,   724.36,   98.73
475.25,   725.77,   223.70
477.16,   727.19,   348.68
471.41,   849.33,   97.34
473.33,   850.75,   222.32
475.25,   852.17,   347.29
600.22,   601.27,   98.18
602.13,   602.69,   223.15
604.05,   604.11,   348.13
598.30,   726.25,   96.79
600.22,   727.67,   221.76
602.13,   729.09,   346.74
596.38,   851.23,   95.40
598.30,   852.65,   220.38
600.22,   854.06,   345.35
725.19,   603.17,   96.24
727.11,   604.59,   221.21
729.02,   606.00,   346.19
723.27,   728.15,   94.85
725.19,   729.56,   219.83
727.10,   730.98,   344.80
721.35,   853.13,   93.46
723.27,   854.54,   218.44
725.19,   855.96,   343.42
473.72,   598.86,   226.87
475.79,   598.47,   351.86
477.86,   598.07,   476.84
470.29,   723.81,   227.32
472.35,   723.42,   352.30
474.42,   723.03,   477.29
466.85,   848.76,   227.77
468.92,   848.37,   352.75
470.99,   847.98,   477.74
598.66,   602.30,   224.82
600.73,   601.91,   349.80
602.79,   601.52,   474.78
595.22,   727.25,   225.27
597.29,   726.86,   350.25
599.36,   726.47,   475.23
591.79,   852.21,   225.72
593.85,   851.81,   350.70
595.92,   851.42,   475.68
723.60,   605.75,   222.76
725.66,   605.35,   347.74
727.73,   604.96,   472.73
720.16,   730.70,   223.21
722.23,   730.30,   348.19
724.29,   729.91,   473.18
716.72,   855.65,   223.66
718.79,   855.26,   348.64
720.86,   854.86,   473.62
474.72,   598.65,   348.67
474.52,   595.45,   473.63
474.33,   592.24,   598.58
472.49,   723.59,   351.87
472.30,   720.39,   476.83
472.11,   717.18,   601.79
470.27,   848.53,   355.07
470.08,   845.32,   480.03
469.89,   842.12,   604.99
599.70,   600.87,   348.92
599.50,   597.66,   473.88
599.31,   594.46,   598.83
597.47,   725.81,   352.12
597.28,   722.60,   477.08
597.09,   719.40,   602.04
595.25,   850.75,   355.32
595.06,   847.54,   480.28
594.87,   844.33,   605.24
724.68,   603.09,   349.17
724.48,   599.88,   474.12
724.29,   596.67,   599.08
722.45,   728.02,   352.37
722.26,   724.82,   477.33
722.07,   721.61,   602.29
720.23,   852.96,   355.57
720.04,   849.76,   480.53
719.85,   846.55,   605.49
473.52,   600.93,   474.38
472.04,   598.09,   599.34
470.56,   595.25,   724.30
477.08,   725.84,   477.26
475.61,   723.01,   602.22
474.13,   720.17,   727.18
480.65,   850.76,   480.14
479.17,   847.92,   605.10
477.69,   845.09,   730.05
598.46,   597.33,   475.78
596.98,   594.49,   600.74
595.50,   591.66,   725.70
602.02,   722.25,   478.65
600.55,   719.41,   603.61
599.07,   716.57,   728.57
605.59,   847.16,   481.53
604.11,   844.33,   606.49
602.63,   841.49,   731.45
723.40,   593.74,   477.17
721.92,   590.90,   602.13
720.45,   588.06,   727.09
726.96,   718.65,   480.05
725.49,   715.81,   605.01
724.01,   712.98,   729.97
730.53,   843.57,   482.93
729.05,   840.73,   607.89
727.57,   837.89,   732.85
474.99,   599.83,   599.20
475.07,   602.43,   724.17
475.16,   605.02,   849.14
477.31,   724.79,   596.60
477.40,   727.38,   721.57
477.48,   729.97,   846.55
479.64,   849.74,   594.01
479.73,   852.33,   718.98
479.81,   854.93,   843.95
599.96,   597.50,   599.16
600.05,   600.10,   724.13
600.13,   602.69,   849.11
602.29,   722.46,   596.56
602.38,   725.05,   721.54
602.46,   727.64,   846.51
604.62,   847.41,   593.97
604.71,   850.00,   718.94
604.79,   852.60,   843.91
724.94,   595.17,   599.12
725.03,   597.77,   724.10
725.11,   600.36,   849.07
727.27,   720.13,   596.53
727.36,   722.72,   721.50
727.44,   725.31,   846.47
729.60,   845.08,   593.93
729.69,   847.67,   718.91
729.77,   850.27,   843.88
601.94,   100.41,   100.47
605.58,   96.69,   225.37
609.22,   92.96,   350.26
602.80,   225.35,   104.17
606.44,   221.63,   229.07
610.08,   217.90,   353.96
603.66,   350.29,   107.87
607.30,   346.57,   232.77
610.94,   342.85,   357.66
726.88,   99.66,   96.81
730.52,   95.93,   221.70
734.17,   92.21,   346.59
727.74,   224.60,   100.51
731.38,   220.88,   225.40
735.03,   217.15,   350.29
728.60,   349.54,   104.21
732.24,   345.82,   229.10
735.89,   342.09,   353.99
851.83,   98.91,   93.14
855.47,   95.18,   218.04
859.11,   91.46,   342.93
852.69,   223.85,   96.84
856.33,   220.12,   221.74
859.97,   216.40,   346.63
853.55,   348.79,   100.54
857.19,   345.07,   225.44
860.83,   341.34,   350.33
600.13,   100.72,   223.82
598.51,   102.01,   348.81
596.90,   103.29,   473.79
599.01,   225.71,   222.52
597.40,   227.00,   347.51
595.78,   228.28,   472.49
597.89,   350.70,   221.23
596.28,   351.99,   346.21
594.66,   353.27,   471.19
725.11,   101.86,   225.42
723.50,   103.14,   350.41
721.89,   104.43,   475.39
723.99,   226.85,   224.13
722.38,   228.13,   349.11
720.77,   229.42,   474.09
722.87,   351.84,   222.83
721.26,   353.12,   347.81
719.65,   354.41,   472.79
850.10,   103.00,   227.03
848.48,   104.28,   352.01
846.87,   105.56,   476.99
848.98,   227.99,   225.73
847.36,   229.27,   350.71
845.75,   230.55,   475.69
847.86,   352.97,   224.43
846.25,   354.26,   349.41
844.63,   355.54,   474.40
599.06,   99.93,   350.29
598.02,   100.97,   475.28
596.97,   102.00,   600.27
596.43,   224.90,   349.23
595.38,   225.93,   474.22
594.33,   226.97,   599.21
593.80,   349.87,   348.17
592.75,   350.90,   473.17
591.70,   351.94,   598.16
724.03,   102.57,   351.31
722.98,   103.61,   476.31
721.94,   104.64,   601.30
721.40,   227.54,   350.26
720.35,   228.58,   475.25
719.30,   229.61,   600.24
718.77,   352.51,   349.20
717.72,   353.54,   474.19
716.67,   354.58,   599.18
849.00,   105.22,   352.34
847.95,   106.25,   477.33
846.90,   107.28,   602.32
846.37,   230.18,   351.28
845.32,   231.22,   476.28
844.27,   232.25,   601.27
843.73,   355.15,   350.23
842.68,   356.19,   475.22
841.64,   357.22,   600.21
601.95,   100.23,   474.57
603.57,   100.96,   599.56
605.19,   101.69,   724.55
599.66,   225.21,   473.88
601.28,   225.94,   598.86
602.90,   226.66,   723.85
597.36,   350.19,   473.18
598.98,   350.91,   598.16
600.60,   351.64,   723.15
726.92,   102.52,   472.94
728.54,   103.24,   597.93
730.16,   103.97,   722.92
724.62,   227.49,   472.24
726.24,   228.22,   597.23
727.86,   228.95,   722.22
722.33,   352.47,   471.54
723.95,   353.20,   596.53
725.57,   353.93,   721.52
851.89,   104.80,   471.31
853.51,   105.53,   596.30
855.13,   106.26,   721.28
849.59,   229.78,   470.61
851.21,   230.51,   595.60
852.83,   231.23,   720.58
847.30,   354.75,   469.91
848.92,   355.48,   594.90
850.54,   356.21,   719.89
598.02,   101.49,   600.32
595.22,   101.86,   725.29
592.42,   102.24,   850.26
598.31,   226.48,   599.95
595.52,   226.86,   724.92
592.72,   227.24,   849.89
598.61,   351.48,   599.58
595.81,   351.86,   724.55
593.01,   352.24,   849.52
722.99,   101.20,   603.12
720.19,   101.58,   728.09
717.39,   101.95,   853.06
723.28,   226.20,   602.75
720.48,   226.57,   727.72
717.68,   226.95,   852.69
723.58,   351.20,   602.38
720.78,   351.57,   727.35
717.98,   351.95,   852.32
847.96,   100.91,   605.92
845.16,   101.29,   730.89
842.36,   101.67,   855.86
848.25,   225.91,   605.55
845.45,   226.29,   730.52
842.65,   226.66,   855.49
848.55,   350.91,   605.18
845.75,   351.29,   730.15
842.95,   351.66,   855.12
600.43,   226.85,   99.04
603.93,   229.24,   223.97
607.43,   231.63,   348.89
604.00,   351.77,   96.55
607.50,   354.16,   221.48
610.99,   356.55,   346.40
607.56,   476.70,   94.06
611.06,   479.09,   218.99
614.56,   481.48,   343.91
725.33,   223.22,   95.61
728.83,   225.61,   220.54
732.33,   228.00,   345.47
728.90,   348.14,   93.12
732.40,   350.53,   218.05
735.89,   352.92,   342.98
732.46,   473.07,   90.63
735.96,   475.46,   215.56
739.46,   477.84,   340.49
850.23,   219.58,   92.18
853.73,   221.97,   217.11
857.23,   224.36,   342.04
853.80,   344.51,   89.69
857.30,   346.90,   214.62
860.79,   349.29,   339.55
857.36,   469.43,   87.20
860.86,   471.82,   212.13
864.36,   474.21,   337.06
601.56,   225.88,   225.29
598.80,   228.12,   350.24
596.03,   230.36,   475.19
603.97,   350.83,   223.10
601.20,   353.07,   348.05
598.44,   355.31,   473.00
606.38,   475.79,   220.91
603.61,   478.03,   345.86
600.84,   480.27,   470.81
726.51,   223.52,   228.10
723.74,   225.76,   353.05
720.98,   228.00,   478.00
728.92,   348.48,   225.91
726.15,   350.72,   350.86
723.38,   352.96,   475.81
731.32,   473.43,   223.72
728.56,   475.67,   348.67
725.79,   477.92,   473.62
851.46,   221.16,   230.91
848.69,   223.40,   355.86
845.92,   225.64,   480.81
853.86,   346.12,   228.72
851.10,   348.36,   353.67
848.33,   350.60,   478.62
856.27,   471.08,   226.53
853.50,   473.32,   351.48
850.74,   475.56,   476.43
601.42,   226.06,   348.71
600.92,   226.07,   473.71
600.42,   226.08,   598.71
604.25,   351.02,   348.71
603.75,   351.04,   473.71
603.26,   351.05,   598.71
607.09,   475.99,   348.71
606.59,   476.00,   473.71
606.09,   476.02,   598.71
726.39,   223.22,   349.21
725.89,   223.23,   474.21
725.39,   223.25,   599.21
729.22,   348.19,   349.21
728.72,   348.20,   474.21
728.22,   348.22,   599.21
732.05,   473.16,   349.21
731.55,   473.17,   474.21
731.06,   473.18,   599.20
851.35,   220.39,   349.71
850.86,   220.40,   474.71
850.36,   220.41,   599.70
854.19,   345.36,   349.71
853.69,   345.37,   474.70
853.19,   345.38,   599.70
857.02,   470.33,   349.70
856.52,   470.34,   474.70
856.02,   470.35,   599.70
601.12,   225.53,   473.13
603.93,   223.07,   598.08
606.75,   220.60,   723.02
601.24,   350.51,   475.60
604.05,   348.04,   600.54
606.87,   345.58,   725.48
601.36,   475.48,   478.06
604.17,   473.02,   603.00
606.98,   470.55,   727.95
726.09,   225.47,   470.32
728.90,   223.00,   595.26
731.72,   220.54,   720.21
726.21,   350.45,   472.78
729.02,   347.98,   597.73
731.83,   345.51,   722.67
726.33,   475.42,   475.25
729.14,   472.96,   600.19
731.95,   470.49,   725.13
851.06,   225.41,   467.50
853.87,   222.94,   592.45
856.68,   220.47,   717.39
851.18,   350.38,   469.97
853.99,   347.92,   594.91
856.80,   345.45,   719.86
851.30,   475.36,   472.43
854.11,   472.89,   597.38
856.92,   470.43,   722.32
598.49,   224.82,   599.09
601.46,   227.34,   724.03
604.44,   229.86,   848.96
600.29,   349.78,   596.52
603.27,   352.30,   721.46
606.25,   354.82,   846.40
602.10,   474.74,   593.96
605.08,   477.26,   718.90
608.05,   479.78,   843.84
723.44,   222.95,   596.15
726.41,   225.47,   721.09
729.39,   227.99,   846.03
725.25,   347.91,   593.59
728.22,   350.43,   718.53
731.20,   352.95,   843.46
727.05,   472.87,   591.02
730.03,   475.39,   715.96
733.00,   477.91,   840.90
848.39,   221.09,   593.21
851.37,   223.60,   718.15
854.34,   226.12,   843.09
850.20,   346.05,   590.65
853.17,   348.56,   715.59
856.15,   351.08,   840.53
852.00,   471.01,   588.09
854.98,   473.53,   713.03
857.96,   476.04,   837.96
600.82,   350.91,   102.00
598.92,   347.40,   226.94
597.03,   343.89,   351.87
598.05,   475.83,   105.47
596.16,   472.32,   230.40
594.26,   468.82,   355.34
595.29,   600.75,   108.93
593.40,   597.24,   233.87
591.50,   593.74,   358.80
725.77,   353.62,   103.97
723.88,   350.11,   228.91
721.98,   346.60,   353.84
723.01,   478.54,   107.44
721.11,   475.03,   232.37
719.22,   471.52,   357.31
720.24,   603.46,   110.90
718.35,   599.95,   235.84
716.46,   596.45,   360.77
850.73,   356.33,   105.94
848.83,   352.82,   230.88
846.94,   349.31,   355.81
847.96,   481.25,   109.41
846.07,   477.74,   234.34
844.18,   474.23,   359.28
845.20,   606.17,   112.87
843.31,   602.66,   237.81
841.41,   599.16,   362.74
599.28,   349.86,   224.15
599.30,   350.59,   349.15
599.31,   351.33,   474.15
599.41,   474.85,   223.42
599.43,   475.59,   348.42
599.45,   476.32,   473.41
599.55,   599.85,   222.68
599.57,   600.59,   347.68
599.59,   601.32,   472.68
724.28,   349.72,   224.13
724.30,   350.45,   349.13
724.31,   351.19,   474.13
724.41,   474.72,   223.40
724.43,   475.45,   348.40
724.45,   476.19,   473.40
724.55,   599.72,   222.67
724.57,   600.45,   347.66
724.59,   601.18,   472.66
849.28,   349.58,   224.12
849.30,   350.32,   349.11
849.31,   351.05,   474.11
849.41,   474.58,   223.38
849.43,   475.32,   348.38
849.45,   476.05,   473.38
849.55,   599.58,   222.65
849.57,   600.31,   347.65
849.59,   601.05,   472.64
601.33,   350.66,   350.11
599.64,   353.91,   475.06
597.94,   357.16,   600.00
601.42,   475.61,   346.86
599.73,   478.86,   471.81
598.04,   482.12,   596.75
601.52,   600.57,   343.61
599.83,   603.82,   468.56
598.14,   607.07,   593.50
726.32,   350.60,   351.80
724.62,   353.85,   476.75
722.93,   357.10,   601.70
726.41,   475.56,   348.55
724.72,   478.81,   473.50
723.03,   482.06,   598.45
726.51,   600.52,   345.30
724.82,   603.77,   470.25
723.12,   607.02,   595.20
851.31,   350.55,   353.50
849.61,   353.80,   478.45
847.92,   357.05,   603.39
851.40,   475.51,   350.25
849.71,   478.76,   475.20
848.02,   482.01,   600.14
851.50,   600.47,   347.00
849.81,   603.72,   471.95
848.11,   606.97,   596.89
598.73,   349.67,   474.22
601.17,   351.93,   599.17
603.61,   354.19,   724.13
600.34,   474.63,   471.92
602.78,   476.90,   596.88
605.22,   479.16,   721.84
601.96,   599.60,   469.63
604.40,   601.87,   594.59
606.84,   604.13,   719.54
723.69,   348.00,   471.81
726.13,   350.27,   596.76
728.57,   352.53,   721.72
725.31,   472.97,   469.51
727.75,   475.24,   594.47
730.19,   477.50,   719.43
726.93,   597.94,   467.22
729.37,   600.20,   592.17
731.81,   602.47,   717.13
848.66,   346.34,   469.40
851.10,   348.61,   594.35
853.54,   350.87,   719.31
850.27,   471.31,   467.10
852.71,   473.58,   592.06
855.16,   475.84,   717.01
851.89,   596.28,   464.81
854.33,   598.54,   589.76
856.77,   600.81,   714.72
598.89,   348.28,   598.94
597.04,   347.63,   723.92
595.19,   346.98,   848.91
602.06,   473.24,   599.64
600.21,   472.59,   724.62
598.36,   471.94,   849.60
605.23,   598.20,   600.33
603.38,   597.55,   725.32
601.53,   596.90,   850.30
723.83,   345.10,   600.77
721.98,   344.45,   725.75
720.14,   343.80,   850.74
727.00,   470.06,   601.47
725.16,   469.41,   726.45
723.31,   468.76,   851.44
730.17,   595.02,   602.16
728.33,   594.37,   727.15
726.48,   593.72,   852.13
848.78,   341.92,   602.60
846.93,   341.27,   727.58
845.08,   340.62,   852.57
851.95,   466.88,   603.30
850.10,   466.23,   728.28
848.25,   465.58,   853.27
855.12,   591.84,   603.99
853.27,   591.19,   728.98
851.42,   590.54,   853.96
600.69,   475.47,   98.58
603.99,   477.19,   223.52
607.30,   478.92,   348.47
604.10,   600.41,   96.76
607.40,   602.14,   221.70
610.71,   603.86,   346.65
607.51,   725.35,   94.94
610.82,   727.08,   219.88
614.12,   728.80,   344.83
725.59,   472.01,   95.32
728.90,   473.74,   220.26
732.21,   475.47,   345.21
729.01,   596.95,   93.50
732.31,   598.68,   218.44
735.62,   600.41,   343.39
732.42,   721.89,   91.68
735.72,   723.62,   216.62
739.03,   725.35,   341.57
850.50,   468.55,   92.06
853.81,   470.28,   217.00
857.12,   472.01,   341.95
853.91,   593.49,   90.24
857.22,   595.22,   215.18
860.53,   596.95,   340.13
857.33,   718.43,   88.42
860.63,   720.16,   213.36
863.94,   721.89,   338.31
600.73,   475.84,   225.26
602.06,   475.55,   350.25
603.39,   475.26,   475.25
602.71,   600.83,   225.53
604.04,   600.54,   350.52
605.36,   600.24,   475.52
604.69,   725.81,   225.80
606.01,   725.52,   350.80
607.34,   725.23,   475.79
725.71,   473.87,   223.93
727.04,   473.58,   348.92
728.36,   473.29,   473.92
727.69,   598.86,   224.20
729.01,   598.56,   349.19
730.34,   598.27,   474.19
729.66,   723.84,   224.47
730.99,   723.55,   349.47
732.32,   723.25,   474.46
850.69,   471.90,   222.60
852.02,   471.61,   347.59
853.34,   471.31,   472.58
852.66,   596.88,   222.87
853.99,   596.59,   347.86
855.32,   596.30,   472.86
854.64,   721.87,   223.14
855.97,   721.58,   348.14
857.29,   721.28,   473.13
601.86,   475.39,   349.55
598.75,   473.36,   474.49
595.64,   471.32,   599.44
605.32,   600.32,   351.67
602.21,   598.29,   476.61
599.10,   596.26,   601.56
608.78,   725.26,   353.79
605.68,   723.22,   478.73
602.57,   721.19,   603.68
726.77,   471.88,   352.60
723.66,   469.84,   477.54
720.55,   467.81,   602.49
730.24,   596.81,   354.72
727.13,   594.78,   479.66
724.02,   592.74,   604.61
733.70,   721.74,   356.84
730.59,   719.71,   481.78
727.48,   717.68,   606.73
851.69,   468.36,   355.65
848.58,   466.33,   480.60
845.47,   464.30,   605.54
855.15,   593.30,   357.77
852.04,   591.26,   482.72
848.93,   589.23,   607.66
858.61,   718.23,   359.89
855.50,   716.20,   484.84
852.39,   714.16,   609.78
601.23,   476.13,   473.60
598.37,   475.83,   598.57
595.50,   475.53,   723.53
599.77,   601.12,   473.87
596.91,   600.82,   598.83
594.05,   600.52,   723.80
598.32,   726.11,   474.13
595.45,   725.81,   599.10
592.59,   725.51,   724.07
726.19,   477.58,   476.47
723.33,   477.28,   601.43
720.46,   476.98,   726.40
724.73,   602.57,   476.73
721.87,   602.27,   601.70
719.01,   601.97,   726.67
723.28,   727.56,   477.00
720.41,   727.26,   601.97
717.55,   726.96,   726.94
851.15,   479.03,   479.34
848.29,   478.73,   604.30
845.42,   478.43,   729.27
849.69,   604.02,   479.60
846.83,   603.72,   604.57
843.96,   603.42,   729.54
848.23,   729.02,   479.87
845.37,   728.71,   604.84
842.51,   728.41,   729.80
599.87,   476.47,   601.53
603.49,   475.22,   726.47
607.10,   473.96,   851.41
602.72,   601.44,   602.70
606.34,   600.18,   727.64
609.96,   598.92,   852.59
605.58,   726.40,   603.88
609.20,   725.14,   728.82
612.82,   723.89,   853.76
724.78,   473.65,   597.88
728.40,   472.40,   722.83
732.02,   471.14,   847.77
727.64,   598.61,   599.06
731.26,   597.36,   724.00
734.88,   596.10,   848.94
730.50,   723.58,   600.23
734.11,   722.32,   725.17
737.73,   721.06,   850.11
849.70,   470.83,   594.24
853.32,   469.58,   719.18
856.93,   468.32,   844.12
852.55,   595.79,   595.41
856.17,   594.54,   720.35
859.79,   593.28,   845.29
855.41,   720.76,   596.59
859.03,   719.50,   721.53
862.65,   718.24,   846.47
599.96,   599.99,   100.76
596.60,   596.82,   225.67
593.24,   593.64,   350.59
603.58,   724.90,   104.03
600.22,   721.72,   228.95
596.87,   718.54,   353.86
607.21,   849.80,   107.30
603.85,   846.63,   232.22
600.49,   843.45,   357.13
724.86,   596.28,   104.02
721.50,   593.11,   228.93
718.14,   589.93,   353.85
728.48,   721.19,   107.29
725.13,   718.01,   232.21
721.77,   714.83,   357.12
732.11,   846.09,   110.57
728.75,   842.92,   235.48
725.39,   839.74,   360.40
849.76,   592.57,   107.28
846.40,   589.40,   232.20
843.05,   586.22,   357.11
853.39,   717.48,   110.56
850.03,   714.30,   235.47
846.67,   711.12,   360.39
857.01,   842.38,   113.83
853.65,   839.20,   238.75
850.30,   836.03,   363.66
598.83,   601.44,   224.12
595.31,   602.13,   349.07
591.80,   602.82,   474.02
599.88,   726.43,   223.46
596.37,   727.12,   348.41
592.85,   727.81,   473.36
600.94,   851.43,   222.80
597.42,   852.12,   347.75
593.91,   852.81,   472.70
723.77,   600.40,   227.65
720.26,   601.09,   352.60
716.74,   601.78,   477.54
724.83,   725.40,   226.99
721.31,   726.09,   351.93
717.80,   726.78,   476.88
725.89,   850.39,   226.33
722.37,   851.08,   351.27
718.85,   851.77,   476.22
848.72,   599.37,   231.17
845.20,   600.06,   356.12
841.69,   600.75,   481.07
849.78,   724.36,   230.51
846.26,   725.05,   355.46
842.74,   725.74,   480.41
850.83,   849.35,   229.85
847.32,   850.04,   354.80
843.80,   850.73,   479.75
600.09,   600.09,   348.40
596.51,   597.75,   473.33
592.93,   595.42,   598.25
603.70,   725.01,   350.84
600.12,   722.68,   475.77
596.54,   720.34,   600.69
607.31,   849.94,   353.28
603.73,   847.60,   478.21
600.15,   845.26,   603.13
724.98,   596.41,   351.91
721.40,   594.07,   476.84
717.82,   591.73,   601.76
728.60,   721.33,   354.35
725.02,   719.00,   479.28
721.44,   716.66,   604.20
732.21,   846.26,   356.79
728.63,   843.92,   481.72
725.05,   841.58,   606.65
849.88,   592.73,   355.42
846.30,   590.39,   480.35
842.72,   588.05,   605.27
853.49,   717.65,   357.86
849.91,   715.32,   482.79
846.33,   712.98,   607.71
857.11,   842.58,   360.30
853.53,   840.24,   485.23
849.95,   837.90,   610.16
599.97,   600.14,   476.97
602.25,   603.29,   601.91
604.52,   606.44,   726.85
599.21,   725.09,   473.84
601.48,   728.25,   598.78
603.76,   731.40,   723.72
598.45,   850.05,   470.70
600.72,   853.20,   595.64
603.00,   856.36,   720.58
724.95,   600.84,   474.68
727.22,   603.99,   599.62
729.50,   607.14,   724.56
724.19,   725.80,   471.55
726.46,   728.95,   596.49
728.73,   732.10,   721.42
723.43,   850.76,   468.41
725.70,   853.91,   593.35
727.97,   857.06,   718.29
849.93,   601.54,   472.39
852.20,   604.70,   597.33
854.47,   607.85,   722.27
849.16,   726.50,   469.25
851.44,   729.65,   594.19
853.71,   732.81,   719.13
848.40,   851.46,   466.12
850.68,   854.61,   591.06
852.95,   857.76,   716.00
600.36,   600.00,   598.47
600.27,   602.09,   723.46
600.18,   604.19,   848.44
600.95,   724.98,   596.38
600.86,   727.07,   721.36
600.77,   729.17,   846.34
601.53,   849.96,   594.29
601.44,   852.06,   719.27
601.35,   854.15,   844.25
725.36,   599.42,   598.57
725.27,   601.51,   723.55
725.18,   603.60,   848.54
725.94,   724.40,   596.48
725.85,   726.49,   721.46
725.76,   728.59,   846.44
726.53,   849.38,   594.39
726.44,   851.47,   719.37
726.35,   853.57,   844.35
850.36,   598.84,   598.67
850.27,   600.93,   723.65
850.18,   603.02,   848.64
850.94,   723.82,   596.58
850.85,   725.91,   721.56
850.76,   728.00,   846.54
851.53,   848.80,   594.49
851.44,   850.89,   719.47
851.35,   852.98,   844.45
