27, 8, pa1-unknown-k
202.69,   191.91,   206.00
360.96,   411.83,   192.13
211.42,   208.90,   208.90
212.74,   211.62,   333.86
214.06,   214.34,   458.83
207.81,   333.81,   206.22
209.13,   336.54,   331.18
210.44,   339.26,   456.14
204.19,   458.73,   203.53
205.51,   461.46,   328.49
206.83,   464.18,   453.46
336.36,   212.48,   207.50
337.68,   215.20,   332.47
339.00,   217.93,   457.43
332.75,   337.40,   204.82
334.07,   340.12,   329.78
335.39,   342.85,   454.75
329.13,   462.32,   202.13
330.45,   465.04,   327.10
331.77,   467.77,   452.06
461.30,   216.07,   206.11
462.62,   218.79,   331.07
463.94,   221.51,   456.03
457.69,   340.99,   203.42
459.01,   343.71,   328.38
460.33,   346.43,   453.35
454.07,   465.90,   200.74
455.39,   468.63,   325.70
456.71,   471.35,   450.66
211.66,   210.96,   451.86
215.13,   213.93,   576.78
218.59,   216.91,   701.69
210.08,   335.92,   448.93
213.54,   338.89,   573.85
217.00,   341.86,   698.76
208.49,   460.87,   446.00
211.95,   463.85,   570.92
215.41,   466.82,   695.83
336.61,   212.47,   448.36
340.07,   215.44,   573.28
343.53,   218.41,   698.20
335.02,   337.42,   445.43
338.48,   340.39,   570.35
341.94,   343.37,   695.27
333.43,   462.38,   442.50
336.89,   465.35,   567.42
340.35,   468.32,   692.34
461.55,   213.97,   444.86
465.01,   216.94,   569.78
468.47,   219.92,   694.70
459.96,   338.93,   441.93
463.42,   341.90,   566.85
466.88,   344.87,   691.77
458.37,   463.88,   439.00
461.84,   466.86,   563.92
465.30,   469.83,   688.84
210.81,   451.43,   211.35
208.75,   452.77,   336.33
206.69,   454.12,   461.30
208.93,   576.41,   209.98
206.87,   577.75,   334.95
204.81,   579.10,   459.93
207.04,   701.38,   208.60
204.98,   702.73,   333.58
202.92,   704.07,   458.55
335.78,   453.34,   213.39
333.72,   454.68,   338.37
331.66,   456.03,   463.34
333.89,   578.32,   212.02
331.83,   579.66,   336.99
329.78,   581.01,   461.97
332.01,   703.29,   210.64
329.95,   704.64,   335.61
327.89,   705.98,   460.59
460.75,   455.25,   215.43
458.69,   456.59,   340.41
456.63,   457.94,   465.38
458.86,   580.23,   214.05
456.80,   581.57,   339.03
454.74,   582.92,   464.01
456.98,   705.20,   212.68
454.92,   706.55,   337.65
452.86,   707.89,   462.63
209.83,   449.33,   448.73
213.18,   450.80,   573.68
216.54,   452.28,   698.62
211.87,   574.30,   447.20
215.22,   575.78,   572.15
218.57,   577.25,   697.09
213.90,   699.27,   445.67
217.25,   700.75,   570.62
220.61,   702.23,   695.56
334.77,   447.25,   445.40
338.12,   448.73,   570.35
341.47,   450.20,   695.30
336.80,   572.23,   443.87
340.16,   573.70,   568.82
343.51,   575.18,   693.77
338.84,   697.20,   442.34
342.19,   698.67,   567.29
345.54,   700.15,   692.23
459.71,   445.18,   442.07
463.06,   446.65,   567.02
466.41,   448.13,   691.97
461.74,   570.15,   440.54
465.10,   571.63,   565.49
468.45,   573.10,   690.44
463.78,   695.12,   439.01
467.13,   696.60,   563.96
470.48,   698.08,   688.91
449.47,   210.51,   209.20
447.91,   207.96,   334.16
446.36,   205.41,   459.13
451.39,   335.46,   211.77
449.84,   332.92,   336.74
448.28,   330.37,   461.70
453.31,   460.42,   214.35
451.76,   457.87,   339.31
450.21,   455.32,   464.28
574.44,   208.55,   210.71
572.89,   206.00,   335.68
571.34,   203.45,   460.64
576.36,   333.51,   213.29
574.81,   330.96,   338.25
573.26,   328.41,   463.22
578.29,   458.47,   215.86
576.73,   455.92,   340.82
575.18,   453.37,   465.79
699.42,   206.60,   212.23
697.86,   204.05,   337.19
696.31,   201.50,   462.15
701.34,   331.56,   214.80
699.79,   329.01,   339.76
698.23,   326.46,   464.73
703.26,   456.51,   217.37
701.71,   453.96,   342.34
700.16,   451.42,   467.30
450.08,   211.80,   448.69
450.29,   214.01,   573.67
450.49,   216.22,   698.65
448.82,   336.77,   446.48
449.03,   338.98,   571.46
449.24,   341.19,   696.44
447.57,   461.75,   444.27
447.78,   463.96,   569.25
447.98,   466.17,   694.23
575.07,   213.05,   448.46
575.28,   215.26,   573.44
575.49,   217.47,   698.42
573.82,   338.02,   446.25
574.02,   340.23,   571.23
574.23,   342.44,   696.21
572.56,   463.00,   444.04
572.77,   465.21,   569.02
572.98,   467.42,   694.00
700.06,   214.30,   448.23
700.27,   216.51,   573.21
700.48,   218.72,   698.19
698.81,   339.27,   446.02
699.02,   341.48,   571.00
699.23,   343.69,   695.98
697.55,   464.25,   443.81
697.76,   466.46,   568.79
697.97,   468.67,   693.77
448.61,   451.16,   208.32
448.34,   448.42,   333.29
448.07,   445.68,   458.26
447.64,   576.13,   211.05
447.37,   573.39,   336.02
447.10,   570.65,   460.99
446.67,   701.09,   213.79
446.40,   698.35,   338.76
446.13,   695.62,   463.73
573.60,   452.12,   208.61
573.33,   449.38,   333.58
573.06,   446.64,   458.55
572.64,   577.09,   211.34
572.37,   574.35,   336.31
572.10,   571.61,   461.28
571.67,   702.05,   214.08
571.40,   699.32,   339.05
571.13,   696.58,   464.02
698.60,   453.08,   208.90
698.33,   450.34,   333.87
698.06,   447.61,   458.84
697.63,   578.05,   211.63
697.36,   575.31,   336.60
697.09,   572.57,   461.57
696.67,   703.02,   214.37
696.40,   700.28,   339.34
696.13,   697.54,   464.31
449.53,   448.30,   450.25
449.69,   448.54,   575.25
449.85,   448.78,   700.25
447.85,   573.29,   450.02
448.01,   573.53,   575.02
448.17,   573.77,   700.02
446.17,   698.28,   449.78
446.33,   698.52,   574.78
446.49,   698.75,   699.78
574.52,   449.98,   450.09
574.68,   450.22,   575.09
574.83,   450.46,   700.09
572.84,   574.97,   449.86
573.00,   575.21,   574.86
573.15,   575.45,   699.86
571.16,   699.96,   449.62
571.32,   700.20,   574.62
571.47,   700.43,   699.62
699.51,   451.66,   449.93
699.66,   451.90,   574.93
699.82,   452.14,   699.93
697.83,   576.65,   449.70
697.98,   576.89,   574.69
698.14,   577.12,   699.69
696.15,   701.64,   449.46
696.30,   701.88,   574.46
696.46,   702.11,   699.46
