27, 8, pa1-debug-b
203.38,   191.28,   205.90
407.00,   402.16,   194.89
209.08,   211.96,   208.36
211.63,   212.52,   333.34
214.18,   213.08,   458.31
211.00,   336.95,   207.77
213.55,   337.50,   332.74
216.10,   338.06,   457.71
212.91,   461.93,   207.17
215.46,   462.49,   332.14
218.01,   463.05,   457.11
334.04,   210.04,   205.82
336.59,   210.59,   330.79
339.14,   211.15,   455.77
335.96,   335.02,   205.22
338.50,   335.58,   330.20
341.05,   336.14,   455.17
337.87,   460.00,   204.63
340.42,   460.56,   329.60
342.97,   461.12,   454.57
459.00,   208.11,   203.28
461.55,   208.67,   328.25
464.10,   209.22,   453.23
460.91,   333.09,   202.68
463.46,   333.65,   327.66
466.01,   334.21,   452.63
462.83,   458.08,   202.09
465.38,   458.63,   327.06
467.93,   459.19,   452.03
208.84,   208.18,   451.89
212.04,   211.09,   576.82
215.24,   214.01,   701.74
209.03,   333.15,   448.97
212.23,   336.06,   573.89
215.43,   338.97,   698.82
209.21,   458.11,   446.05
212.41,   461.03,   570.97
215.61,   463.94,   695.90
333.80,   207.92,   448.70
337.00,   210.83,   573.62
340.20,   213.75,   698.55
333.98,   332.89,   445.77
337.19,   335.80,   570.70
340.39,   338.71,   695.63
334.17,   457.85,   442.85
337.37,   460.77,   567.78
340.57,   463.68,   692.70
458.76,   207.66,   445.50
461.96,   210.57,   570.43
465.16,   213.49,   695.35
458.94,   332.63,   442.58
462.14,   335.54,   567.51
465.34,   338.45,   692.43
459.13,   457.59,   439.66
462.33,   460.51,   564.58
465.53,   463.42,   689.51
209.39,   449.05,   211.31
211.87,   452.51,   336.24
214.35,   455.97,   461.17
208.03,   574.00,   207.88
210.51,   577.46,   332.81
212.99,   580.92,   457.73
206.67,   698.95,   204.45
209.15,   702.40,   329.38
211.63,   705.86,   454.30
334.36,   450.35,   208.80
336.84,   453.80,   333.72
339.32,   457.26,   458.65
333.00,   575.29,   205.36
335.48,   578.75,   330.29
337.96,   582.21,   455.22
331.64,   700.24,   201.93
334.12,   703.70,   326.86
336.59,   707.15,   451.79
459.33,   451.64,   206.28
461.81,   455.10,   331.21
464.28,   458.55,   456.14
457.97,   576.58,   202.85
460.45,   580.04,   327.78
462.92,   583.50,   452.71
456.61,   701.53,   199.42
459.08,   704.99,   324.35
461.56,   708.45,   449.27
210.37,   451.77,   448.15
206.62,   454.00,   573.07
202.88,   456.23,   698.00
210.02,   576.75,   445.91
206.27,   578.98,   570.83
202.53,   581.21,   695.75
209.67,   701.73,   443.66
205.92,   703.96,   568.59
202.17,   706.19,   693.51
335.32,   452.19,   451.89
331.57,   454.42,   576.81
327.82,   456.65,   701.74
334.96,   577.17,   449.65
331.22,   579.40,   574.57
327.47,   581.63,   699.49
334.61,   702.15,   447.40
330.86,   704.38,   572.33
327.12,   706.61,   697.25
460.26,   452.61,   455.63
456.51,   454.84,   580.55
452.76,   457.07,   705.48
459.91,   577.58,   453.39
456.16,   579.82,   578.31
452.41,   582.05,   703.23
459.56,   702.56,   451.14
455.81,   704.80,   576.07
452.06,   707.03,   700.99
450.50,   208.03,   211.44
452.95,   205.39,   336.39
455.40,   202.74,   461.34
449.18,   333.00,   214.12
451.62,   330.35,   339.06
454.07,   327.70,   464.01
447.85,   457.96,   216.79
450.30,   455.31,   341.74
452.74,   452.67,   466.69
575.47,   209.41,   209.03
577.92,   206.76,   333.97
580.37,   204.12,   458.92
574.14,   334.38,   211.70
576.59,   331.73,   336.65
579.04,   329.08,   461.59
572.82,   459.34,   214.37
575.27,   456.69,   339.32
577.71,   454.05,   464.27
700.44,   210.79,   206.61
702.89,   208.14,   331.55
705.34,   205.50,   456.50
699.11,   335.75,   209.28
701.56,   333.11,   334.23
704.01,   330.46,   459.18
697.79,   460.72,   211.95
700.23,   458.07,   336.90
702.68,   455.43,   461.85
451.17,   208.76,   450.51
448.57,   210.52,   575.47
445.98,   212.27,   700.43
453.36,   333.73,   448.79
450.76,   335.49,   573.76
448.17,   337.24,   698.72
455.55,   458.70,   447.08
452.96,   460.45,   572.04
450.36,   462.21,   697.01
576.12,   206.60,   453.13
573.53,   208.36,   578.09
570.93,   210.12,   703.05
578.31,   331.57,   451.42
575.72,   333.33,   576.38
573.12,   335.09,   701.34
580.51,   456.54,   449.71
577.91,   458.30,   574.67
575.31,   460.05,   699.63
701.07,   204.45,   455.76
698.48,   206.20,   580.72
695.88,   207.96,   705.68
703.27,   329.42,   454.05
700.67,   331.17,   579.01
698.08,   332.93,   703.97
705.46,   454.39,   452.34
702.86,   456.14,   577.30
700.27,   457.90,   702.26
451.91,   450.28,   209.22
454.38,   447.11,   334.16
456.85,   443.93,   459.09
448.80,   575.20,   212.46
451.27,   572.03,   337.39
453.74,   568.85,   462.33
445.69,   700.12,   215.69
448.16,   696.94,   340.63
450.63,   693.77,   465.56
576.85,   453.45,   206.83
579.32,   450.28,   331.77
581.79,   447.10,   456.70
573.74,   578.37,   210.06
576.21,   575.20,   335.00
578.68,   572.02,   459.94
570.63,   703.29,   213.30
573.10,   700.12,   338.23
575.57,   696.94,   463.17
701.78,   456.62,   204.44
704.25,   453.45,   329.37
706.73,   450.28,   454.31
698.67,   581.54,   207.67
701.14,   578.37,   332.61
703.62,   575.20,   457.54
695.56,   706.46,   210.91
698.03,   703.29,   335.84
700.51,   700.12,   460.78
449.35,   450.71,   450.46
450.19,   448.84,   575.45
451.03,   446.97,   700.43
450.42,   575.69,   452.32
451.26,   573.82,   577.31
452.10,   571.95,   702.29
451.50,   700.67,   454.19
452.34,   698.80,   579.17
453.18,   696.93,   704.15
574.34,   449.65,   449.61
575.18,   447.78,   574.59
576.02,   445.91,   699.57
575.42,   574.63,   451.47
576.25,   572.76,   576.45
577.09,   570.89,   701.44
576.49,   699.61,   453.33
577.33,   697.74,   578.32
578.17,   695.87,   703.30
699.33,   448.59,   448.75
700.17,   446.72,   573.73
701.01,   444.85,   698.72
700.41,   573.57,   450.61
701.25,   571.70,   575.60
702.09,   569.83,   700.58
701.48,   698.55,   452.48
702.32,   696.68,   577.46
703.16,   694.81,   702.44
