27, 8, pa1-debug-g
202.87,   194.88,   201.55
395.13,   388.86,   203.23
210.39,   210.20,   211.21
209.88,   207.49,   336.18
209.38,   204.78,   461.15
207.90,   335.14,   213.91
207.39,   332.43,   338.88
206.89,   329.73,   463.85
205.41,   460.09,   216.61
204.91,   457.38,   341.58
204.40,   454.67,   466.55
335.36,   212.67,   211.77
334.86,   209.97,   336.74
334.35,   207.26,   461.71
332.87,   337.62,   214.47
332.37,   334.91,   339.44
331.86,   332.20,   464.41
330.39,   462.57,   217.17
329.88,   459.86,   342.14
329.37,   457.15,   467.11
460.34,   215.15,   212.33
459.83,   212.44,   337.30
459.32,   209.73,   462.27
457.85,   340.10,   215.03
457.34,   337.39,   340.00
456.84,   334.68,   464.97
455.36,   465.04,   217.73
454.85,   462.33,   342.70
454.35,   459.63,   467.67
209.63,   210.42,   449.50
212.94,   209.06,   574.45
216.26,   207.70,   699.40
213.15,   335.37,   450.78
216.47,   334.00,   575.72
219.78,   332.64,   700.67
216.67,   460.31,   452.05
219.99,   458.95,   576.99
223.30,   457.58,   701.94
334.53,   206.94,   446.15
337.85,   205.57,   571.10
341.17,   204.21,   696.05
338.06,   331.88,   447.42
341.37,   330.52,   572.37
344.69,   329.15,   697.32
341.58,   456.83,   448.69
344.89,   455.46,   573.64
348.21,   454.10,   698.59
459.44,   203.45,   442.80
462.76,   202.09,   567.75
466.07,   200.72,   692.70
462.96,   328.39,   444.07
466.28,   327.03,   569.02
469.59,   325.67,   693.97
466.48,   453.34,   445.34
469.80,   451.97,   570.29
473.12,   450.61,   695.24
209.38,   449.68,   209.06
210.32,   449.55,   334.06
211.27,   449.41,   459.06
205.78,   574.63,   209.23
206.73,   574.50,   334.22
207.67,   574.36,   459.22
202.19,   699.58,   209.39
203.14,   699.44,   334.39
204.08,   699.31,   459.38
334.32,   453.28,   208.12
335.27,   453.14,   333.12
336.21,   453.00,   458.12
330.73,   578.23,   208.29
331.67,   578.09,   333.28
332.62,   577.95,   458.28
327.14,   703.17,   208.45
328.08,   703.04,   333.45
329.03,   702.90,   458.44
459.27,   456.87,   207.18
460.21,   456.73,   332.18
461.16,   456.60,   457.18
455.67,   581.82,   207.35
456.62,   581.68,   332.34
457.56,   581.55,   457.34
452.08,   706.77,   207.51
453.03,   706.63,   332.51
453.97,   706.49,   457.50
208.56,   449.19,   450.66
206.77,   449.62,   575.64
204.97,   450.04,   700.63
207.53,   574.19,   450.22
205.73,   574.61,   575.21
203.94,   575.03,   700.19
206.49,   699.18,   449.78
204.70,   699.61,   574.77
202.91,   700.03,   699.75
333.54,   450.23,   452.45
331.75,   450.65,   577.43
329.96,   451.08,   702.42
332.51,   575.23,   452.01
330.72,   575.65,   577.00
328.92,   576.07,   701.98
331.48,   700.22,   451.57
329.68,   700.64,   576.56
327.89,   701.07,   701.54
458.53,   451.27,   454.24
456.73,   451.69,   579.23
454.94,   452.12,   704.21
457.49,   576.26,   453.80
455.70,   576.69,   578.79
453.91,   577.11,   703.77
456.46,   701.26,   453.36
454.67,   701.68,   578.35
452.87,   702.11,   703.33
449.43,   211.55,   210.80
448.76,   211.27,   335.79
448.09,   211.00,   460.79
446.03,   336.50,   211.06
445.36,   336.23,   336.05
444.68,   335.95,   461.05
442.63,   461.46,   211.31
441.95,   461.18,   336.31
441.28,   460.90,   461.31
574.39,   214.95,   211.48
573.71,   214.68,   336.48
573.04,   214.40,   461.47
570.98,   339.91,   211.74
570.31,   339.63,   336.73
569.64,   339.35,   461.73
567.58,   464.86,   212.00
566.91,   464.58,   336.99
566.23,   464.31,   461.99
699.34,   218.35,   212.16
698.66,   218.08,   337.16
697.99,   217.80,   462.15
695.93,   343.31,   212.42
695.26,   343.03,   337.42
694.59,   342.75,   462.41
692.53,   468.26,   212.68
691.86,   467.98,   337.67
691.18,   467.71,   462.67
451.28,   211.12,   448.97
448.16,   208.92,   573.91
445.04,   206.73,   698.85
451.99,   336.10,   451.18
448.87,   333.90,   576.13
445.75,   331.71,   701.07
452.70,   461.08,   453.40
449.58,   458.88,   578.34
446.47,   456.69,   703.28
576.24,   210.35,   452.07
573.12,   208.16,   577.02
570.00,   205.96,   701.96
576.95,   335.33,   454.29
573.83,   333.14,   579.23
570.71,   330.94,   704.17
577.66,   460.31,   456.50
574.54,   458.11,   581.44
571.43,   455.92,   706.39
701.20,   209.59,   455.18
698.08,   207.39,   580.12
694.96,   205.20,   705.06
701.91,   334.56,   457.39
698.79,   332.37,   582.34
695.67,   330.17,   707.28
702.62,   459.54,   459.61
699.50,   457.35,   584.55
696.38,   455.15,   709.49
451.44,   450.15,   210.77
453.81,   450.29,   335.75
456.17,   450.44,   460.73
452.33,   575.15,   210.61
454.69,   575.29,   335.59
457.06,   575.43,   460.57
453.22,   700.14,   210.45
455.58,   700.29,   335.43
457.95,   700.43,   460.41
576.41,   449.26,   208.41
578.78,   449.40,   333.38
581.15,   449.55,   458.36
577.30,   574.25,   208.25
579.67,   574.40,   333.22
582.04,   574.54,   458.20
578.19,   699.25,   208.08
580.56,   699.39,   333.06
582.93,   699.54,   458.04
701.39,   448.37,   206.04
703.75,   448.51,   331.02
706.12,   448.65,   456.00
702.28,   573.36,   205.88
704.64,   573.51,   330.86
707.01,   573.65,   455.83
703.17,   698.36,   205.72
705.53,   698.50,   330.70
707.90,   698.65,   455.67
449.82,   451.10,   450.20
448.75,   454.38,   575.15
447.68,   457.67,   700.11
448.37,   576.05,   446.91
447.30,   579.33,   571.86
446.23,   582.61,   696.81
446.93,   701.00,   443.61
445.86,   704.28,   568.57
444.79,   707.56,   693.52
574.81,   452.58,   451.24
573.73,   455.86,   576.19
572.66,   459.14,   701.14
573.36,   577.52,   447.94
572.29,   580.80,   572.89
571.22,   584.09,   697.85
571.91,   702.47,   444.65
570.84,   705.75,   569.60
569.77,   709.03,   694.55
699.79,   454.05,   452.27
698.72,   457.33,   577.22
697.65,   460.61,   702.17
698.35,   579.00,   448.97
697.28,   582.28,   573.93
696.20,   585.56,   698.88
696.90,   703.94,   445.68
695.83,   707.23,   570.63
694.76,   710.51,   695.59
