27, 8, pa1-debug-f
203.06,   199.77,   210.46
387.53,   391.50,   203.90
210.22,   210.68,   209.59
212.37,   209.50,   334.57
214.52,   208.32,   459.54
212.19,   335.66,   210.74
214.34,   334.48,   335.72
216.49,   333.30,   460.69
214.16,   460.64,   211.89
216.31,   459.46,   336.86
218.46,   458.28,   461.84
335.19,   208.73,   207.42
337.33,   207.55,   332.40
339.48,   206.37,   457.37
337.16,   333.71,   208.57
339.30,   332.53,   333.55
341.45,   331.35,   458.52
339.13,   458.69,   209.72
341.27,   457.51,   334.70
343.42,   456.33,   459.67
460.15,   206.78,   205.26
462.30,   205.60,   330.23
464.45,   204.42,   455.21
462.12,   331.76,   206.40
464.27,   330.58,   331.38
466.42,   329.40,   456.36
464.09,   456.74,   207.55
466.24,   455.56,   332.53
468.39,   454.38,   457.51
211.59,   208.31,   448.13
208.25,   206.62,   573.08
204.90,   204.92,   698.02
213.17,   333.29,   449.87
209.82,   331.59,   574.82
206.48,   329.90,   699.76
214.74,   458.27,   451.61
211.40,   456.57,   576.56
208.06,   454.87,   701.50
336.54,   206.69,   451.45
333.19,   204.99,   576.40
329.85,   203.30,   701.34
338.11,   331.67,   453.20
334.77,   329.97,   578.14
331.43,   328.27,   703.08
339.69,   456.65,   454.94
336.34,   454.95,   579.88
333.00,   453.25,   704.82
461.48,   205.07,   454.78
458.14,   203.37,   579.72
454.80,   201.67,   704.66
463.06,   330.05,   456.52
459.71,   328.35,   581.46
456.37,   326.65,   706.40
464.63,   455.03,   458.26
461.29,   453.33,   583.20
457.95,   451.63,   708.15
210.77,   451.34,   208.52
210.80,   451.00,   333.52
210.83,   450.66,   458.51
214.04,   576.29,   208.86
214.07,   575.95,   333.85
214.10,   575.61,   458.85
217.32,   701.25,   209.19
217.35,   700.91,   334.19
217.38,   700.57,   459.19
335.73,   448.06,   208.48
335.76,   447.72,   333.48
335.78,   447.38,   458.48
339.00,   573.02,   208.82
339.03,   572.68,   333.82
339.06,   572.34,   458.82
342.28,   697.98,   209.16
342.30,   697.64,   334.16
342.33,   697.30,   459.16
460.68,   444.79,   208.44
460.71,   444.45,   333.44
460.74,   444.11,   458.44
463.96,   569.75,   208.78
463.99,   569.40,   333.78
464.02,   569.06,   458.78
467.23,   694.70,   209.12
467.26,   694.36,   334.12
467.29,   694.02,   459.12
208.00,   450.60,   451.14
206.62,   451.67,   576.13
205.25,   452.74,   701.11
210.38,   575.57,   450.10
209.00,   576.64,   575.08
207.63,   577.71,   700.07
212.76,   700.55,   449.05
211.38,   701.62,   574.04
210.01,   702.68,   699.03
332.97,   448.23,   452.53
331.59,   449.30,   577.52
330.22,   450.37,   702.51
335.35,   573.21,   451.49
333.97,   574.27,   576.48
332.60,   575.34,   701.47
337.73,   698.18,   450.45
336.35,   699.25,   575.44
334.98,   700.31,   700.43
457.94,   445.86,   453.93
456.56,   446.93,   578.92
455.19,   448.00,   703.91
460.32,   570.84,   452.89
458.94,   571.90,   577.88
457.57,   572.97,   702.86
462.70,   695.81,   451.85
461.32,   696.88,   576.83
459.95,   697.95,   701.82
449.83,   208.88,   211.08
451.25,   208.79,   336.08
452.68,   208.69,   461.07
452.86,   333.84,   211.14
454.28,   333.75,   336.13
455.71,   333.66,   461.13
455.89,   458.81,   211.20
457.32,   458.71,   336.19
458.74,   458.62,   461.19
574.78,   205.85,   209.66
576.21,   205.75,   334.65
577.63,   205.66,   459.64
577.82,   330.81,   209.72
579.24,   330.72,   334.71
580.66,   330.62,   459.70
580.85,   455.77,   209.78
582.27,   455.68,   334.77
583.70,   455.59,   459.76
699.74,   202.82,   208.23
701.16,   202.72,   333.22
702.59,   202.63,   458.22
702.77,   327.78,   208.29
704.19,   327.69,   333.28
705.62,   327.59,   458.27
705.80,   452.74,   208.35
707.23,   452.65,   333.34
708.65,   452.56,   458.33
449.20,   209.04,   448.72
445.85,   208.22,   573.67
442.51,   207.39,   698.63
452.38,   334.00,   449.63
449.03,   333.17,   574.58
445.69,   332.35,   699.53
455.55,   458.95,   450.54
452.21,   458.13,   575.49
448.87,   457.31,   700.44
574.11,   205.84,   452.04
570.77,   205.02,   576.99
567.43,   204.19,   701.95
577.29,   330.80,   452.95
573.95,   329.97,   577.90
570.60,   329.15,   702.86
580.47,   455.75,   453.86
577.13,   454.93,   578.81
573.78,   454.11,   703.76
699.03,   202.64,   455.36
695.68,   201.81,   580.32
692.34,   200.99,   705.27
702.21,   327.59,   456.27
698.86,   326.77,   581.22
695.52,   325.95,   706.18
705.38,   452.55,   457.18
702.04,   451.73,   582.13
698.70,   450.90,   707.09
448.64,   451.43,   211.99
450.65,   451.42,   336.98
452.66,   451.40,   461.96
449.85,   576.43,   211.99
451.86,   576.41,   336.97
453.87,   576.39,   461.96
451.06,   701.42,   211.99
453.07,   701.40,   336.97
455.09,   701.39,   461.96
573.62,   450.22,   209.98
575.63,   450.20,   334.96
577.64,   450.19,   459.95
574.83,   575.22,   209.98
576.84,   575.20,   334.96
578.85,   575.18,   459.95
576.04,   700.21,   209.98
578.05,   700.19,   334.96
580.06,   700.18,   459.94
698.59,   449.01,   207.97
700.61,   448.99,   332.95
702.62,   448.98,   457.93
699.80,   574.01,   207.96
701.82,   573.99,   332.95
703.83,   573.97,   457.93
701.01,   699.00,   207.96
703.03,   698.98,   332.95
705.04,   698.97,   457.93
450.14,   449.80,   448.10
447.55,   451.00,   573.06
444.96,   452.21,   698.03
452.96,   574.76,   446.95
450.37,   575.97,   571.92
447.77,   577.17,   696.89
455.77,   699.72,   445.80
453.18,   700.93,   570.77
450.59,   702.13,   695.74
575.09,   447.01,   450.72
572.49,   448.21,   575.68
569.90,   449.42,   700.65
577.90,   571.97,   449.57
575.31,   573.18,   574.54
572.72,   574.38,   699.50
580.71,   696.94,   448.42
578.12,   698.14,   573.39
575.53,   699.35,   698.36
700.03,   444.22,   453.33
697.44,   445.43,   578.30
694.84,   446.63,   703.27
702.84,   569.18,   452.19
700.25,   570.39,   577.15
697.66,   571.59,   702.12
705.65,   694.15,   451.04
703.06,   695.35,   576.01
700.47,   696.56,   700.98
