27, 8, pa1-debug-d
207.34,   204.09,   191.46
398.54,   405.28,   192.80
209.02,   209.18,   209.56
209.59,   205.60,   334.51
210.17,   202.01,   459.45
211.93,   334.10,   213.13
212.50,   330.51,   338.08
213.07,   326.93,   463.02
214.83,   459.01,   216.70
215.41,   455.43,   341.65
215.98,   451.84,   466.60
333.99,   206.29,   208.90
334.56,   202.71,   333.85
335.13,   199.12,   458.80
336.89,   331.21,   212.47
337.46,   327.62,   337.42
338.04,   324.04,   462.37
339.80,   456.12,   216.05
340.37,   452.54,   340.99
340.94,   448.95,   465.94
458.95,   203.41,   208.25
459.52,   199.82,   333.19
460.10,   196.23,   458.14
461.86,   328.32,   211.82
462.43,   324.74,   336.77
463.00,   321.15,   461.71
464.76,   453.24,   215.39
465.34,   449.65,   340.34
465.91,   446.07,   465.28
209.97,   208.22,   448.74
211.16,   206.95,   573.73
212.36,   205.67,   698.72
207.19,   333.19,   450.04
208.39,   331.91,   575.03
209.58,   330.63,   700.02
204.42,   458.15,   451.35
205.61,   456.87,   576.34
206.81,   455.59,   701.32
334.93,   211.01,   447.57
336.13,   209.73,   572.56
337.32,   208.45,   697.55
332.16,   335.97,   448.88
333.35,   334.70,   573.87
334.55,   333.42,   698.85
329.38,   460.94,   450.18
330.58,   459.66,   575.17
331.77,   458.38,   700.16
459.90,   213.80,   446.41
461.09,   212.52,   571.40
462.29,   211.24,   696.38
457.12,   338.76,   447.71
458.32,   337.48,   572.70
459.51,   336.20,   697.69
454.35,   463.72,   449.02
455.54,   462.44,   574.00
456.74,   461.17,   698.99
211.97,   448.42,   211.33
211.54,   449.50,   336.32
211.11,   450.58,   461.32
209.02,   573.38,   210.24
208.59,   574.46,   335.23
208.16,   575.54,   460.23
206.07,   698.34,   209.15
205.64,   699.42,   334.14
205.22,   700.50,   459.13
336.93,   451.37,   211.73
336.50,   452.45,   336.72
336.07,   453.53,   461.72
333.98,   576.33,   210.64
333.56,   577.41,   335.63
333.13,   578.49,   460.63
331.04,   701.29,   209.55
330.61,   702.37,   334.54
330.18,   703.45,   459.54
461.90,   454.32,   212.13
461.47,   455.40,   337.13
461.04,   456.48,   462.12
458.95,   579.28,   211.04
458.52,   580.36,   336.04
458.09,   581.44,   461.03
456.00,   704.24,   209.95
455.57,   705.32,   334.94
455.15,   706.40,   459.94
210.63,   450.18,   451.04
210.70,   452.30,   576.03
210.77,   454.41,   701.01
209.38,   575.16,   448.93
209.45,   577.27,   573.91
209.52,   579.39,   698.89
208.13,   700.13,   446.81
208.20,   702.25,   571.80
208.27,   704.36,   696.78
335.63,   451.43,   450.95
335.69,   453.55,   575.94
335.76,   455.66,   700.92
334.38,   576.41,   448.84
334.44,   578.52,   573.82
334.51,   580.64,   698.80
333.12,   701.38,   446.73
333.19,   703.50,   571.71
333.26,   705.61,   696.69
460.62,   452.68,   450.87
460.69,   454.80,   575.85
460.76,   456.91,   700.83
459.37,   577.66,   448.75
459.44,   579.77,   573.73
459.51,   581.89,   698.72
458.12,   702.63,   446.64
458.19,   704.75,   571.62
458.25,   706.86,   696.60
451.86,   210.82,   208.08
453.20,   209.78,   333.06
454.55,   208.74,   458.05
451.89,   335.81,   209.12
453.23,   334.77,   334.10
454.58,   333.73,   459.09
451.92,   460.81,   210.15
453.26,   459.77,   335.14
454.61,   458.73,   460.13
576.85,   210.80,   206.73
578.20,   209.76,   331.72
579.54,   208.72,   456.71
576.88,   335.79,   207.77
578.23,   334.75,   332.76
579.57,   333.72,   457.75
576.91,   460.79,   208.81
578.25,   459.75,   333.80
579.60,   458.71,   458.79
701.85,   210.78,   205.39
703.19,   209.74,   330.38
704.53,   208.70,   455.36
701.87,   335.78,   206.43
703.22,   334.74,   331.41
704.56,   333.70,   456.40
701.90,   460.77,   207.47
703.25,   459.73,   332.45
704.59,   458.69,   457.44
450.53,   208.57,   450.50
450.29,   211.55,   575.47
450.06,   214.53,   700.43
448.28,   333.52,   447.52
448.05,   336.49,   572.49
447.82,   339.47,   697.45
446.04,   458.46,   444.54
445.81,   461.44,   569.51
445.58,   464.41,   694.47
575.51,   210.82,   450.68
575.27,   213.80,   575.65
575.04,   216.77,   700.61
573.26,   335.76,   447.70
573.03,   338.74,   572.66
572.80,   341.72,   697.63
571.02,   460.71,   444.72
570.79,   463.69,   569.68
570.56,   466.66,   694.65
700.49,   213.07,   450.86
700.25,   216.05,   575.82
700.02,   219.02,   700.79
698.24,   338.01,   447.88
698.01,   340.99,   572.84
697.78,   343.97,   697.81
696.00,   462.96,   444.90
695.77,   465.93,   569.86
695.54,   468.91,   694.83
450.25,   449.24,   208.65
453.86,   452.21,   333.56
457.47,   455.18,   458.47
447.34,   574.17,   205.76
450.95,   577.14,   330.67
454.56,   580.11,   455.59
444.44,   699.10,   202.88
448.05,   702.07,   327.79
451.66,   705.04,   452.70
575.16,   452.06,   204.97
578.77,   455.03,   329.88
582.38,   458.00,   454.80
572.26,   576.99,   202.09
575.87,   579.96,   327.00
579.48,   582.93,   451.91
569.35,   701.92,   199.20
572.96,   704.89,   324.11
576.57,   707.86,   449.03
700.08,   454.88,   201.29
703.69,   457.85,   326.21
707.30,   460.82,   451.12
697.17,   579.81,   198.41
700.78,   582.78,   323.32
704.39,   585.75,   448.23
694.27,   704.74,   195.52
697.88,   707.71,   320.44
701.49,   710.68,   445.35
448.25,   449.67,   450.04
451.07,   449.88,   575.01
453.90,   450.09,   699.98
448.81,   574.66,   449.81
451.63,   574.88,   574.78
454.45,   575.09,   699.75
449.37,   699.66,   449.59
452.19,   699.88,   574.56
455.01,   700.09,   699.52
573.22,   449.10,   447.22
576.04,   449.31,   572.19
578.86,   449.53,   697.16
573.78,   574.10,   446.99
576.60,   574.31,   571.96
579.42,   574.53,   696.93
574.34,   699.10,   446.77
577.16,   699.31,   571.74
579.98,   699.53,   696.70
698.19,   448.54,   444.40
701.01,   448.75,   569.37
703.83,   448.96,   694.34
698.75,   573.54,   444.17
701.57,   573.75,   569.14
704.39,   573.96,   694.11
699.31,   698.53,   443.95
702.13,   698.75,   568.92
704.95,   698.96,   693.88
