15 PA3-A-output-1.txt
      5.76    19.75    -3.02         5.76    19.75    -3.02     0.002
     17.91    25.33   -18.84        17.91    25.32   -18.84     0.004
    -39.30   -22.33   -30.75       -39.30   -22.33   -30.75     0.004
     -9.83   -13.44    -1.22        -9.83   -13.44    -1.22     0.000
    -24.99   -28.76   -38.54       -24.99   -28.76   -38.54     0.004
    -41.37   -14.71   -29.90       -41.37   -14.71   -29.90     0.002
     33.83    16.25     7.01        33.83    16.25     7.01     0.004
     -2.49    -7.41    29.48        -2.49    -7.42    29.48     0.005
     26.65    23.30   -10.09        26.65    23.29   -10.09     0.005
      3.48     8.81   -14.50         3.48     8.82   -14.50     0.002
    -22.85   -12.86   -48.79       -22.85   -12.86   -48.79     0.000
     23.77    -6.19    13.77        23.77    -6.19    13.77     0.001
     -6.25    10.37     2.06        -6.25    10.37     2.06     0.001
    -39.01   -17.63   -14.57       -39.01   -17.63   -14.57     0.001
    -24.84   -11.01    -6.09       -24.84   -11.01    -6.09     0.001
