15 PA3-B-output.txt
     11.16    19.13   -26.09        11.24    19.11   -26.08     0.085
    -29.93   -33.23   -31.16       -28.97   -30.95   -30.73     2.516
     -8.33     2.92    31.07        -7.64     3.03    30.92     0.717
      1.16    11.02    -8.30         1.18    10.95    -8.27     0.083
    -31.62    -5.26   -12.85       -32.46    -3.97    -9.86     3.365
    -24.44    -0.75   -14.42       -25.33     0.98   -12.44     2.780
    -16.62    15.47    17.48       -14.83    16.06    18.88     2.351
     12.63    22.05    16.64        12.70    24.55    16.99     2.529
     30.57     4.13   -29.96        29.80     3.90   -28.74     1.462
     17.56    24.28   -10.29        17.57    25.92   -10.54     1.660
    -22.81     3.89   -44.38       -22.83     3.48   -43.79     0.720
    -16.49   -33.90   -28.16       -16.72   -32.37   -28.04     1.555
     27.77    17.55   -24.54        27.67    17.47   -24.45     0.159
     31.59    -2.09    11.52        32.61    -3.00    12.41     1.632
     27.25     5.82   -32.89        27.03     6.16   -30.05     2.868
