20 PA3-G-output-1.txt
    -13.66    12.38    30.03       -13.96    11.96    30.24     0.558
     16.01    24.41     8.54        16.55    26.04     9.01     1.776
      9.75    15.57   -10.16         9.92    15.53    -9.94     0.279
      5.92   -14.03     6.06         6.05   -12.46     5.68     1.618
    -37.35   -18.29   -37.66       -38.29   -18.79   -38.16     1.174
     26.83   -16.38   -13.85        25.17   -14.24   -13.95     2.706
     -0.13    -7.31   -32.53        -1.54    -7.61   -31.76     1.631
     -9.88     5.21     7.94       -11.58     6.10     7.81     1.919
      2.95    -7.89    43.96         3.01    -6.89    43.93     1.008
    -13.06    -1.00   -46.16       -13.19    -1.20   -45.85     0.394
    -13.94     8.50   -24.67       -12.67    10.56   -25.04     2.450
     40.30     8.74     0.03        39.48     8.52     0.02     0.851
     24.53    -6.03    19.93        23.90    -4.83    19.60     1.397
      8.63    10.53    61.70         8.70    10.54    63.21     1.507
     16.39    10.53   -18.99        15.46    10.36   -19.17     0.969
     17.70    17.00   -32.40        17.73    16.40   -31.08     1.445
      1.42   -12.95   -34.58        -0.22   -12.94   -33.90     1.773
     -9.33    -5.34    11.30        -9.83    -5.64    11.50     0.616
      2.15    -3.80    62.05         2.18    -3.74    63.43     1.382
     -0.16     7.90    -9.51        -0.37     9.96   -10.01     2.133
