20 PA3-J-output.txt
     21.48    -0.93    49.73        20.60    -0.49    49.59     0.995
     25.36     6.04    25.74        27.53     5.83    26.43     2.289
      8.03    10.09   -11.71         7.98    10.55   -12.00     0.554
    -18.63    -7.60     0.56       -17.11    -7.31    -0.36     1.806
    -42.52   -18.55   -38.61       -39.02   -17.68   -37.90     3.670
    -26.51     8.90   -26.41       -27.52    11.23   -26.33     2.545
    -14.46    -0.13     9.75       -13.19     0.05     9.24     1.374
     36.76    -1.19   -14.13        36.81    -1.23   -14.15     0.069
     25.93     7.36    25.89        27.43     7.54    26.30     1.562
     21.40    17.34    23.27        23.43    18.90    23.90     2.647
     -2.02   -12.96    17.43        -1.98   -10.12    16.85     2.900
      9.76    21.31    -8.28         9.40    21.63    -8.47     0.521
    -28.98   -32.80   -16.24       -27.08   -30.43   -17.64     3.353
     32.32    13.03     2.47        35.57    15.27     2.28     3.950
      2.84   -17.91   -21.86         2.54   -17.72   -21.73     0.377
     -7.95     6.12    35.80        -7.57     6.25    35.76     0.404
     -9.62    -8.59    17.34        -7.72    -6.56    16.84     2.825
      7.09    -7.80    62.62         7.05    -7.35    62.47     0.476
     -1.83    21.09    28.92        -1.38    23.61    29.50     2.627
    -43.99   -20.70   -17.65       -40.59   -19.39   -19.06     3.908
