27, 8, pa1-unknown-h-output-1.txt
185.16,   202.74,   177.69
395.79,   400.40,   190.14
210.11,   211.73,   209.20
210.45,   208.21,   334.15
210.80,   204.69,   459.10
209.14,   336.68,   212.73
209.48,   333.16,   337.68
209.82,   329.64,   462.63
208.16,   461.62,   216.25
208.51,   458.10,   341.20
208.85,   454.58,   466.15
335.10,   212.71,   208.89
335.45,   209.19,   333.84
335.79,   205.67,   458.79
334.13,   337.66,   212.41
334.48,   334.14,   337.36
334.82,   330.62,   462.31
333.16,   462.60,   215.93
333.50,   459.08,   340.88
333.85,   455.56,   465.83
460.10,   213.69,   208.57
460.44,   210.17,   333.52
460.79,   206.65,   458.47
459.13,   338.64,   212.09
459.47,   335.12,   337.04
459.81,   331.60,   461.99
458.16,   463.59,   215.62
458.50,   460.07,   340.57
458.84,   456.55,   465.52
210.75,   209.11,   450.57
210.19,   208.79,   575.57
209.63,   208.47,   700.56
209.53,   334.11,   450.88
208.97,   333.78,   575.88
208.41,   333.46,   700.88
208.31,   459.10,   451.20
207.75,   458.78,   576.20
207.20,   458.46,   701.20
335.74,   210.33,   451.13
335.18,   210.01,   576.13
334.62,   209.68,   701.13
334.52,   335.32,   451.45
333.97,   335.00,   576.44
333.41,   334.68,   701.44
333.31,   460.31,   451.76
332.75,   459.99,   576.76
332.19,   459.67,   701.76
460.73,   211.54,   451.69
460.18,   211.22,   576.69
459.62,   210.90,   701.69
459.52,   336.54,   452.01
458.96,   336.22,   577.01
458.40,   335.89,   702.00
458.30,   461.53,   452.32
457.74,   461.21,   577.32
457.18,   460.89,   702.32
211.57,   450.66,   208.48
214.31,   450.82,   333.45
217.05,   450.99,   458.42
208.05,   575.61,   208.39
210.79,   575.78,   333.36
213.53,   575.94,   458.33
204.53,   700.56,   208.30
207.27,   700.73,   333.27
210.02,   700.89,   458.24
336.49,   454.18,   205.73
339.23,   454.34,   330.70
341.97,   454.51,   455.67
332.97,   579.13,   205.64
335.71,   579.29,   330.61
338.45,   579.46,   455.58
329.45,   704.08,   205.56
332.19,   704.24,   330.52
334.94,   704.41,   455.49
461.41,   457.69,   202.99
464.15,   457.86,   327.96
466.89,   458.02,   452.92
457.89,   582.64,   202.90
460.63,   582.81,   327.87
463.37,   582.97,   452.84
454.37,   707.59,   202.81
457.11,   707.76,   327.78
459.86,   707.92,   452.75
209.88,   451.00,   448.34
207.34,   451.98,   573.31
204.79,   452.95,   698.28
209.24,   575.99,   447.35
206.69,   576.97,   572.32
204.15,   577.94,   697.29
208.59,   700.99,   446.36
206.04,   701.96,   571.34
203.50,   702.94,   696.31
334.85,   451.67,   450.88
332.31,   452.64,   575.85
329.77,   453.62,   700.82
334.21,   576.66,   449.89
331.66,   577.64,   574.86
329.12,   578.61,   699.83
333.56,   701.66,   448.90
331.02,   702.63,   573.87
328.47,   703.61,   698.84
459.83,   452.33,   453.42
457.28,   453.31,   578.39
454.74,   454.28,   703.36
459.18,   577.33,   452.43
456.64,   578.30,   577.40
454.09,   579.28,   702.37
458.53,   702.32,   451.44
455.99,   703.30,   576.41
453.44,   704.27,   701.38
451.48,   210.30,   208.60
453.85,   207.53,   333.55
456.22,   204.76,   458.49
452.00,   335.27,   211.36
454.37,   332.50,   336.31
456.74,   329.73,   461.25
452.52,   460.24,   214.12
454.89,   457.47,   339.07
457.26,   454.70,   464.02
576.45,   209.84,   206.22
578.82,   207.07,   331.17
581.19,   204.30,   456.11
576.98,   334.80,   208.98
579.35,   332.03,   333.93
581.72,   329.26,   458.87
577.50,   459.77,   211.74
579.87,   457.00,   336.69
582.24,   454.23,   461.63
701.43,   209.37,   203.84
703.80,   206.60,   328.78
706.17,   203.83,   453.73
701.95,   334.33,   206.60
704.32,   331.56,   331.54
706.69,   328.79,   456.49
702.47,   459.30,   209.36
704.84,   456.53,   334.31
707.21,   453.76,   459.25
451.63,   208.24,   450.12
447.95,   206.58,   575.05
444.27,   204.92,   699.99
449.39,   333.21,   451.72
445.70,   331.55,   576.65
442.02,   329.88,   701.59
447.14,   458.18,   453.32
443.45,   456.52,   578.25
439.77,   454.85,   703.19
576.56,   210.44,   453.83
572.88,   208.78,   578.76
569.20,   207.12,   703.70
574.31,   335.41,   455.43
570.63,   333.75,   580.36
566.95,   332.09,   705.30
572.06,   460.38,   457.03
568.38,   458.72,   581.96
564.70,   457.06,   706.90
701.49,   212.65,   457.54
697.80,   210.98,   582.48
694.12,   209.32,   707.41
699.24,   337.62,   459.14
695.55,   335.95,   584.07
691.87,   334.29,   709.01
696.99,   462.59,   460.74
693.31,   460.92,   585.67
689.62,   459.26,   710.61
450.91,   451.92,   210.23
451.54,   451.26,   335.23
452.16,   450.60,   460.23
449.36,   576.91,   210.90
449.99,   576.25,   335.90
450.62,   575.59,   460.89
447.82,   701.90,   211.57
448.44,   701.24,   336.56
449.07,   700.58,   461.56
575.90,   453.47,   209.61
576.53,   452.81,   334.61
577.15,   452.15,   459.61
574.35,   578.46,   210.28
574.98,   577.80,   335.28
575.61,   577.14,   460.27
572.81,   703.45,   210.95
573.43,   702.79,   335.94
574.06,   702.13,   460.94
700.89,   455.02,   209.00
701.51,   454.36,   333.99
702.14,   453.70,   458.99
699.34,   580.01,   209.66
699.97,   579.35,   334.66
700.60,   578.69,   459.66
697.79,   705.00,   210.33
698.42,   704.34,   335.33
699.05,   703.68,   460.32
450.01,   449.49,   451.45
446.76,   448.86,   576.41
443.51,   448.23,   701.36
450.58,   574.48,   452.09
447.33,   573.85,   577.05
444.09,   573.23,   702.00
451.16,   699.48,   452.74
447.91,   698.85,   577.69
444.66,   698.22,   702.65
574.96,   448.89,   454.69
571.71,   448.26,   579.65
568.47,   447.64,   704.61
575.54,   573.89,   455.34
572.29,   573.26,   580.29
569.04,   572.63,   705.25
576.12,   698.89,   455.98
572.87,   698.26,   580.94
569.62,   697.63,   705.89
699.92,   448.30,   457.94
696.67,   447.67,   582.90
693.42,   447.04,   707.85
700.50,   573.30,   458.58
697.25,   572.67,   583.54
694.00,   572.04,   708.50
701.07,   698.29,   459.23
697.82,   697.67,   584.18
694.58,   697.04,   709.14
