27, 8, pa1-debug-c-output-1.txt
199.30,   202.39,   199.99
406.85,   402.15,   195.48
209.12,   210.11,   208.42
210.35,   212.06,   333.40
211.58,   214.01,   458.38
210.56,   335.09,   206.46
211.79,   337.04,   331.44
213.02,   338.98,   456.41
212.00,   460.06,   204.49
213.23,   462.01,   329.47
214.46,   463.96,   454.45
334.11,   208.65,   207.21
335.34,   210.60,   332.19
336.56,   212.55,   457.17
335.55,   333.63,   205.25
336.77,   335.58,   330.23
338.00,   337.53,   455.21
336.99,   458.60,   203.29
338.21,   460.55,   328.27
339.44,   462.50,   453.24
459.09,   207.19,   206.01
460.32,   209.14,   330.99
461.55,   211.09,   455.96
460.53,   332.17,   204.04
461.76,   334.12,   329.02
462.99,   336.07,   454.00
461.97,   457.14,   202.08
463.20,   459.09,   327.06
464.43,   461.04,   452.04
208.57,   211.12,   449.70
211.04,   210.44,   574.67
213.50,   209.76,   699.65
208.71,   336.12,   450.38
211.17,   335.44,   575.35
213.64,   334.76,   700.33
208.85,   461.11,   451.06
211.31,   460.43,   576.03
213.78,   459.75,   701.00
333.54,   210.99,   447.23
336.01,   210.31,   572.21
338.48,   209.63,   697.18
333.68,   335.99,   447.91
336.15,   335.31,   572.88
338.62,   334.63,   697.86
333.82,   460.99,   448.59
336.29,   460.31,   573.56
338.76,   459.63,   698.54
458.52,   210.87,   444.77
460.99,   210.19,   569.74
463.45,   209.51,   694.71
458.66,   335.86,   445.44
461.13,   335.18,   570.42
463.59,   334.50,   695.39
458.80,   460.86,   446.12
461.26,   460.18,   571.10
463.73,   459.50,   696.07
211.69,   450.98,   209.65
212.06,   452.36,   334.64
212.42,   453.75,   459.64
213.03,   575.96,   208.26
213.40,   577.35,   333.26
213.76,   578.73,   458.25
214.37,   700.95,   206.87
214.74,   702.33,   331.87
215.10,   703.72,   456.86
336.69,   449.63,   209.30
337.05,   451.02,   334.30
337.41,   452.40,   459.29
338.03,   574.62,   207.91
338.39,   576.00,   332.91
338.75,   577.39,   457.90
339.36,   699.61,   206.53
339.73,   700.99,   331.52
340.09,   702.38,   456.51
461.68,   448.29,   208.95
462.04,   449.68,   333.95
462.40,   451.06,   458.94
463.02,   573.28,   207.57
463.38,   574.66,   332.56
463.74,   576.05,   457.55
464.36,   698.26,   206.18
464.72,   699.65,   331.17
465.08,   701.03,   456.16
211.79,   449.55,   448.11
210.19,   447.04,   573.07
208.58,   444.52,   698.04
208.44,   574.48,   450.58
206.83,   571.97,   575.54
205.23,   569.45,   700.51
205.08,   699.41,   453.05
203.48,   696.90,   578.01
201.87,   694.38,   702.98
336.74,   452.87,   449.78
335.13,   450.36,   574.75
333.53,   447.85,   699.71
333.38,   577.80,   452.25
331.78,   575.29,   577.21
330.17,   572.78,   702.18
330.02,   702.74,   454.72
328.42,   700.22,   579.68
326.82,   697.71,   704.65
461.68,   456.20,   451.45
460.08,   453.68,   576.42
458.47,   451.17,   701.38
458.32,   581.13,   453.92
456.72,   578.61,   578.89
455.12,   576.10,   703.85
454.97,   706.06,   456.39
453.36,   703.55,   581.36
451.76,   701.03,   706.32
449.53,   209.85,   210.58
448.52,   210.97,   335.57
447.51,   212.09,   460.56
449.07,   334.84,   209.45
448.06,   335.96,   334.45
447.05,   337.09,   459.44
448.61,   459.83,   208.33
447.60,   460.96,   333.32
446.59,   462.08,   458.31
574.53,   210.31,   211.59
573.51,   211.44,   336.58
572.50,   212.56,   461.57
574.07,   335.31,   210.46
573.05,   336.43,   335.45
572.04,   337.55,   460.44
573.61,   460.30,   209.33
572.60,   461.43,   334.32
571.58,   462.55,   459.32
699.52,   210.78,   212.59
698.51,   211.91,   337.58
697.50,   213.03,   462.58
699.06,   335.78,   211.47
698.05,   336.90,   336.46
697.04,   338.02,   461.45
698.60,   460.77,   210.34
697.59,   461.89,   335.33
696.58,   463.02,   460.32
448.68,   210.08,   451.08
449.12,   213.08,   576.04
449.55,   216.08,   701.00
448.74,   335.04,   448.08
449.17,   338.04,   573.04
449.61,   341.04,   698.01
448.79,   460.01,   445.08
449.22,   463.01,   570.04
449.66,   466.01,   695.01
573.68,   210.02,   450.64
574.12,   213.01,   575.61
574.55,   216.01,   700.57
573.73,   334.98,   447.65
574.17,   337.98,   572.61
574.61,   340.98,   697.57
573.79,   459.94,   444.65
574.22,   462.94,   569.61
574.66,   465.94,   694.57
698.68,   209.95,   450.21
699.12,   212.95,   575.17
699.55,   215.95,   700.14
698.73,   334.92,   447.21
699.17,   337.91,   572.18
699.60,   340.91,   697.14
698.79,   459.88,   444.21
699.22,   462.88,   569.18
699.66,   465.88,   694.14
450.29,   450.50,   211.27
448.69,   448.70,   336.25
447.09,   446.89,   461.22
448.49,   575.48,   213.05
446.89,   573.67,   338.03
445.29,   571.86,   463.01
446.69,   700.45,   214.84
445.09,   698.64,   339.81
443.49,   696.84,   464.79
575.27,   452.28,   212.89
573.67,   450.47,   337.87
572.07,   448.67,   462.85
573.47,   577.25,   214.68
571.87,   575.45,   339.65
570.27,   573.64,   464.63
571.66,   702.23,   216.46
570.07,   700.42,   341.44
568.47,   698.61,   466.41
700.24,   454.06,   214.52
698.64,   452.25,   339.49
697.05,   450.44,   464.47
698.44,   579.03,   216.30
696.84,   577.22,   341.28
695.25,   575.42,   466.25
696.64,   704.01,   218.08
695.04,   702.20,   343.06
693.45,   700.39,   468.04
450.71,   448.30,   451.27
450.94,   447.83,   576.27
451.18,   447.36,   701.27
452.93,   573.28,   451.74
453.16,   572.81,   576.74
453.40,   572.34,   701.73
455.15,   698.26,   452.20
455.39,   697.79,   577.20
455.62,   697.32,   702.20
575.69,   446.08,   451.03
575.92,   445.61,   576.03
576.16,   445.14,   701.03
577.91,   571.06,   451.49
578.14,   570.59,   576.49
578.38,   570.12,   701.49
580.13,   696.04,   451.96
580.37,   695.57,   576.96
580.60,   695.10,   701.96
700.67,   443.86,   450.79
700.90,   443.39,   575.78
701.14,   442.92,   700.78
702.89,   568.84,   451.25
703.13,   568.37,   576.25
703.36,   567.90,   701.25
705.11,   693.82,   451.72
705.35,   693.35,   576.71
705.58,   692.88,   701.71
