27, 8, pa1-unknown-i-output-1.txt
192.24,   194.30,   198.20
381.97,   401.75,   190.64
212.00,   211.25,   211.33
212.58,   212.85,   336.32
213.16,   214.45,   461.30
212.17,   336.24,   209.72
212.75,   337.84,   334.71
213.33,   339.44,   459.70
212.34,   461.23,   208.12
212.93,   462.83,   333.11
213.51,   464.43,   458.10
337.00,   211.07,   210.75
337.58,   212.67,   335.74
338.16,   214.27,   460.72
337.17,   336.06,   209.15
337.75,   337.66,   334.13
338.33,   339.26,   459.12
337.34,   461.05,   207.54
337.92,   462.65,   332.53
338.51,   464.25,   457.52
461.99,   210.89,   210.17
462.58,   212.49,   335.16
463.16,   214.09,   460.15
462.17,   335.88,   208.57
462.75,   337.48,   333.55
463.33,   339.08,   458.54
462.34,   460.87,   206.96
462.92,   462.47,   331.95
463.50,   464.07,   456.94
209.28,   208.38,   450.26
206.11,   209.43,   575.22
202.95,   210.49,   700.17
212.75,   333.33,   449.29
209.59,   334.38,   574.25
206.42,   335.44,   699.21
216.23,   458.28,   448.33
213.06,   459.33,   573.28
209.89,   460.39,   698.24
334.20,   204.93,   453.46
331.03,   205.99,   578.41
327.86,   207.04,   703.37
337.67,   329.88,   452.49
334.50,   330.94,   577.45
331.33,   331.99,   702.40
341.14,   454.83,   451.53
337.97,   455.89,   576.48
334.80,   456.94,   701.44
459.11,   201.49,   456.66
455.94,   202.54,   581.61
452.77,   203.60,   706.57
462.58,   326.44,   455.69
459.41,   327.49,   580.64
456.24,   328.55,   705.60
466.05,   451.39,   454.72
462.88,   452.44,   579.68
459.71,   453.49,   704.63
208.92,   450.00,   210.40
210.07,   450.10,   335.40
211.22,   450.19,   460.39
210.69,   574.99,   210.29
211.84,   575.08,   335.29
212.99,   575.18,   460.28
212.45,   699.98,   210.19
213.60,   700.07,   335.18
214.75,   700.16,   460.18
333.90,   448.24,   209.25
335.05,   448.33,   334.25
336.20,   448.42,   459.24
335.67,   573.23,   209.15
336.82,   573.32,   334.14
337.97,   573.41,   459.14
337.43,   698.21,   209.04
338.58,   698.31,   334.03
339.73,   698.40,   459.03
458.89,   446.47,   208.11
460.04,   446.57,   333.10
461.18,   446.66,   458.10
460.65,   571.46,   208.00
461.80,   571.55,   332.99
462.95,   571.65,   457.99
462.42,   696.45,   207.89
463.57,   696.54,   332.88
464.71,   696.63,   457.88
209.39,   450.97,   448.34
207.61,   451.66,   573.32
205.83,   452.34,   698.31
210.65,   575.96,   447.67
208.87,   576.65,   572.66
207.09,   577.33,   697.64
211.92,   700.96,   447.01
210.14,   701.64,   571.99
208.35,   702.32,   696.98
334.37,   449.72,   450.13
332.59,   450.40,   575.11
330.81,   451.09,   700.10
335.64,   574.71,   449.46
333.85,   575.39,   574.45
332.07,   576.08,   699.43
336.90,   699.70,   448.80
335.12,   700.39,   573.78
333.34,   701.07,   698.77
459.35,   448.46,   451.92
457.57,   449.15,   576.90
455.79,   449.83,   701.89
460.62,   573.46,   451.25
458.83,   574.14,   576.24
457.05,   574.82,   701.22
461.88,   698.45,   450.58
460.10,   699.13,   575.57
458.32,   699.82,   700.56
448.41,   209.56,   210.34
450.77,   207.54,   335.30
453.12,   205.52,   460.27
445.18,   334.50,   212.42
447.54,   332.48,   337.38
449.89,   330.46,   462.34
441.95,   459.44,   214.50
444.31,   457.42,   339.46
446.66,   455.40,   464.42
573.35,   212.83,   208.04
575.70,   210.81,   333.00
578.06,   208.79,   457.96
570.12,   337.77,   210.12
572.47,   335.75,   335.08
574.83,   333.73,   460.04
566.89,   462.71,   212.20
569.24,   460.69,   337.16
571.60,   458.67,   462.12
698.28,   216.10,   205.74
700.64,   214.08,   330.70
703.00,   212.06,   455.66
695.05,   341.04,   207.82
697.41,   339.02,   332.78
699.76,   337.00,   457.74
691.82,   465.98,   209.89
694.18,   463.96,   334.85
696.53,   461.94,   459.82
450.22,   211.20,   448.47
452.38,   214.71,   573.40
454.55,   218.22,   698.33
450.67,   336.15,   444.95
452.84,   339.66,   569.88
455.00,   343.17,   694.81
451.12,   461.09,   441.43
453.29,   464.61,   566.36
455.45,   468.12,   691.29
575.20,   210.68,   446.32
577.36,   214.20,   571.25
579.53,   217.71,   696.18
575.65,   335.63,   442.80
577.82,   339.15,   567.73
579.98,   342.66,   692.66
576.11,   460.58,   439.28
578.27,   464.09,   564.21
580.43,   467.61,   689.14
700.18,   210.17,   444.17
702.34,   213.68,   569.10
704.51,   217.20,   694.03
700.63,   335.12,   440.65
702.80,   338.63,   565.58
704.96,   342.15,   690.51
701.09,   460.07,   437.13
703.25,   463.58,   562.06
705.41,   467.09,   686.99
450.57,   449.30,   211.03
452.21,   451.79,   336.00
453.85,   454.27,   460.96
449.54,   574.27,   208.56
451.18,   576.76,   333.52
452.82,   579.25,   458.49
448.52,   699.24,   206.09
450.16,   701.73,   331.05
451.80,   704.22,   456.01
575.56,   450.30,   209.37
577.19,   452.78,   334.34
578.83,   455.27,   459.30
574.53,   575.27,   206.90
576.17,   577.75,   331.86
577.81,   580.24,   456.83
573.50,   700.24,   204.43
575.14,   702.72,   329.39
576.78,   705.21,   454.36
700.54,   451.29,   207.71
702.18,   453.77,   332.68
703.82,   456.26,   457.64
699.51,   576.26,   205.24
701.15,   578.75,   330.21
702.79,   581.23,   455.17
698.49,   701.23,   202.77
700.13,   703.72,   327.73
701.77,   706.20,   452.70
448.55,   448.27,   450.18
449.80,   444.82,   575.12
451.05,   441.37,   700.07
445.55,   573.19,   453.65
446.80,   569.74,   578.60
448.05,   566.29,   703.55
442.54,   698.10,   457.13
443.79,   694.65,   582.08
445.04,   691.21,   707.02
573.51,   451.31,   449.01
574.76,   447.86,   573.96
576.01,   444.41,   698.90
570.50,   576.22,   452.49
571.75,   572.77,   577.43
573.00,   569.33,   702.38
567.50,   701.14,   455.97
568.75,   697.69,   580.91
570.00,   694.24,   705.86
698.46,   454.34,   447.84
699.71,   450.89,   572.79
700.96,   447.45,   697.74
695.46,   579.26,   451.32
696.71,   575.81,   576.27
697.96,   572.36,   701.21
692.46,   704.17,   454.80
693.71,   700.73,   579.74
694.96,   697.28,   704.69
