27, 8, pa1-debug-e-output-1.txt
210.14,   197.71,   192.56
398.58,   403.72,   187.86
210.54,   211.96,   208.53
210.34,   211.41,   333.53
210.15,   210.87,   458.53
207.78,   336.92,   209.07
207.59,   336.38,   334.07
207.39,   335.84,   459.07
205.03,   461.89,   209.61
204.83,   461.35,   334.61
204.64,   460.81,   459.61
335.51,   214.71,   208.74
335.31,   214.17,   333.74
335.12,   213.62,   458.73
332.75,   339.68,   209.28
332.56,   339.14,   334.27
332.36,   338.59,   459.27
330.00,   464.65,   209.82
329.80,   464.10,   334.81
329.61,   463.56,   459.81
460.48,   217.46,   208.94
460.28,   216.92,   333.94
460.09,   216.38,   458.94
457.72,   342.43,   209.48
457.53,   341.89,   334.48
457.33,   341.35,   459.48
454.97,   467.40,   210.02
454.77,   466.86,   335.02
454.58,   466.31,   460.02
211.46,   209.75,   449.41
213.88,   210.05,   574.39
216.29,   210.35,   699.36
210.08,   334.74,   449.13
212.49,   335.04,   574.11
214.91,   335.34,   699.09
208.70,   459.73,   448.86
211.11,   460.03,   573.83
213.52,   460.34,   698.81
336.43,   211.13,   446.99
338.85,   211.43,   571.97
341.26,   211.73,   696.95
335.05,   336.12,   446.72
337.46,   336.42,   571.69
339.88,   336.72,   696.67
333.66,   461.11,   446.44
336.08,   461.41,   571.42
338.49,   461.71,   696.39
461.40,   212.51,   444.58
463.82,   212.81,   569.55
466.23,   213.11,   694.53
460.02,   337.50,   444.30
462.43,   337.80,   569.28
464.84,   338.10,   694.25
458.63,   462.49,   444.03
461.05,   462.79,   569.00
463.46,   463.09,   693.98
210.72,   450.90,   211.63
207.32,   450.95,   336.59
203.91,   450.99,   461.54
207.81,   575.87,   211.51
204.41,   575.91,   336.46
201.01,   575.96,   461.42
204.91,   700.84,   211.39
201.51,   700.88,   336.34
198.10,   700.92,   461.30
335.64,   453.81,   215.04
332.24,   453.86,   339.99
328.83,   453.90,   464.94
332.73,   578.78,   214.91
329.33,   578.82,   339.87
325.93,   578.87,   464.82
329.83,   703.74,   214.79
326.43,   703.79,   339.74
323.02,   703.83,   464.70
460.56,   456.72,   218.44
457.16,   456.76,   343.39
453.75,   456.81,   468.34
457.65,   581.69,   218.31
454.25,   581.73,   343.27
450.85,   581.77,   468.22
454.75,   706.65,   218.19
451.35,   706.70,   343.14
447.94,   706.74,   468.10
209.41,   448.32,   449.81
210.82,   451.82,   574.75
212.23,   455.33,   699.70
211.96,   573.25,   446.28
213.37,   576.75,   571.22
214.79,   580.25,   696.17
214.51,   698.17,   442.75
215.92,   701.67,   567.69
217.34,   705.17,   692.64
334.37,   445.73,   448.47
335.79,   449.23,   573.41
337.20,   452.74,   698.36
336.92,   570.66,   444.94
338.34,   574.16,   569.88
339.75,   577.66,   694.83
339.47,   695.58,   441.41
340.89,   699.08,   566.35
342.30,   702.58,   691.30
459.34,   443.14,   447.13
460.75,   446.64,   572.07
462.17,   450.15,   697.01
461.89,   568.07,   443.60
463.30,   571.57,   568.54
464.72,   575.07,   693.48
464.44,   692.99,   440.07
465.86,   696.49,   565.01
467.27,   699.99,   689.95
451.71,   211.57,   210.21
453.42,   214.69,   335.16
455.12,   217.81,   460.11
449.41,   336.51,   207.12
451.12,   339.63,   332.07
452.82,   342.75,   457.02
447.11,   461.46,   204.03
448.82,   464.57,   328.98
450.52,   467.69,   453.93
576.68,   213.83,   208.45
578.38,   216.95,   333.40
580.09,   220.07,   458.34
574.38,   338.77,   205.36
576.08,   341.89,   330.31
577.79,   345.01,   455.26
572.08,   463.71,   202.27
573.78,   466.83,   327.22
575.49,   469.95,   452.17
701.65,   216.09,   206.68
703.35,   219.21,   331.63
705.06,   222.33,   456.58
699.35,   341.03,   203.60
701.05,   344.15,   328.55
702.76,   347.27,   453.50
697.05,   465.97,   200.51
698.75,   469.09,   325.46
700.45,   472.21,   450.41
451.60,   211.97,   448.17
452.99,   214.24,   573.14
454.38,   216.51,   698.11
453.74,   336.93,   445.87
455.13,   339.20,   570.84
456.52,   341.47,   695.82
455.88,   461.89,   443.58
457.27,   464.16,   568.55
458.66,   466.43,   693.52
576.57,   209.81,   446.81
577.96,   212.07,   571.78
579.36,   214.34,   696.75
578.71,   334.77,   444.52
580.10,   337.03,   569.49
581.50,   339.30,   694.46
580.85,   459.73,   442.23
582.24,   462.00,   567.20
583.64,   464.26,   692.17
701.54,   207.64,   445.46
702.94,   209.91,   570.43
704.33,   212.18,   695.40
703.68,   332.60,   443.16
705.08,   334.87,   568.14
706.47,   337.14,   693.11
705.82,   457.56,   440.87
707.22,   459.83,   565.84
708.61,   462.10,   690.81
451.75,   448.50,   208.23
450.77,   450.57,   333.20
449.78,   452.64,   458.18
454.37,   573.46,   206.18
453.39,   575.53,   331.16
452.40,   577.60,   456.14
456.99,   698.42,   204.13
456.01,   700.48,   329.11
455.02,   702.55,   454.09
576.72,   445.90,   209.25
575.74,   447.97,   334.23
574.75,   450.04,   459.21
579.34,   570.86,   207.21
578.36,   572.92,   332.19
577.37,   574.99,   457.17
581.96,   695.81,   205.16
580.98,   697.88,   330.14
579.99,   699.95,   455.12
701.69,   443.30,   210.28
700.70,   445.36,   335.26
699.72,   447.43,   460.24
704.31,   568.25,   208.24
703.32,   570.32,   333.22
702.34,   572.39,   458.20
706.93,   693.21,   206.19
705.95,   695.27,   331.17
704.96,   697.34,   456.15
449.11,   450.71,   450.25
448.88,   452.61,   575.24
448.65,   454.50,   700.22
446.68,   575.67,   448.35
446.45,   577.57,   573.33
446.22,   579.46,   698.32
444.24,   700.63,   446.45
444.01,   702.53,   571.43
443.78,   704.43,   696.42
574.09,   453.15,   450.44
573.86,   455.04,   575.43
573.63,   456.94,   700.42
571.65,   578.11,   448.54
571.42,   580.01,   573.53
571.19,   581.90,   698.51
569.22,   703.07,   446.64
568.99,   704.97,   571.63
568.76,   706.87,   696.61
699.07,   455.59,   450.64
698.83,   457.48,   575.62
698.60,   459.38,   700.61
696.63,   580.55,   448.74
696.40,   582.45,   573.72
696.17,   584.34,   698.71
694.19,   705.51,   446.83
693.96,   707.41,   571.82
693.73,   709.30,   696.81
