27, 8, pa1-debug-a-output-1.txt
200.03,   199.52,   195.07
403.50,   405.27,   208.63
208.54,   208.11,   208.77
206.49,   211.65,   333.71
204.44,   215.19,   458.64
204.98,   333.01,   205.18
202.93,   336.55,   330.11
200.88,   340.09,   455.04
201.43,   457.91,   201.58
199.38,   461.45,   326.52
197.33,   464.99,   451.45
333.47,   211.73,   210.72
331.42,   215.26,   335.66
329.37,   218.80,   460.59
329.92,   336.62,   207.13
327.87,   340.16,   332.06
325.81,   343.70,   456.99
326.36,   461.52,   203.53
324.31,   465.06,   328.46
322.26,   468.60,   453.40
458.40,   215.34,   212.67
456.35,   218.88,   337.60
454.30,   222.41,   462.54
454.85,   340.23,   209.08
452.80,   343.77,   334.01
450.75,   347.31,   458.94
451.29,   465.13,   205.48
449.24,   468.67,   330.41
447.19,   472.21,   455.35
210.04,   211.82,   450.88
208.47,   208.55,   575.83
206.89,   205.28,   700.78
207.49,   336.75,   454.12
205.91,   333.48,   579.07
204.34,   330.21,   704.01
204.94,   461.68,   457.36
203.36,   458.41,   582.30
201.79,   455.14,   707.25
335.01,   214.33,   452.52
333.43,   211.06,   577.47
331.85,   207.79,   702.42
332.45,   339.26,   455.76
330.88,   335.99,   580.71
329.30,   332.72,   705.66
329.90,   464.19,   459.00
328.33,   460.92,   583.95
326.75,   457.65,   708.89
459.97,   216.84,   454.17
458.39,   213.57,   579.11
456.82,   210.30,   704.06
457.42,   341.77,   457.40
455.84,   338.50,   582.35
454.27,   335.23,   707.30
454.87,   466.70,   460.64
453.29,   463.43,   585.59
451.72,   460.16,   710.53
208.31,   448.16,   209.60
209.70,   445.18,   334.55
211.09,   442.20,   459.51
211.98,   573.07,   212.54
213.37,   570.09,   337.49
214.76,   567.11,   462.45
215.65,   697.98,   215.48
217.04,   695.00,   340.43
218.44,   692.02,   465.39
333.24,   444.52,   208.12
334.64,   441.54,   333.08
336.03,   438.56,   458.03
336.92,   569.43,   211.06
338.31,   566.45,   336.01
339.70,   563.47,   460.97
340.59,   694.34,   214.00
341.98,   691.36,   338.95
343.38,   688.38,   463.91
458.18,   440.88,   206.64
459.58,   437.90,   331.60
460.97,   434.92,   456.55
461.86,   565.79,   209.58
463.25,   562.81,   334.54
464.64,   559.83,   459.49
465.53,   690.71,   212.52
466.92,   687.72,   337.48
468.31,   684.74,   462.43
211.62,   450.15,   451.76
210.18,   448.84,   576.75
208.73,   447.53,   701.73
210.53,   575.14,   453.06
209.09,   573.83,   578.04
207.64,   572.52,   703.03
209.44,   700.13,   454.36
207.99,   698.82,   579.34
206.55,   697.51,   704.33
336.61,   451.23,   453.22
335.17,   449.92,   578.20
333.72,   448.61,   703.19
335.52,   576.22,   454.52
334.07,   574.91,   579.50
332.63,   573.60,   704.48
334.42,   701.21,   455.81
332.98,   699.90,   580.80
331.53,   698.59,   705.78
461.60,   452.31,   454.67
460.15,   451.00,   579.66
458.71,   449.69,   704.64
460.50,   577.30,   455.97
459.06,   575.99,   580.96
457.62,   574.67,   705.94
459.41,   702.29,   457.27
457.97,   700.98,   582.25
456.52,   699.66,   707.24
450.08,   211.95,   211.79
452.54,   208.72,   336.72
455.00,   205.48,   461.66
450.74,   336.91,   215.01
453.20,   333.67,   339.95
455.66,   330.44,   464.88
451.40,   461.86,   218.23
453.86,   458.63,   343.17
456.32,   455.40,   468.10
575.06,   211.36,   209.32
577.51,   208.12,   334.25
579.97,   204.89,   459.18
575.72,   336.31,   212.54
578.17,   333.08,   337.47
580.63,   329.85,   462.41
576.37,   461.27,   215.76
578.83,   458.04,   340.69
581.29,   454.80,   465.63
700.03,   210.76,   206.84
702.49,   207.53,   331.78
704.95,   204.29,   456.71
700.69,   335.72,   210.06
703.15,   332.48,   335.00
705.61,   329.25,   459.93
701.35,   460.67,   213.28
703.81,   457.44,   338.22
706.27,   454.21,   463.15
450.56,   210.72,   449.70
447.44,   212.75,   574.64
444.32,   214.79,   699.59
449.27,   335.70,   447.64
446.15,   337.73,   572.58
443.03,   339.76,   697.52
447.98,   460.67,   445.57
444.86,   462.71,   570.51
441.73,   464.74,   695.46
575.52,   212.06,   452.80
572.39,   214.10,   577.75
569.27,   216.13,   702.69
574.22,   337.04,   450.74
571.10,   339.07,   575.68
567.98,   341.10,   700.62
572.93,   462.02,   448.67
569.81,   464.05,   573.61
566.69,   466.08,   698.56
700.47,   213.41,   455.90
697.35,   215.44,   580.85
694.23,   217.47,   705.79
699.18,   338.38,   453.84
696.06,   340.42,   578.78
692.93,   342.45,   703.72
697.89,   463.36,   451.77
694.76,   465.39,   576.72
691.64,   467.42,   701.66
451.05,   449.64,   211.12
451.87,   449.74,   336.11
452.68,   449.84,   461.11
454.32,   574.59,   210.99
455.14,   574.70,   335.99
455.95,   574.80,   460.99
457.59,   699.55,   210.87
458.41,   699.65,   335.87
459.22,   699.76,   460.86
576.00,   446.37,   210.30
576.82,   446.47,   335.30
577.64,   446.57,   460.30
579.27,   571.32,   210.18
580.09,   571.42,   335.18
580.91,   571.53,   460.17
582.55,   696.28,   210.06
583.36,   696.38,   335.05
584.18,   696.48,   460.05
700.96,   443.09,   209.49
701.77,   443.20,   334.49
702.59,   443.30,   459.48
704.23,   568.05,   209.37
705.05,   568.15,   334.36
705.86,   568.26,   459.36
707.50,   693.01,   209.24
708.32,   693.11,   334.24
709.13,   693.21,   459.24
448.60,   450.30,   450.23
447.99,   452.69,   575.20
447.37,   455.07,   700.18
449.94,   575.27,   447.85
449.33,   577.66,   572.83
448.72,   580.04,   697.80
451.29,   700.24,   445.47
450.67,   702.63,   570.45
450.06,   705.01,   695.42
573.59,   448.97,   450.87
572.98,   451.35,   575.84
572.36,   453.74,   700.82
574.94,   573.94,   448.49
574.32,   576.33,   573.46
573.71,   578.71,   698.44
576.28,   698.91,   446.11
575.66,   701.30,   571.09
575.05,   703.68,   696.06
698.58,   447.64,   451.51
697.97,   450.02,   576.48
697.36,   452.41,   701.46
699.93,   572.61,   449.13
699.31,   574.99,   574.10
698.70,   577.38,   699.08
701.27,   697.58,   446.75
700.66,   699.96,   571.73
700.04,   702.35,   696.70
