27, 8, pa1-debug-e-output1.txt
  210.14,   197.71,   192.56
  404.50,   404.51,   191.26
  211.69,   213.63,   207.91
  210.97,   211.63,   333.41
  210.57,   210.08,   458.68
  209.45,   338.26,   208.33
  208.05,   336.87,   334.41
  206.71,   335.34,   460.39
  206.65,   462.35,   209.09
  204.99,   461.70,   334.88
  203.26,   460.68,   460.99
  334.64,   213.88,   208.82
  334.49,   213.69,   333.83
  334.83,   213.71,   458.80
  332.87,   339.48,   208.73
  332.00,   339.15,   334.32
  331.35,   338.67,   459.84
  330.46,   464.89,   209.37
  329.57,   464.32,   334.94
  328.48,   463.45,   460.59
  459.10,   215.51,   209.32
  459.04,   216.20,   333.77
  459.39,   216.89,   458.96
  457.06,   341.42,   209.15
  457.05,   341.61,   333.93
  456.82,   341.48,   459.02
  454.64,   467.75,   209.70
  455.02,   467.03,   334.74
  454.64,   466.18,   459.60
  211.87,   208.99,   449.55
  215.05,   209.62,   574.19
  218.61,   211.13,   698.43
  209.45,   334.31,   450.41
  211.89,   334.55,   575.24
  215.15,   335.31,   698.81
  207.41,   459.65,   450.18
  209.03,   459.66,   575.67
  211.84,   460.10,   699.83
  336.10,   211.18,   447.04
  339.07,   211.76,   572.07
  341.53,   211.85,   696.79
  334.09,   336.22,   447.22
  336.36,   336.15,   572.21
  338.86,   335.78,   696.50
  332.66,   461.04,   447.14
  334.38,   461.07,   572.02
  336.62,   461.32,   696.37
  460.64,   212.93,   444.55
  463.51,   213.66,   569.98
  465.55,   212.91,   694.95
  459.53,   337.63,   443.80
  461.66,   337.66,   569.14
  463.54,   337.19,   694.52
  458.78,   462.40,   443.59
  460.49,   462.45,   568.36
  461.98,   462.57,   693.48
  212.33,   451.45,   211.09
  207.45,   451.33,   336.91
  202.53,   450.85,   462.99
  208.79,   575.49,   211.25
  204.51,   575.51,   336.09
  200.13,   575.71,   461.53
  205.25,   700.23,   211.16
  202.03,   699.47,   334.91
  198.63,   699.98,   459.19
  336.06,   454.04,   214.56
  331.95,   454.08,   340.13
  327.63,   453.80,   465.75
  332.24,   578.70,   215.30
  329.32,   578.62,   340.10
  325.63,   578.43,   465.25
  327.66,   703.05,   216.38
  326.59,   702.85,   339.84
  324.30,   703.50,   463.90
  460.29,   456.99,   218.09
  457.39,   456.90,   343.06
  453.72,   456.68,   467.89
  456.73,   582.24,   218.86
  454.51,   581.86,   343.72
  451.36,   581.52,   468.67
  452.23,   706.54,   220.07
  450.87,   706.80,   344.40
  448.82,   706.85,   469.61
  208.11,   448.23,   451.19
  208.78,   451.45,   576.59
  210.60,   455.10,   700.67
  211.18,   572.98,   446.40
  211.65,   576.47,   572.09
  212.89,   580.35,   697.44
  215.17,   697.19,   440.75
  216.27,   701.57,   566.29
  216.98,   706.02,   692.98
  333.30,   445.71,   449.16
  334.07,   448.89,   574.01
  335.35,   452.26,   698.30
  336.73,   570.28,   445.35
  337.28,   573.97,   570.54
  337.82,   578.56,   695.71
  340.64,   695.19,   440.95
  341.41,   699.43,   566.91
  341.16,   704.25,   693.76
  459.38,   443.09,   446.61
  460.09,   446.28,   571.43
  460.64,   449.51,   696.58
  462.43,   567.87,   443.90
  463.34,   571.60,   568.81
  463.44,   576.01,   693.60
  465.06,   693.09,   441.51
  466.51,   696.92,   567.63
  466.53,   701.90,   692.93
  450.26,   209.61,   210.62
  452.15,   213.99,   335.02
  454.43,   218.34,   460.13
  448.70,   335.43,   206.80
  450.58,   339.35,   331.54
  452.29,   342.90,   456.57
  446.76,   461.74,   203.67
  449.01,   464.77,   328.70
  450.58,   467.59,   453.55
  577.12,   213.33,   208.34
  578.34,   216.71,   332.59
  579.88,   220.33,   458.08
  574.62,   338.41,   205.19
  576.52,   341.50,   329.42
  578.16,   344.73,   454.30
  572.25,   464.26,   201.89
  574.60,   466.81,   326.74
  576.21,   469.63,   451.53
  704.98,   218.53,   205.72
  704.95,   219.87,   330.42
  705.38,   221.67,   455.97
  701.29,   342.07,   203.44
  702.50,   344.05,   327.64
  703.71,   346.39,   452.83
  698.30,   466.26,   199.84
  699.71,   468.85,   324.92
  701.12,   472.00,   450.31
  450.85,   212.41,   448.17
  452.69,   215.07,   573.55
  453.64,   216.25,   698.50
  453.20,   337.08,   445.42
  454.31,   339.04,   570.74
  455.18,   340.50,   696.04
  456.00,   461.81,   443.16
  456.69,   463.83,   567.93
  457.17,   465.95,   693.02
  576.28,   210.07,   446.53
  578.23,   212.76,   572.30
  580.22,   214.62,   697.30
  579.05,   334.48,   443.56
  580.20,   336.87,   569.11
  581.10,   339.19,   695.12
  581.61,   459.38,   441.53
  582.36,   461.53,   566.67
  582.82,   463.78,   692.09
  701.76,   207.14,   444.81
  704.58,   210.36,   570.12
  708.39,   215.34,   695.29
  704.64,   331.70,   442.43
  705.99,   334.21,   568.17
  707.80,   338.42,   694.37
  706.60,   457.29,   440.63
  707.36,   459.39,   566.46
  708.14,   461.43,   692.09
  451.44,   448.68,   207.84
  450.94,   450.71,   332.87
  449.74,   452.53,   457.76
  453.39,   574.05,   206.66
  453.59,   575.70,   331.58
  452.93,   577.33,   456.55
  454.46,   698.35,   205.94
  455.36,   700.58,   330.42
  455.79,   702.63,   455.59
  576.98,   446.27,   208.92
  576.54,   447.82,   333.68
  575.43,   449.65,   458.45
  579.69,   571.75,   206.65
  579.07,   573.23,   332.23
  577.88,   574.88,   457.83
  582.29,   696.44,   204.41
  580.98,   698.56,   330.80
  579.85,   700.31,   457.52
  702.97,   443.56,   209.85
  701.73,   445.05,   334.69
  700.48,   447.05,   460.02
  706.07,   568.41,   206.14
  704.10,   570.45,   332.84
  702.20,   572.50,   459.26
  710.12,   693.67,   202.19
  706.90,   695.98,   330.38
  703.90,   697.75,   457.86
  449.09,   450.64,   449.83
  448.12,   452.25,   574.66
  447.05,   453.90,   699.78
  447.18,   575.43,   448.72
  446.37,   577.64,   573.69
  444.77,   580.55,   698.60
  445.03,   700.69,   447.70
  444.63,   703.02,   573.96
  442.80,   706.44,   699.59
  574.80,   452.80,   449.69
  573.87,   454.58,   574.86
  572.69,   456.45,   700.35
  572.18,   578.04,   449.18
  571.64,   579.93,   574.22
  570.68,   582.27,   698.35
  569.11,   703.47,   448.95
  569.41,   705.44,   574.57
  569.20,   708.22,   698.16
  699.82,   455.27,   450.41
  698.93,   457.00,   576.21
  698.09,   458.76,   701.81
  696.51,   580.69,   449.80
  695.83,   582.27,   574.77
  696.24,   583.86,   698.05
  693.23,   706.02,   448.50
  693.47,   707.28,   573.09
  696.26,   708.74,   695.30
